#Mars-scaled Solar Photon Irradiance from LISIRD...http://lasp.colorado.edu/lisird/whi_ref_spectra/
# using SORCE solstice and SORCE solar spectral irradiance
# interpolated to half-wavelengths by Eryn 2/18/19
#Wavelength [nm]	Spectral Irradiance [ph/cm2/s/nm]
0.5	2307973.0016238177
1.5	94233548.6740525
2.5	44818021.20186336
3.5	35937207.48044285
4.5	72254853.58298391
5.5	75383381.68597275
6.5	102096815.23805454
7.5	218716092.15937266
8.5	212341483.68005505
9.5	181560238.68625528
10.5	138155429.4109059
11.5	95988595.43093379
12.5	63193282.77184854
13.5	69122009.99233627
14.5	151953916.14465243
15.5	185047841.40713027
16.5	371717805.42874545
17.5	1921541338.1186821
18.5	1283477050.0083594
19.5	1278259099.6102467
20.5	1082171115.429814
21.5	984557407.4474075
22.5	896117465.3092479
23.5	528712958.12648237
24.5	729088966.231032
25.5	1230553962.626514
26.5	560513278.2583888
27.5	664240195.9004807
28.5	1551793945.7666614
29.5	321283187.8019483
30.5	7266871418.341909
31.5	591777331.5691487
32.5	297165537.02185184
33.5	1408716829.0123968
34.5	747482548.0533711
35.5	755429728.618615
36.5	1603511134.8568132
37.5	109107096.76900391
38.5	74587279.65993701
39.5	68776316.11912675
40.5	80895682.11921066
41.5	91769066.17859165
42.5	59472703.22373046
43.5	115212415.68337432
44.5	82652270.27175093
45.5	79758751.36410172
46.5	201595460.40758255
47.5	101289607.16164827
48.5	161251938.6135284
49.5	274549285.56963605
50.5	271794838.32244354
51.5	115023929.22837813
52.5	140644751.78293225
53.5	106702690.86593355
54.5	72259001.56432398
55.5	351835362.9711598
56.5	94982661.38481702
57.5	88641598.01329343
58.5	760828189.8323742
59.5	118571249.2176003
60.5	329971993.78487885
61.5	269355261.62461203
62.5	579127136.6587902
63.5	464660715.1101259
64.5	70853641.93347646
65.5	64074849.78244261
66.5	71182567.03274548
67.5	59619825.115252726
68.5	119593306.75000237
69.5	94200079.59590757
70.5	192504758.42738867
71.5	80151063.148177
72.5	92648727.97056018
73.5	57206215.9006482
74.5	81267701.69325677
75.5	113680827.5907676
76.5	282192236.223363
77.5	275779663.30741817
78.5	371976907.72245485
79.5	268382926.96612036
80.5	219427773.24378055
81.5	238769608.00916284
82.5	295961566.6285227
83.5	658731412.9966114
84.5	430449425.37010074
85.5	531538337.33385324
86.5	617442567.1316916
87.5	758395689.8330739
88.5	901633353.4981077
89.5	1039675239.8004788
90.5	1251764816.4330578
91.5	1139593588.609303
92.5	397865263.4580418
93.5	408899088.41720223
94.5	303625039.08804256
95.5	250767805.9535003
96.5	186600391.88141745
97.5	3056871052.437988
98.5	377770593.7838109
99.5	566833297.0363303
100.5	289255371.3406068
101.5	346322007.09484935
102.5	2965329619.028902
103.5	2657025351.8029757
104.5	478721921.53012913
105.5	398026211.4230576
106.5	426178697.21818864
107.5	489638229.96624446
108.5	800727029.4490184
109.5	543962484.8866242
110.5	642523364.5206429
111.5	612114018.753618
112.5	627305657.2449608
113.5	433078109.417379
114.5	500984213.3774969
115.5	528581951.1308761
116.5	593203185.7177172
117.5	2251734512.071388
118.5	847420515.2796074
119.5	1468252487.9568167
120.5	4835175854.073262
121.5	200289806910.65347
122.5	1876202986.416291
123.5	1232247731.4794734
124.5	909274172.3539965
125.5	784786572.494472
126.5	1159070451.3285596
127.5	574112997.4183334
128.5	452328598.6370536
129.5	554969347.2932566
130.5	4603961542.927126
131.5	726567206.7786448
132.5	596930775.4572029
133.5	6305410810.348954
134.5	557073750.8881065
135.5	1258202497.6875541
136.5	807025242.9432983
137.5	867831716.7418888
138.5	846337812.3310503
139.5	2636660689.03458
140.5	2157821687.0683584
141.5	1229784963.9904199
142.5	1311931076.6019847
143.5	1516286197.2138371
144.5	1479050353.7680254
145.5	1604282847.3801498
146.5	1986806280.893302
147.5	2428956639.5829782
148.5	2514007027.896676
149.5	2288910911.097243
150.5	2576548652.3958135
151.5	2829058275.137678
152.5	3618446159.664675
153.5	3985950976.7357855
154.5	7109633099.568755
155.5	6154673699.626964
156.5	6011147179.897597
157.5	5299856812.130847
158.5	5267178141.011497
159.5	5212753941.358626
160.5	5873856273.722485
161.5	6928888121.487296
162.5	8071967949.626149
163.5	8775403841.630875
164.5	10478685718.411892
165.5	16413825367.80448
166.5	10922527377.858501
167.5	13379659276.540573
168.5	14371775441.906881
169.5	19094694805.736813
170.5	22210133291.72571
171.5	22620946963.600437
172.5	24889339104.387447
173.5	25233622155.84577
174.5	31237305810.15482
175.5	38582676295.11976
176.5	42013197083.62092
177.5	51442432682.03084
178.5	57613821362.9335
179.5	57847874657.97988
180.5	73775769204.35811
181.5	88886571876.87268
182.5	83345702101.001
183.5	90329055970.79274
184.5	78747408058.19318
185.5	90158667341.51675
186.5	104774441291.02547
187.5	118375737532.623
188.5	127523627438.8209
189.5	141442430952.56448
190.5	149567403329.7163
191.5	159600674895.82123
192.5	172495393513.6182
193.5	133778319138.97508
194.5	220797335326.69067
195.5	215747374643.7988
196.5	243522707645.27835
197.5	248163858492.47595
198.5	250127066210.74356
199.5	272651270195.8771
200.5	297177582621.0641
201.5	334237646651.88293
202.5	331762032037.09924
203.5	385834757712.39874
204.5	429277165325.30817
205.5	444029523223.1156
206.5	463482044506.83484
207.5	536829180206.99243
208.5	615329858220.8177
209.5	885612461604.0985
210.5	1148348329472.1797
211.5	1385949069195.2466
212.5	1333840473213.508
213.5	1214044241396.3337
214.5	1730990260453.3672
215.5	1430398155362.1917
216.5	1378313351627.8284
217.5	1337643934821.4353
218.5	1912289983395.3733
219.5	2006661042930.7705
220.5	1987434161226.032
221.5	1413760401336.1296
222.5	2086466039496.2153
223.5	2682708399631.88
224.5	2483970175216.3394
225.5	2201364619396.8154
226.5	1562525191936.3882
227.5	1578849921597.0015
228.5	2273186607616.863
229.5	1932645246012.1853
230.5	2371322523095.2617
231.5	2056806886661.4365
232.5	2231765802531.5083
233.5	1890855672903.9749
234.5	1534618608691.9294
235.5	2474890997692.7583
236.5	1915362880425.376
237.5	2339775415259.6167
238.5	1617238194012.0671
239.5	1992821685201.2317
240.5	1832565156228.161
241.5	2141892955436.8076
242.5	3224876788017.955
243.5	2953481987523.515
244.5	2822459244540.161
245.5	2235602711362.8037
246.5	2246112277576.868
247.5	2612704356226.0483
248.5	2030718534394.1946
249.5	2597296246824.1562
250.5	2749468957114.352
251.5	2140485151269.5337
252.5	1895371660257.1592
253.5	2441016363480.94
254.5	2723153243932.6016
255.5	3869929531728.4585
256.5	4663079478595.793
257.5	5803053423356.778
258.5	6179573741549.312
259.5	5229844822172.552
260.5	4269857048520.916
261.5	4176397847733.4155
262.5	5290464157363.939
263.5	7733643810282.912
264.5	12103209286000.06
265.5	12611005214680.145
266.5	12270739652927.184
267.5	12317659373021.506
268.5	12346497225922.725
269.5	11032389496162.79
270.5	13954585789057.666
271.5	11610977861696.084
272.5	9254568851481.225
273.5	10602027726145.96
274.5	6293258299446.989
275.5	9023699138033.424
276.5	12517007642670.8
277.5	12513156176953.42
278.5	8326824858121.25
279.5	4100779246362.905
280.5	4710301056722.835
281.5	10782885486658.086
282.5	15066545734268.855
283.5	16794458970822.71
284.5	12900116853486.537
285.5	6609507238948.303
286.5	17395237127040.82
287.5	19018245177865.484
288.5	15907135165973.031
289.5	23742240629400.176
290.5	31807185255550.434
291.5	29609117733057.402
292.5	25833187439865.562
293.5	29279287792773.082
294.5	26532040870396.387
295.5	29734821105180.566
296.5	26375862604305.46
297.5	28349847519392.848
298.5	20954856184086.316
299.5	29215985202412.81
300.5	19476040171175.902
301.5	26565580404793.79
302.5	26168214483728.797
303.5	34397752846370.633
304.5	32592446399001.45
305.5	34298072983109.02
306.5	31573002421298.184
307.5	36551754035661.83
308.5	37092548550938.54
309.5	28186149162471.08
310.5	36520988102304.38
311.5	41812029673072.32
312.5	38931990539043.82
313.5	40375994683210.45
314.5	39659826687682.59
315.5	36866856505224.9
316.5	38720922236505.66
317.5	43715464270091.89
318.5	40351432977214.79
319.5	42934703096904.13
320.5	45847502574081.195
321.5	43178889387184.98
322.5	41030786437741.41
323.5	41348780108303.836
324.5	46599331292047.7
325.5	53872484207920.98
326.5	59380785528820.17
327.5	58625146644125.164
328.5	58777763254591.42
329.5	63630511986324.38
330.5	63521691058829.195
331.5	60653960420416.77
332.5	59576901175179.41
333.5	58868269084122.44
334.5	60272201474574.37
335.5	58815990173054.445
336.5	54121928872597.09
337.5	54902110074608.54
338.5	59035009928630.94
339.5	62821119022178.81
340.5	63935235077022.6
341.5	63136532922463.195
342.5	64011080061000.484
343.5	61017384745198.41
344.5	57383980602975.445
345.5	59873054124181.18
346.5	61762158262997.7
347.5	61132847228623.03
348.5	60792576581015.74
349.5	63116036753499.81
350.5	67012311865525.9
351.5	66562549704631.58
352.5	65725064706986.28
353.5	70089309763689.33
354.5	73726813636166.42
355.5	71248669318412.28
356.5	64368659120937.484
357.5	57220146944003.836
358.5	57220941386304.52
359.5	63904703206020.95
360.5	66766599493239.586
361.5	66510263359338.38
362.5	68114806978292.54
363.5	70623092586161.27
364.5	74661178606731.27
365.5	80136173395700.28
366.5	83996072982492.22
367.5	84144845164525.64
368.5	83539744384428.36
369.5	84687737785318.73
370.5	84341123168578.69
371.5	81929796715405.73
372.5	75921992903386.47
373.5	70852729683093.72
374.5	70003139946913.53
375.5	74083309915749.61
376.5	81986858344392.75
377.5	88325002096629.83
378.5	89841682068808.88
379.5	87594695231294.22
380.5	83173807027446.66
381.5	75030504754189.66
382.5	66375442314821.445
383.5	62776208312596.98
384.5	66428772374648.516
385.5	71401770176124.23
386.5	73868553267971.28
387.5	75275310289337.4
388.5	78629390133967.14
389.5	85058211527905.02
390.5	88994160793045.02
391.5	85204098556662.27
392.5	76668233306828.02
393.5	71717408571240.08
394.5	72995928459867.84
395.5	76720621891454.4
396.5	80794247815883.4
397.5	89307676019054.98
398.5	103282456099748.81
399.5	117599434877332.17
400.5	127626370571280.8
401.5	131876370789590.53
402.5	132889437073027.9
403.5	132105891412528.64
404.5	130360256867179.22
405.5	128801039604687.61
406.5	129044903876617.0
407.5	129849914214461.83
408.5	131365147168323.53
409.5	133044452492453.67
410.5	134310521003353.33
411.5	136955844921921.94
412.5	138640497243435.19
413.5	140258733472310.8
414.5	140837507894506.53
415.5	140355473968685.6
416.5	140036207690048.9
417.5	138866058548484.97
418.5	138770607821848.28
419.5	138865200679176.98
420.5	139115416779891.83
421.5	139655283770852.22
422.5	138946913461857.42
423.5	138389975974468.98
424.5	137605919149977.84
425.5	136568404289233.66
426.5	134964378068996.48
427.5	130918582521804.16
428.5	126775631322906.69
429.5	123825040074352.98
430.5	123435564322518.88
431.5	126757324650697.61
432.5	132308639706621.4
433.5	137989173636456.11
434.5	142919826084540.97
435.5	145757138268464.72
436.5	147304021607803.72
437.5	147519994081456.66
438.5	148207791488371.88
439.5	149934847724032.9
440.5	152611067686148.78
441.5	156228071912226.97
442.5	159419522254343.6
443.5	161592010957465.4
444.5	163286418761813.78
445.5	164494369016372.78
446.5	166342880552069.5
447.5	169285039524190.2
448.5	172124832879307.4
449.5	174232593904124.25
450.5	175769375150891.66
451.5	175969159476981.8
452.5	175356089293215.53
453.5	175141871603733.56
454.5	175516118212793.56
455.5	176083473950078.06
456.5	177135115398451.16
457.5	178343756117682.5
458.5	179335252164420.03
459.5	180191695207468.5
460.5	181016228132939.38
461.5	181607687933741.66
462.5	181808773759344.47
463.5	181556950893345.12
464.5	180968726445406.84
465.5	180273548424414.2
466.5	179481137179619.28
467.5	179155574427709.03
468.5	179428049528487.8
469.5	179962511471884.2
470.5	180850586600118.38
471.5	182090326986348.4
472.5	183378226396342.66
473.5	184605014622322.78
474.5	185884688461639.0
475.5	187124418772135.47
476.5	188116815646251.3
477.5	189140410069510.38
478.5	190073551835156.53
479.5	190522859323236.56
480.5	190403594583427.8
481.5	188976537979773.72
482.5	186738837622581.7
483.5	184039843065754.88
484.5	181308966016703.0
485.5	179058237241962.8
486.5	177747996259046.75
487.5	177682887404397.38
488.5	178755993258696.66
489.5	180285184179308.56
490.5	182034927618091.78
491.5	183663172392338.25
492.5	185133220077288.12
493.5	186072540142290.75
494.5	186690933112990.2
495.5	186812938611840.7
496.5	186531127947454.12
497.5	186101502187176.84
498.5	185486733023069.72
499.5	184873691237010.6
500.5	184468057457018.97
501.5	184367253463041.75
502.5	184688352127324.4
503.5	185360811036812.5
504.5	186182923435446.3
505.5	187091657369061.8
506.5	187834880137754.03
507.5	188233589806350.6
508.5	188322301045883.38
509.5	188149982256420.06
510.5	187605755644236.44
511.5	186284668376316.0
512.5	184479128086863.53
513.5	182744856096507.2
514.5	181171061161729.03
515.5	179769250358134.7
516.5	178640861419639.94
517.5	178058050050781.25
518.5	178799316243696.56
519.5	180040130965875.25
520.5	181348985070608.72
521.5	182649777772262.8
522.5	184050497829737.44
523.5	185570060266811.2
524.5	186945444076258.38
525.5	187943442402770.75
526.5	188658262656479.78
527.5	189400090332400.9
528.5	190534986991252.0
529.5	191574567450066.88
530.5	192419535537229.78
531.5	193016099513986.44
532.5	193452522230375.62
533.5	193773203999846.06
534.5	193946643676821.5
535.5	193945130757548.84
536.5	193656824134566.44
537.5	193394723599118.0
538.5	193197874437174.12
539.5	193102327735480.62
540.5	193153146988066.16
541.5	193327703174062.4
542.5	193601455762228.06
543.5	193945542752954.03
544.5	194394840284132.06
545.5	194830965800031.2
546.5	195207888421382.38
547.5	195644436697652.5
548.5	196012180818717.06
549.5	196302568542426.06
550.5	196419302414192.3
551.5	196395228347910.7
552.5	196290529451356.75
553.5	196178895830979.8
554.5	196050825298160.1
555.5	195901005830542.4
556.5	195695869269766.03
557.5	195476049331615.47
558.5	195303369002936.97
559.5	195343236855462.2
560.5	195501601338931.56
561.5	195709942834625.22
562.5	195882741094110.25
563.5	196128580040325.8
564.5	196428891266364.9
565.5	196867886220480.1
566.5	197308323528165.88
567.5	197750387319665.3
568.5	198152399096159.9
569.5	198538422452639.22
570.5	198897421321571.88
571.5	199302947841518.88
572.5	199729216408636.34
573.5	200153336940180.94
574.5	200528212023554.38
575.5	200840411081982.75
576.5	201057003787094.16
577.5	201243981412612.97
578.5	201402846443653.2
579.5	201446255016570.94
580.5	201354127747344.88
581.5	201152136129936.88
582.5	200917154714067.34
583.5	200659145488839.4
584.5	200388445160343.22
585.5	200096135656011.84
586.5	199839005164363.8
587.5	199601662867350.12
588.5	199465461789923.84
589.5	199367598797485.3
590.5	199430301412662.72
591.5	199513702089113.75
592.5	199629476656274.7
593.5	199761107055419.9
594.5	199903308009221.3
595.5	200051274838941.34
596.5	200200594158074.4
597.5	200292951549035.06
598.5	200368254346569.12
599.5	200360290599726.1
600.5	200313152083221.53
601.5	200186476913161.84
602.5	200045085306224.66
603.5	199887098568340.56
604.5	199661174058883.0
605.5	199389957701709.8
606.5	199027461731850.34
607.5	198629468134835.1
608.5	198246263021772.34
609.5	197866526812352.75
610.5	197529528227308.5
611.5	197197278267194.84
612.5	196860231261877.5
613.5	196523489325244.28
614.5	196236736999805.62
615.5	195957992396539.8
616.5	195871433125421.97
617.5	195792878478838.78
618.5	195839729616632.34
619.5	195883971502599.12
620.5	195887335109946.16
621.5	195888467386584.75
622.5	195836047726220.66
623.5	195784178363162.78
624.5	195786788433419.88
625.5	195789398503676.97
626.5	195821928668147.7
627.5	195855705503210.66
628.5	195781868307163.56
629.5	195694730500529.78
630.5	195580274632341.0
631.5	195458989248763.44
632.5	195367636713559.8
633.5	195289732269654.6
634.5	195210382419565.88
635.5	195129942175338.72
636.5	195019669522430.1
637.5	194869851583594.84
638.5	194717444524621.06
639.5	194558037251939.38
640.5	194399905021481.16
641.5	194254664884615.56
642.5	194109424747749.97
643.5	193746178473869.47
644.5	193355987621256.78
645.5	192926806938959.12
646.5	192479278101515.66
647.5	192052716674312.1
648.5	191652841041959.34
649.5	191260630383559.78
650.5	190901096719381.53
651.5	190541563055203.3
652.5	190228849545677.72
653.5	189920766600898.0
654.5	189707692745776.94
655.5	189552850268188.62
656.5	189493985261373.44
657.5	189659067686362.34
658.5	189824150111351.25
659.5	190101392854706.2
660.5	190382104473886.9
661.5	190637472847863.3
662.5	190876638163430.4
663.5	191109321426523.66
664.5	191320303905247.97
665.5	191531286383972.28
666.5	191709792941718.88
667.5	191882113609755.44
668.5	191998481745823.38
669.5	192037582099648.94
670.5	192076682453474.5
671.5	191944891641567.53
672.5	191809613254849.72
673.5	191667668062227.12
674.5	191519317507068.53
675.5	191370844322635.06
676.5	191218406124979.72
677.5	191065967927324.38
678.5	190898764260839.9
679.5	190717930930820.8
680.5	190537097600801.72
681.5	190349268761268.56
682.5	190161439921735.4
683.5	189970471172987.34
684.5	189775506176147.56
685.5	189580541179307.78
686.5	189365914630088.84
687.5	189148350147755.75
688.5	188928353603869.72
689.5	188701781486155.4
690.5	188475209368441.1
691.5	188250267056431.72
692.5	188026202332109.6
693.5	187802194117634.25
694.5	187583780377990.6
695.5	187365366638346.97
696.5	187147857815489.66
697.5	186932105595805.88
698.5	186716353376122.1
699.5	186505323840182.84
700.5	186296837287798.34
701.5	186088350735413.84
702.5	185888583904226.78
703.5	185689373650988.47
704.5	185486699907731.06
705.5	185270172204397.2
706.5	185053644501063.3
707.5	184833320120679.5
708.5	184607962935834.16
709.5	184382605750988.78
710.5	184156264741706.0
711.5	183929393980803.06
712.5	183702523219900.16
713.5	183462917043056.75
714.5	183220702407526.75
715.5	182978487771996.78
716.5	182754100142360.53
717.5	182529892583490.9
718.5	182309592141670.78
719.5	182115439329335.78
720.5	181921286517000.75
721.5	181729632487679.7
722.5	181545891271236.16
723.5	181362150054792.62
724.5	181174766352803.1
725.5	180979642369028.34
726.5	180784518385253.6
727.5	180597091141174.06
728.5	180422221735544.62
729.5	180247352329915.16
730.5	180081506948522.8
731.5	179928647358105.8
732.5	179775787767688.84
733.5	179616878768549.53
734.5	179449615824031.8
735.5	179282352879514.06
736.5	179117288226322.3
737.5	178955521010119.5
738.5	178793753793916.7
739.5	178644338930845.4
740.5	178517864152161.3
741.5	178391389373477.22
742.5	178276424937602.62
743.5	178191058526095.3
744.5	178105692114587.97
745.5	178016997301342.34
746.5	177912052056080.3
747.5	177807106810818.3
748.5	177701362396891.47
749.5	177576437935008.2
750.5	177451513473124.94
751.5	177326589011241.7
752.5	177204081777279.4
753.5	177081873301824.22
754.5	176959664826369.06
755.5	176822053868229.6
756.5	176677841846082.56
757.5	176533629823935.56
758.5	176376949577656.7
759.5	176207292200138.5
760.5	176037634822620.34
761.5	175867877311644.25
762.5	175697802711384.8
763.5	175527728111125.38
764.5	175357653510865.94
765.5	175203246781811.03
766.5	175049324626092.38
767.5	174895402470373.7
768.5	174755539917191.0
769.5	174622602242869.3
770.5	174489664568547.62
771.5	174356584303455.8
772.5	174223239226933.8
773.5	174089894150411.8
774.5	173956549073889.8
775.5	173807779101281.8
776.5	173658853321642.66
777.5	173509927542003.47
778.5	173360661310470.97
779.5	173211168111009.53
780.5	173061674911548.12
781.5	172910085618296.9
782.5	172749560346257.62
783.5	172589035074218.3
784.5	172428509802179.03
785.5	172243472396991.8
786.5	172049822620698.6
787.5	171856172844405.34
788.5	171658009871175.25
789.5	171447644550671.47
790.5	171237279230167.66
791.5	171026913909663.88
792.5	170833765657459.47
793.5	170645760165915.94
794.5	170457754674372.38
795.5	170272620612958.12
796.5	170097099600237.7
797.5	169921578587517.25
798.5	169746057574796.78
799.5	169550365795488.56
800.5	169344739160995.28
801.5	169139112526502.03
802.5	168934969288401.22
803.5	168747885108813.97
804.5	168560800929226.72
805.5	168373716749639.47
806.5	168195734775367.78
807.5	168028877718704.0
808.5	167862020662040.2
809.5	167695163605376.4
810.5	167519236637204.6
811.5	167341042191155.8
812.5	167162847745107.03
813.5	166982272551833.78
814.5	166782434949199.22
815.5	166582597346564.62
816.5	166382759743930.06
817.5	166192117682248.72
818.5	166015268931997.22
819.5	165838420181745.7
820.5	165661571431494.2
821.5	165500867786969.62
822.5	165348857660913.44
823.5	165196847534857.25
824.5	165044837408801.06
825.5	164871590343979.97
826.5	164695447332963.62
827.5	164519304321947.3
828.5	164338144646552.16
829.5	164090335001552.22
830.5	163842525356552.28
831.5	163594715711552.3
832.5	163340524826698.2
833.5	163066126682305.72
834.5	162791728537913.28
835.5	162517330393520.8
836.5	162251630263101.0
837.5	162000740264580.56
838.5	161749850266060.12
839.5	161498960267539.66
840.5	161220200892427.9
841.5	160910014347968.53
842.5	160599827803509.12
843.5	160289641259049.75
844.5	159960581633530.88
845.5	159615444938961.34
846.5	159270308244391.78
847.5	158925171549822.25
848.5	158620113205649.3
849.5	158344077115211.88
850.5	158068041024774.4
851.5	157792004934336.94
852.5	157570500239586.84
853.5	157386890243534.72
854.5	157203280247482.62
855.5	157019670251430.5
856.5	156870832033085.56
857.5	156748225155817.97
858.5	156625618278550.38
859.5	156503011401282.78
860.5	156386357338665.66
861.5	156275422646987.25
862.5	156164487955308.8
863.5	156053553263630.4
864.5	155970984046644.88
865.5	155926015575182.5
866.5	155881047103720.16
867.5	155836078632257.78
868.5	155813251777837.0
869.5	155837475859629.53
870.5	155861699941422.1
871.5	155885924023214.62
872.5	155903946181513.78
873.5	155891688360403.97
874.5	155879430539294.16
875.5	155867172718184.38
876.5	155854914897074.56
877.5	155798762738591.25
878.5	155742610580107.94
879.5	155686458421624.62
880.5	155630306263141.3
881.5	155575220400394.2
882.5	155520417983349.06
883.5	155465615566303.94
884.5	155410813149258.8
885.5	155343369209955.78
886.5	155265992646021.53
887.5	155188616082087.28
888.5	155111239518153.03
889.5	155022608092008.34
890.5	154906421658382.88
891.5	154790235224757.4
892.5	154674048791131.94
893.5	154557862357506.47
894.5	154412453091948.88
895.5	154267043826391.28
896.5	154121634560833.7
897.5	153976225295276.1
898.5	153816349100048.44
899.5	153649347402147.5
900.5	153482345704246.53
901.5	153315344006345.56
902.5	153152135591789.4
903.5	152997370291775.0
904.5	152842604991760.56
905.5	152687839691746.16
906.5	152533074391731.75
907.5	152386090170534.47
908.5	152239691621936.34
909.5	152093293073338.22
910.5	151946894524740.12
911.5	151796857307764.6
912.5	151643324115289.2
913.5	151489790922813.8
914.5	151336257730338.4
915.5	151181584018497.0
916.5	151011757692221.06
917.5	150841931365945.16
918.5	150672105039669.22
919.5	150502278713393.3
920.5	150346032941872.88
921.5	150199224505013.06
922.5	150052416068153.25
923.5	149905607631293.44
924.5	149758609404506.2
925.5	149609692190675.1
926.5	149460774976843.97
927.5	149311857763012.84
928.5	149162940549181.72
929.5	149003289528515.38
930.5	148835204802478.5
931.5	148667120076441.6
932.5	148499035350404.72
933.5	148330950624367.8
934.5	148161498278839.38
935.5	147992045933310.94
936.5	147822593587782.53
937.5	147653141242254.1
938.5	147492665403059.3
939.5	147345106975417.84
940.5	147197548547776.38
941.5	147049990120134.9
942.5	146902431692493.44
943.5	146782316846924.88
944.5	146669062896874.56
945.5	146555808946824.22
946.5	146442554996773.9
947.5	146323618290540.53
948.5	146172479299269.78
949.5	146021340307999.06
950.5	145870201316728.3
951.5	145719062325457.6
952.5	145567923334186.84
953.5	145439441863473.12
954.5	145318115399251.1
955.5	145196788935029.06
956.5	145075462470807.03
957.5	144958123882618.56
958.5	144881107152102.66
959.5	144804090421586.72
960.5	144727073691070.8
961.5	144650056960554.9
962.5	144577050367134.5
963.5	144510316039427.6
964.5	144443581711720.7
965.5	144376847384013.8
966.5	144310113056306.9
967.5	144233314425186.9
968.5	144151558749102.28
969.5	144069803073017.66
970.5	143988047396933.0
971.5	143906291720848.38
972.5	143799852008409.97
973.5	143691265858027.75
974.5	143582679707645.53
975.5	143474093557263.28
976.5	143361082096066.22
977.5	143222993873584.9
978.5	143084905651103.6
979.5	142946817428622.25
980.5	142808729206140.94
981.5	142667795579501.44
982.5	142521577630853.9
983.5	142375359682206.38
984.5	142229141733558.84
985.5	142082923784911.28
986.5	141931160606135.78
987.5	141774278753395.97
988.5	141617396900656.16
989.5	141460515047916.38
990.5	141303633195176.56
991.5	141141100089578.44
992.5	140975907570870.53
993.5	140810715052162.6
994.5	140645522533454.69
995.5	140480330014746.78
996.5	140325560176835.97
997.5	140173396009124.44
998.5	140021231841412.9
999.5	139869067673701.38
1000.5	139716903505989.84
1001.5	139583954762406.05
1002.5	139452906445384.33
1003.5	139321858128362.62
1004.5	139190809811340.9
1005.5	139059761494319.2
1006.5	138949508751023.81
1007.5	138839466064028.69
1008.5	138729423377033.56
1009.5	138619380690038.45
1010.5	138508674662546.61
1011.5	138385365165617.06
1012.5	138262055668687.52
1013.5	138138746171757.97
1014.5	138015436674828.4
1015.5	137892346474441.62
1016.5	137771778184296.53
1017.5	137651209894151.45
1018.5	137530641604006.36
1019.5	137410073313861.28
1020.5	137290124751138.45
1021.5	137176442321240.7
1022.5	137062759891342.97
1023.5	136949077461445.22
1024.5	136835395031547.48
1025.5	136720893535452.39
1026.5	136598110370028.55
1027.5	136475327204604.7
1028.5	136352544039180.86
1029.5	136229760873757.02
1030.5	136105988984506.8
1031.5	135966727088643.31
1032.5	135827465192779.83
1033.5	135688203296916.36
1034.5	135548941401052.88
1035.5	135409561358468.22
1036.5	135258484790487.61
1037.5	135107408222507.0
1038.5	134956331654526.38
1039.5	134805255086545.77
1040.5	134654178518565.16
1041.5	134501324338277.34
1042.5	134348336359213.72
1043.5	134195348380150.1
1044.5	134042360401086.47
1045.5	133889372422022.84
1046.5	133723728760465.28
1047.5	133555674492718.38
1048.5	133387620224971.48
1049.5	133219565957224.6
1050.5	133051511689477.69
1051.5	132863362890506.08
1052.5	132667781867656.83
1053.5	132472200844807.56
1054.5	132276619821958.31
1055.5	132081038799109.06
1056.5	131877492711618.83
1057.5	131668636581034.61
1058.5	131459780450450.39
1059.5	131250924319866.16
1060.5	131042068189281.94
1061.5	130831068213277.89
1062.5	130617551549172.31
1063.5	130404034885066.75
1064.5	130190518220961.17
1065.5	129977001556855.6
1066.5	129764967029611.1
1067.5	129556561182267.88
1068.5	129348155334924.66
1069.5	129139749487581.44
1070.5	128931343640238.22
1071.5	128725265438767.69
1072.5	128538020008448.98
1073.5	128350774578130.27
1074.5	128163529147811.55
1075.5	127976283717492.84
1076.5	127789038287174.12
1077.5	127627343239081.52
1078.5	127468175151868.4
1079.5	127309007064655.3
1080.5	127149838977442.19
1081.5	126990670890229.08
1082.5	126851984202813.83
1083.5	126722499303713.56
1084.5	126593014404613.3
1085.5	126463529505513.03
1086.5	126334044606412.77
1087.5	126215848313268.06
1088.5	126110903861897.3
1089.5	126005959410526.55
1090.5	125901014959155.78
1091.5	125796070507785.02
1092.5	125694018958731.16
1093.5	125602850232679.02
1094.5	125511681506626.88
1095.5	125420512780574.73
1096.5	125329344054522.6
1097.5	125238175328470.47
1098.5	125156572660243.84
1099.5	125075473468744.89
1100.5	124994374277245.94
1101.5	124913275085746.98
1102.5	124832175894248.03
1103.5	124745140953839.56
1104.5	124655182435610.0
1105.5	124565223917380.44
1106.5	124475265399150.88
1107.5	124385306880921.33
1108.5	124289686669873.77
1109.5	124184426279163.16
1110.5	124079165888452.55
1111.5	123973905497741.92
1112.5	123868645107031.31
1113.5	123762899808589.6
1114.5	123650712164577.47
1115.5	123538524520565.34
1116.5	123426336876553.22
1117.5	123314149232541.1
1118.5	123201961588528.97
1119.5	123084956001199.78
1120.5	122966344432764.89
1121.5	122847732864330.02
1122.5	122729121295895.14
1123.5	122610509727460.25
1124.5	122488353140636.98
1125.5	122361095185888.97
1126.5	122233837231140.94
1127.5	122106579276392.92
1128.5	121979321321644.9
1129.5	121851869246756.05
1130.5	121721838147138.95
1131.5	121591807047521.88
1132.5	121461775947904.78
1133.5	121331744848287.69
1134.5	121201713748670.61
1135.5	121076510992599.92
1136.5	120953280376851.02
1137.5	120830049761102.1
1138.5	120706819145353.19
1139.5	120583588529604.28
1140.5	120459968553466.12
1141.5	120335592760101.8
1142.5	120211216966737.47
1143.5	120086841173373.14
1144.5	119962465380008.8
1145.5	119838089586644.47
1146.5	119700025521825.62
1147.5	119561538108405.1
1148.5	119423050694984.56
1149.5	119284563281564.03
1150.5	119146075868143.5
1151.5	119005283415313.86
1152.5	118862821796015.55
1153.5	118720360176717.25
1154.5	118577898557418.95
1155.5	118435436938120.64
1156.5	118293366842860.9
1157.5	118153080357110.14
1158.5	118012793871359.38
1159.5	117872507385608.61
1160.5	117732220899857.83
1161.5	117591934414107.06
1162.5	117450727667320.44
1163.5	117309246037367.25
1164.5	117167764407414.06
1165.5	117026282777460.88
1166.5	116884801147507.69
1167.5	116740705491204.86
1168.5	116591755214538.47
1169.5	116442804937872.06
1170.5	116293854661205.66
1171.5	116144904384539.27
1172.5	115995954107872.86
1173.5	115851654037705.34
1174.5	115707703983080.75
1175.5	115563753928456.17
1176.5	115419803873831.58
1177.5	115275853819206.98
1178.5	115140147638735.3
1179.5	115013021817075.78
1180.5	114885895995416.28
1181.5	114758770173756.77
1182.5	114631644352097.25
1183.5	114505240446676.97
1184.5	114392552949801.8
1185.5	114279865452926.62
1186.5	114167177956051.44
1187.5	114054490459176.27
1188.5	113941802962301.1
1189.5	113834526711317.61
1190.5	113730857957595.27
1191.5	113627189203872.92
1192.5	113523520450150.56
1193.5	113419851696428.22
1194.5	113317815613579.1
1195.5	113225031332344.89
1196.5	113132247051110.67
1197.5	113039462769876.47
1198.5	112946678488642.27
1199.5	112853894207408.05
1200.5	112774181129837.5
1201.5	112700619206932.19
1202.5	112627057284026.89
1203.5	112553495361121.58
1204.5	112479933438216.28
1205.5	112406393179441.06
1206.5	112332929729854.34
1207.5	112259466280267.62
1208.5	112186002830680.92
1209.5	112112539381094.2
1210.5	112039075931507.48
1211.5	111965491747085.64
1212.5	111891865142316.33
1213.5	111818238537547.02
1214.5	111744611932777.7
1215.5	111670985328008.39
1216.5	111595821432026.38
1217.5	111516501156098.86
1218.5	111437180880171.36
1219.5	111357860604243.84
1220.5	111278540328316.34
1221.5	111199220052388.83
1222.5	111114572382517.4
1223.5	111028422114354.11
1224.5	110942271846190.81
1225.5	110856121578027.52
1226.5	110769971309864.22
1227.5	110680158159643.05
1228.5	110581798284620.16
1229.5	110483438409597.25
1230.5	110385078534574.36
1231.5	110286718659551.47
1232.5	110188358784528.58
1233.5	110084249241943.3
1234.5	109978791011905.12
1235.5	109873332781866.94
1236.5	109767874551828.77
1237.5	109662416321790.58
1238.5	109555912150321.39
1239.5	109447079915667.05
1240.5	109338247681012.7
1241.5	109229415446358.36
1242.5	109120583211704.02
1243.5	109011750977049.67
1244.5	108889316206233.34
1245.5	108763895512844.89
1246.5	108638474819456.44
1247.5	108513054126067.98
1248.5	108387633432679.53
1249.5	108257955032215.92
1250.5	108119229004217.58
1251.5	107980502976219.23
1252.5	107841776948220.89
1253.5	107703050920222.55
1254.5	107564324892224.2
1255.5	107433167065519.34
1256.5	107303670551293.55
1257.5	107174174037067.73
1258.5	107044677522841.94
1259.5	106915181008616.12
1260.5	106787901382809.1
1261.5	106665556121547.08
1262.5	106543210860285.08
1263.5	106420865599023.06
1264.5	106298520337761.05
1265.5	106176175076499.03
1266.5	106058761498228.14
1267.5	105942504734486.03
1268.5	105826247970743.9
1269.5	105709991207001.8
1270.5	105593734443259.67
1271.5	105480421876950.19
1272.5	105373979104650.14
1273.5	105267536332350.1
1274.5	105161093560050.06
1275.5	105054650787750.02
1276.5	104948208015449.98
1277.5	104855981533160.31
1278.5	104767309123373.23
1279.5	104678636713586.14
1280.5	104589964303799.06
1281.5	104501291894011.98
1282.5	104419330280317.44
1283.5	104353798546711.53
1284.5	104288266813105.62
1285.5	104222735079499.7
1286.5	104157203345893.8
1287.5	104091671612287.88
1288.5	104021741426220.69
1289.5	103950570650997.75
1290.5	103879399875774.83
1291.5	103808229100551.89
1292.5	103737058325328.95
1293.5	103664560806835.05
1294.5	103588651662787.19
1295.5	103512742518739.34
1296.5	103436833374691.5
1297.5	103360924230643.66
1298.5	103285015086595.8
1299.5	103208890993722.94
1300.5	103132702695356.9
1301.5	103056514396990.86
1302.5	102980326098624.81
1303.5	102904137800258.77
1304.5	102826954373007.89
1305.5	102746938655854.03
1306.5	102666922938700.17
1307.5	102586907221546.31
1308.5	102506891504392.45
1309.5	102426875787238.6
1310.5	102344349737058.47
1311.5	102261030950133.19
1312.5	102177712163207.9
1313.5	102094393376282.62
1314.5	102011074589357.34
1315.5	101928435249831.47
1316.5	101847729722134.62
1317.5	101767024194437.78
1318.5	101686318666740.95
1319.5	101605613139044.11
1320.5	101524907611347.27
1321.5	101443916427732.25
1322.5	101362835036985.16
1323.5	101281753646238.08
1324.5	101200672255490.98
1325.5	101119590864743.9
1326.5	101038025946506.7
1327.5	100955084834643.8
1328.5	100872143722780.88
1329.5	100789202610917.97
1330.5	100706261499055.06
1331.5	100623320387192.14
1332.5	100539930510200.27
1333.5	100456398917904.48
1334.5	100372867325608.72
1335.5	100289335733312.94
1336.5	100205804141017.17
1337.5	100119778025004.47
1338.5	100027007455979.34
1339.5	99934236886954.22
1340.5	99841466317929.1
1341.5	99748695748903.97
1342.5	99655925179878.84
1343.5	99560005242715.31
1344.5	99463197022230.7
1345.5	99366388801746.08
1346.5	99269580581261.47
1347.5	99172772360776.84
1348.5	99076355159973.34
1349.5	98980895283216.73
1350.5	98885435406460.11
1351.5	98789975529703.48
1352.5	98694515652946.88
1353.5	98599055776190.25
1354.5	98502388225605.0
1355.5	98405437393504.39
1356.5	98308486561403.78
1357.5	98211535729303.17
1358.5	98114584897202.56
1359.5	98019517462310.6
1360.5	97928273894478.58
1361.5	97837030326646.58
1362.5	97745786758814.58
1363.5	97654543190982.58
1364.5	97563299623150.56
1365.5	97476764726266.39
1366.5	97390996357210.92
1367.5	97305227988155.45
1368.5	97219459619099.98
1369.5	97133691250044.52
1370.5	97048083752458.5
1371.5	96962738729375.27
1372.5	96877393706292.03
1373.5	96792048683208.8
1374.5	96706703660125.56
1375.5	96621358637042.33
1376.5	96534323390113.47
1377.5	96447141167198.03
1378.5	96359958944282.6
1379.5	96272776721367.16
1380.5	96185594498451.72
1381.5	96096592273361.75
1382.5	96005453523979.92
1383.5	95914314774598.1
1384.5	95823176025216.27
1385.5	95732037275834.44
1386.5	95640898526452.61
1387.5	95545494274686.78
1388.5	95450090022920.95
1389.5	95354685771155.12
1390.5	95259281519389.3
1391.5	95163877267623.47
1392.5	95064768136889.97
1393.5	94962627741546.55
1394.5	94860487346203.11
1395.5	94758346950859.69
1396.5	94656206555516.27
1397.5	94553822036724.11
1398.5	94449240406893.42
1399.5	94344658777062.73
1400.5	94240077147232.05
1401.5	94135495517401.34
1402.5	94030913887570.66
1403.5	93926193787829.72
1404.5	93821402355104.7
1405.5	93716610922379.69
1406.5	93611819489654.67
1407.5	93507028056929.66
1408.5	93401809914370.67
1409.5	93295078891491.25
1410.5	93188347868611.83
1411.5	93081616845732.4
1412.5	92974885822852.98
1413.5	92868154799973.56
1414.5	92766705793974.75
1415.5	92666660868412.58
1416.5	92566615942850.4
1417.5	92466571017288.22
1418.5	92366526091726.05
1419.5	92266681522335.58
1420.5	92167178099940.2
1421.5	92067674677544.84
1422.5	91968171255149.47
1423.5	91868667832754.1
1424.5	91769164410358.72
1425.5	91676878487511.67
1426.5	91584972433061.92
1427.5	91493066378612.16
1428.5	91401160324162.4
1429.5	91309254269712.64
1430.5	91221870350478.8
1431.5	91138338620502.97
1432.5	91054806890527.14
1433.5	90971275160551.31
1434.5	90887743430575.47
1435.5	90804704939353.1
1436.5	90724696343330.44
1437.5	90644687747307.8
1438.5	90564679151285.16
1439.5	90484670555262.5
1440.5	90404661959239.86
1441.5	90330885757806.22
1442.5	90259299316633.58
1443.5	90187712875460.94
1444.5	90116126434288.31
1445.5	90044539993115.67
1446.5	89972534950368.14
1447.5	89899752504695.83
1448.5	89826970059023.5
1449.5	89754187613351.19
1450.5	89681405167678.86
1451.5	89608622722006.55
1452.5	89529276476153.75
1453.5	89449656738626.77
1454.5	89370037001099.78
1455.5	89290417263572.8
1456.5	89210797526045.81
1457.5	89130141687327.47
1458.5	89048765846086.31
1459.5	88967390004845.17
1460.5	88886014163604.02
1461.5	88804638322362.88
1462.5	88721585995292.98
1463.5	88632589763921.17
1464.5	88543593532549.34
1465.5	88454597301177.53
1466.5	88365601069805.72
1467.5	88276604838433.9
1468.5	88170039131124.0
1469.5	88060613276568.36
1470.5	87951187422012.7
1471.5	87841761567457.06
1472.5	87732335712901.42
1473.5	87624086109116.02
1474.5	87517012756100.88
1475.5	87409939403085.73
1476.5	87302866050070.6
1477.5	87195792697055.45
1478.5	87090261644712.89
1479.5	86992827670901.38
1480.5	86895393697089.86
1481.5	86797959723278.34
1482.5	86700525749466.84
1483.5	86603091775655.33
1484.5	86515129693847.67
1485.5	86429246807845.75
1486.5	86343363921843.83
1487.5	86257481035841.9
1488.5	86171598149839.98
1489.5	86092161584750.86
1490.5	86019434455713.81
1491.5	85946707326676.78
1492.5	85873980197639.75
1493.5	85801253068602.72
1494.5	85731199068580.67
1495.5	85674196227867.05
1496.5	85617193387153.42
1497.5	85560190546439.8
1498.5	85503187705726.17
1499.5	85446184865012.55
1500.5	85407588182781.78
1501.5	85372239646165.64
1502.5	85336891109549.52
1503.5	85301542572933.38
1504.5	85266194036317.23
1505.5	85234572325165.19
1506.5	85205999834847.4
1507.5	85177427344529.61
1508.5	85148854854211.83
1509.5	85120282363894.05
1510.5	85088767505844.03
1511.5	85048425544597.31
1512.5	85008083583350.61
1513.5	84967741622103.9
1514.5	84927399660857.2
1515.5	84887057699610.48
1516.5	84842853393158.0
1517.5	84798488155655.27
1518.5	84754122918152.53
1519.5	84709757680649.81
1520.5	84665392443147.08
1521.5	84614386773607.45
1522.5	84560256194873.98
1523.5	84506125616140.52
1524.5	84451995037407.06
1525.5	84397864458673.6
1526.5	84333253274226.69
1527.5	84253560242533.61
1528.5	84173867210840.52
1529.5	84094174179147.44
1530.5	84014481147454.36
1531.5	83932135293684.11
1532.5	83833493532868.38
1533.5	83734851772052.66
1534.5	83636210011236.94
1535.5	83537568250421.22
1536.5	83438926489605.5
1537.5	83326166724978.11
1538.5	83211662038531.3
1539.5	83097157352084.48
1540.5	82982652665637.69
1541.5	82868147979190.88
1542.5	82737971807214.36
1543.5	82598980424627.39
1544.5	82459989042040.42
1545.5	82320997659453.44
1546.5	82182006276866.47
1547.5	82040070649058.2
1548.5	81893898180565.61
1549.5	81747725712073.02
1550.5	81601553243580.42
1551.5	81455380775087.83
1552.5	81307196468653.86
1553.5	81149847122709.17
1554.5	80992497776764.48
1555.5	80835148430819.8
1556.5	80677799084875.12
1557.5	80520449738930.44
1558.5	80365865169124.22
1559.5	80211395798323.78
1560.5	80056926427523.34
1561.5	79902457056722.89
1562.5	79747987685922.45
1563.5	79606169112016.89
1564.5	79468567470409.62
1565.5	79330965828802.36
1566.5	79193364187195.1
1567.5	79055762545587.83
1568.5	78930607196804.9
1569.5	78815635178514.66
1570.5	78700663160224.39
1571.5	78585691141934.14
1572.5	78470719123643.89
1573.5	78366608104275.05
1574.5	78281805527433.19
1575.5	78197002950591.34
1576.5	78112200373749.48
1577.5	78027397796907.62
1578.5	77944479404819.8
1579.5	77870144521055.86
1580.5	77795809637291.9
1581.5	77721474753527.97
1582.5	77647139869764.03
1583.5	77572923846261.9
1584.5	77510474988680.22
1585.5	77448026131098.53
1586.5	77385577273516.84
1587.5	77323128415935.16
1588.5	77260679558353.48
1589.5	77210278359208.34
1590.5	77162003217434.38
1591.5	77113728075660.39
1592.5	77065452933886.42
1593.5	77017177792112.44
1594.5	76968002947212.61
1595.5	76918442515258.86
1596.5	76868882083305.1
1597.5	76819321651351.33
1598.5	76769761219397.56
1599.5	76706426415517.8
1600.5	76631821670971.3
1601.5	76561781222251.25
1602.5	76501439902162.44
1603.5	76441098582073.61
1604.5	76380757261984.78
1605.5	76320415941895.97
1606.5	76260074621807.14
1607.5	76199733301718.33
1608.5	76139391981629.5
1609.5	76079050661540.67
1610.5	76018709341451.86
1611.5	75958368021363.03
1612.5	75898026701274.22
1613.5	75837685381185.39
1614.5	75777344061096.56
1615.5	75717002741007.75
1616.5	75656661420918.92
1617.5	75593595465584.11
1618.5	75528996902923.44
1619.5	75464398340262.77
1620.5	75399799777602.08
1621.5	75335201214941.4
1622.5	75270602652280.73
1623.5	75206004089620.05
1624.5	75141405526959.38
1625.5	75076806964298.7
1626.5	75012208401638.02
1627.5	74947609838977.34
1628.5	74883011276316.67
1629.5	74818412713656.0
1630.5	74753814150995.31
1631.5	74689215588334.64
1632.5	74623047788200.97
1633.5	74538833757127.77
1634.5	74454619726054.56
1635.5	74370405694981.36
1636.5	74286191663908.16
1637.5	74201977632834.94
1638.5	74117763601761.73
1639.5	74033549570688.53
1640.5	73949335539615.33
1641.5	73865121508542.12
1642.5	73780907477468.92
1643.5	73696693446395.72
1644.5	73612479415322.52
1645.5	73528265384249.31
1646.5	73444051353176.11
1647.5	73359837322102.9
1648.5	73275878949485.02
1649.5	73192098237827.61
1650.5	73108317526170.19
1651.5	73024536814512.77
1652.5	72940756102855.36
1653.5	72856975391197.94
1654.5	72773194679540.52
1655.5	72689413967883.11
1656.5	72605633256225.69
1657.5	72521852544568.27
1658.5	72438071832910.86
1659.5	72354291121253.44
1660.5	72270510409596.02
1661.5	72186729697938.61
1662.5	72102948986281.19
1663.5	72017928134789.19
1664.5	71927620371370.84
1665.5	71837312607952.48
1666.5	71747004844534.12
1667.5	71656697081115.77
1668.5	71566389317697.42
1669.5	71476081554279.06
1670.5	71385773790860.7
1671.5	71295466027442.34
1672.5	71205158264023.98
1673.5	71114850500605.64
1674.5	71024542737187.28
1675.5	70934234973768.92
1676.5	70843927210350.56
1677.5	70753619446932.2
1678.5	70663311683513.86
1679.5	70583774133373.12
1680.5	70505567733188.05
1681.5	70427361333002.98
1682.5	70349154932817.914
1683.5	70270948532632.84
1684.5	70192742132447.77
1685.5	70114535732262.7
1686.5	70036329332077.63
1687.5	69958122931892.56
1688.5	69879916531707.49
1689.5	69801710131522.42
1690.5	69723503731337.35
1691.5	69645297331152.28
1692.5	69567090930967.21
1693.5	69488884530782.14
1694.5	69388659109366.24
1695.5	69278071795606.43
1696.5	69167484481846.62
1697.5	69056897168086.805
1698.5	68946309854326.984
1699.5	68835722540567.17
1700.5	68725135226807.36
1701.5	68614547913047.55
1702.5	68503960599287.734
1703.5	68393373285527.92
1704.5	68282785971768.11
1705.5	68172198658008.29
1706.5	68061611344248.48
1707.5	67951024030488.664
1708.5	67840436716728.85
1709.5	67719951394119.17
1710.5	67591999152552.57
1711.5	67464046910985.96
1712.5	67336094669419.36
1713.5	67208142427852.76
1714.5	67080190186286.16
1715.5	66952237944719.555
1716.5	66824285703152.95
1717.5	66696333461586.35
1718.5	66568381220019.75
1719.5	66440428978453.15
1720.5	66312476736886.54
1721.5	66184524495319.94
1722.5	66056572253753.336
1723.5	65928620012186.734
1724.5	65819609249552.53
1725.5	65726096060590.29
1726.5	65632582871628.05
1727.5	65539069682665.805
1728.5	65445556493703.555
1729.5	65352043304741.31
1730.5	65258530115779.07
1731.5	65165016926816.83
1732.5	65071503737854.586
1733.5	64977990548892.34
1734.5	64884477359930.1
1735.5	64790964170967.86
1736.5	64697450982005.62
1737.5	64603937793043.375
1738.5	64510424604081.13
1739.5	64433757473858.9
1740.5	64366566251677.914
1741.5	64299375029496.93
1742.5	64232183807315.945
1743.5	64164992585134.96
1744.5	64097801362953.98
1745.5	64030610140772.99
1746.5	63963418918592.01
1747.5	63896227696411.03
1748.5	63829036474230.05
1749.5	63761845252049.06
1750.5	63694654029868.08
1751.5	63627462807687.09
1752.5	63560271585506.11
1753.5	63493080363325.125
1754.5	63414618209373.38
1755.5	63333512256611.23
1756.5	63252406303849.06
1757.5	63171300351086.9
1758.5	63090194398324.734
1759.5	63009088445562.57
1760.5	62927982492800.41
1761.5	62846876540038.24
1762.5	62765770587276.08
1763.5	62684664634513.914
1764.5	62603558681751.75
1765.5	62522452728989.586
1766.5	62441346776227.42
1767.5	62360240823465.266
1768.5	62277890519576.914
1769.5	62179008122154.9
1770.5	62080125724732.88
1771.5	61981243327310.875
1772.5	61882360929888.86
1773.5	61783478532466.85
1774.5	61684596135044.836
1775.5	61585713737622.82
1776.5	61486831340200.81
1777.5	61387948942778.8
1778.5	61289066545356.79
1779.5	61190184147934.77
1780.5	61091301750512.76
1781.5	60992419353090.75
1782.5	60893536955668.734
1783.5	60790238441732.31
1784.5	60681086005904.695
1785.5	60571933570077.08
1786.5	60462781134249.46
1787.5	60353628698421.84
1788.5	60244476262594.23
1789.5	60135323826766.61
1790.5	60026171390938.99
1791.5	59917018955111.375
1792.5	59807866519283.76
1793.5	59698714083456.14
1794.5	59589561647628.53
1795.5	59480409211800.914
1796.5	59371256775973.3
1797.5	59262104340145.68
1798.5	59174663332206.01
1799.5	59090182973523.77
1800.5	59005702614841.55
1801.5	58921222256159.32
1802.5	58836741897477.09
1803.5	58752261538794.87
1804.5	58667781180112.63
1805.5	58583300821430.41
1806.5	58498820462748.18
1807.5	58414340104065.95
1808.5	58329859745383.72
1809.5	58245379386701.49
1810.5	58160899028019.266
1811.5	58076418669337.04
1812.5	57997336010248.97
1813.5	57925707317267.125
1814.5	57854078624285.27
1815.5	57782449931303.43
1816.5	57710821238321.586
1817.5	57639192545339.734
1818.5	57567563852357.89
1819.5	57495935159376.05
1820.5	57424306466394.195
1821.5	57352677773412.35
1822.5	57281049080430.5
1823.5	57209420387448.66
1824.5	57137791694466.81
1825.5	57066163001484.96
1826.5	56994865367065.055
1827.5	56928754316782.14
1828.5	56862643266499.23
1829.5	56796532216216.32
1830.5	56730421165933.41
1831.5	56664310115650.49
1832.5	56598199065367.586
1833.5	56532088015084.67
1834.5	56465976964801.76
1835.5	56399865914518.84
1836.5	56333754864235.94
1837.5	56267643813953.02
1838.5	56201532763670.11
1839.5	56135421713387.2
1840.5	56069310663104.29
1841.5	55978732937168.875
1842.5	55881254353998.14
1843.5	55783775770827.414
1844.5	55686297187656.68
1845.5	55588818604485.945
1846.5	55491340021315.21
1847.5	55393861438144.48
1848.5	55296382854973.74
1849.5	55198904271803.01
1850.5	55101425688632.27
1851.5	55003947105461.54
1852.5	54906468522290.81
1853.5	54808989939120.08
1854.5	54711511355949.34
1855.5	54615190688896.17
1856.5	54519641965921.375
1857.5	54424093242946.58
1858.5	54328544519971.79
1859.5	54232995796996.99
1860.5	54137447074022.195
1861.5	54041898351047.4
1862.5	53946349628072.6
1863.5	53850800905097.81
1864.5	53755252182123.016
1865.5	53659703459148.22
1866.5	53564154736173.42
1867.5	53468606013198.63
1868.5	53373057290223.836
1869.5	53311979088574.086
1870.5	53285371408249.38
1871.5	53258763727924.69
1872.5	53232156047599.984
1873.5	53205548367275.28
1874.5	53178940686950.58
1875.5	53152333006625.875
1876.5	53125725326301.18
1877.5	53099117645976.48
1878.5	53072509965651.77
1879.5	53045902285327.07
1880.5	53019294605002.37
1881.5	52992686924677.67
1882.5	52966079244352.97
1883.5	52935074525251.97
1884.5	52899672767374.68
1885.5	52864271009497.38
1886.5	52828869251620.09
1887.5	52793467493742.805
1888.5	52758065735865.51
1889.5	52722663977988.22
1890.5	52687262220110.92
1891.5	52651860462233.63
1892.5	52616458704356.336
1893.5	52581056946479.05
1894.5	52545655188601.75
1895.5	52510253430724.46
1896.5	52474851672847.17
1897.5	52422759511503.6
1898.5	52358581195925.83
1899.5	52294402880348.055
1900.5	52230224564770.29
1901.5	52166046249192.516
1902.5	52101867933614.74
1903.5	52037689618036.98
1904.5	51973511302459.2
1905.5	51909332986881.43
1906.5	51845154671303.66
1907.5	51780976355725.89
1908.5	51716798040148.12
1909.5	51652619724570.34
1910.5	51588441408992.58
1911.5	51490984235024.02
1912.5	51382434108258.55
1913.5	51273883981493.06
1914.5	51165333854727.586
1915.5	51056783727962.1
1916.5	50948233601196.625
1917.5	50839683474431.14
1918.5	50731133347665.664
1919.5	50622583220900.19
1920.5	50514033094134.7
1921.5	50405482967369.23
1922.5	50296932840603.74
1923.5	50188382713838.266
1924.5	50080073386195.83
1925.5	49983563215582.4
1926.5	49887053044968.98
1927.5	49790542874355.55
1928.5	49694032703742.125
1929.5	49597522533128.695
1930.5	49501012362515.27
1931.5	49404502191901.84
1932.5	49307992021288.42
1933.5	49211481850674.99
1934.5	49114971680061.57
1935.5	49018461509448.14
1936.5	48921951338834.72
1937.5	48825441168221.29
1938.5	48754772480404.79
1939.5	48728104155188.48
1940.5	48701435829972.17
1941.5	48674767504755.86
1942.5	48648099179539.555
1943.5	48621430854323.24
1944.5	48594762529106.94
1945.5	48568094203890.625
1946.5	48541425878674.32
1947.5	48514757553458.01
1948.5	48488089228241.7
1949.5	48461420903025.39
1950.5	48434752577809.086
1951.5	48408084252592.78
1952.5	48362757028193.38
1953.5	48312469843251.65
1954.5	48262182658309.914
1955.5	48211895473368.18
1956.5	48161608288426.445
1957.5	48111321103484.71
1958.5	48061033918542.98
1959.5	48010746733601.24
1960.5	47960459548659.51
1961.5	47910172363717.77
1962.5	47859885178776.03
1963.5	47809597993834.3
1964.5	47759310808892.56
1965.5	47706748759870.516
1966.5	47649123303701.96
1967.5	47591497847533.4
1968.5	47533872391364.84
1969.5	47476246935196.29
1970.5	47418621479027.734
1971.5	47360996022859.17
1972.5	47303370566690.62
1973.5	47245745110522.06
1974.5	47188119654353.5
1975.5	47130494198184.945
1976.5	47072868742016.39
1977.5	47015243285847.83
1978.5	46957617829679.27
1979.5	46925002434842.484
1980.5	46894860562554.984
1981.5	46864718690267.484
1982.5	46834576817979.99
1983.5	46804434945692.49
1984.5	46774293073404.99
1985.5	46744151201117.5
1986.5	46714009328830.0
1987.5	46683867456542.5
1988.5	46653725584255.0
1989.5	46623583711967.51
1990.5	46593441839680.01
1991.5	46563299967392.51
1992.5	46519251851782.266
1993.5	46465133697903.82
1994.5	46411015544025.375
1995.5	46356897390146.93
1996.5	46302779236268.484
1997.5	46248661082390.04
1998.5	46194542928511.59
1999.5	46140424774633.14
2000.5	46086306620754.695
2001.5	46032188466876.25
2002.5	45978070312997.805
2003.5	45923952159119.36
2004.5	45869834005240.914
2005.5	45815037710447.555
2006.5	45758982011097.914
2007.5	45702926311748.27
2008.5	45646870612398.63
2009.5	45590814913049.0
2010.5	45534759213699.36
2011.5	45478703514349.72
2012.5	45422647815000.08
2013.5	45366592115650.44
2014.5	45310536416300.805
2015.5	45254480716951.164
2016.5	45198425017601.52
2017.5	45142369318251.88
2018.5	45084961528885.63
2019.5	45021789566290.68
2020.5	44958617603695.73
2021.5	44895445641100.77
2022.5	44832273678505.82
2023.5	44769101715910.87
2024.5	44705929753315.91
2025.5	44642757790720.95
2026.5	44579585828126.0
2027.5	44516413865531.05
2028.5	44453241902936.09
2029.5	44390069940341.14
2030.5	44326897977746.19
2031.5	44266641297693.89
2032.5	44227763356287.78
2033.5	44188885414881.67
2034.5	44150007473475.56
2035.5	44111129532069.45
2036.5	44072251590663.34
2037.5	44033373649257.234
2038.5	43994495707851.125
2039.5	43955617766445.016
2040.5	43916739825038.91
2041.5	43877861883632.8
2042.5	43838983942226.69
2043.5	43800106000820.58
2044.5	43757113158813.586
2045.5	43683944379066.766
2046.5	43610775599319.94
2047.5	43537606819573.12
2048.5	43464438039826.3
2049.5	43391269260079.48
2050.5	43318100480332.66
2051.5	43244931700585.83
2052.5	43171762920839.01
2053.5	43098594141092.19
2054.5	43025425361345.37
2055.5	42952256581598.55
2056.5	42879087801851.72
2057.5	42809005867919.83
2058.5	42751271317247.67
2059.5	42693536766575.516
2060.5	42635802215903.35
2061.5	42578067665231.195
2062.5	42520333114559.04
2063.5	42462598563886.875
2064.5	42404864013214.72
2065.5	42347129462542.56
2066.5	42289394911870.41
2067.5	42231660361198.24
2068.5	42173925810526.086
2069.5	42116191259853.93
2070.5	42060684899135.016
2071.5	42008972483471.625
2072.5	41957260067808.24
2073.5	41905547652144.85
2074.5	41853835236481.47
2075.5	41802122820818.08
2076.5	41750410405154.695
2077.5	41698697989491.305
2078.5	41646985573827.92
2079.5	41595273158164.53
2080.5	41543560742501.14
2081.5	41491848326837.76
2082.5	41440135911174.37
2083.5	41384070799867.25
2084.5	41325222817574.79
2085.5	41266374835282.336
2086.5	41207526852989.875
2087.5	41148678870697.42
2088.5	41089830888404.96
2089.5	41030982906112.51
2090.5	40972134923820.05
2091.5	40913286941527.586
2092.5	40854438959235.13
2093.5	40795590976942.67
2094.5	40736742994650.22
2095.5	40677895012357.76
2096.5	40633536869155.0
2097.5	40590438711960.04
2098.5	40547340554765.08
2099.5	40504242397570.11
2100.5	40461144240375.15
2101.5	40418046083180.19
2102.5	40374947925985.23
2103.5	40331849768790.266
2104.5	40288751611595.305
2105.5	40245653454400.34
2106.5	40202555297205.375
2107.5	40159457140010.414
2108.5	40111203566911.734
2109.5	40051475035833.81
2110.5	39991746504755.89
2111.5	39932017973677.97
2112.5	39872289442600.04
2113.5	39812560911522.12
2114.5	39752832380444.195
2115.5	39693103849366.27
2116.5	39633375318288.34
2117.5	39573646787210.42
2118.5	39513918256132.5
2119.5	39454189725054.57
2120.5	39394461193976.65
2121.5	39351422098771.984
2122.5	39313368159737.25
2123.5	39275314220702.516
2124.5	39237260281667.78
2125.5	39199206342633.05
2126.5	39161152403598.31
2127.5	39123098464563.57
2128.5	39085044525528.836
2129.5	39046990586494.1
2130.5	39008936647459.37
2131.5	38970882708424.63
2132.5	38932828769389.9
2133.5	38890229764188.34
2134.5	38837025604597.555
2135.5	38783821445006.766
2136.5	38730617285415.98
2137.5	38677413125825.19
2138.5	38624208966234.4
2139.5	38571004806643.61
2140.5	38517800647052.82
2141.5	38464596487462.03
2142.5	38411392327871.24
2143.5	38358188168280.45
2144.5	38304984008689.664
2145.5	38251779849098.875
2146.5	38186076614610.21
2147.5	38119137207878.91
2148.5	38052197801147.6
2149.5	37985258394416.29
2150.5	37918318987684.984
2151.5	37851379580953.67
2152.5	37784440174222.37
2153.5	37717500767491.06
2154.5	37650561360759.75
2155.5	37583621954028.445
2156.5	37516682547297.13
2157.5	37449743140565.83
2158.5	37411029537022.66
2159.5	37391930474678.016
2160.5	37372831412333.37
2161.5	37353732349988.73
2162.5	37334633287644.08
2163.5	37315534225299.44
2164.5	37296435162954.8
2165.5	37277336100610.15
2166.5	37258237038265.51
2167.5	37239137975920.86
2168.5	37220038913576.22
2169.5	37200939851231.58
2170.5	37174808860137.98
2171.5	37135618572796.32
2172.5	37096428285454.67
2173.5	37057237998113.016
2174.5	37018047710771.36
2175.5	36978857423429.7
2176.5	36939667136088.05
2177.5	36900476848746.39
2178.5	36861286561404.734
2179.5	36822096274063.08
2180.5	36782905986721.42
2181.5	36743715699379.77
2182.5	36701104631622.14
2183.5	36640534466680.61
2184.5	36579964301739.08
2185.5	36519394136797.55
2186.5	36458823971856.016
2187.5	36398253806914.484
2188.5	36337683641972.95
2189.5	36277113477031.42
2190.5	36216543312089.89
2191.5	36155973147148.36
2192.5	36095402982206.83
2193.5	36034832817265.3
2194.5	35975992640105.82
2195.5	35944255604865.13
2196.5	35912518569624.445
2197.5	35880781534383.76
2198.5	35849044499143.07
2199.5	35817307463902.39
2200.5	35785570428661.7
2201.5	35753833393421.016
2202.5	35722096358180.33
2203.5	35690359322939.64
2204.5	35658622287698.96
2205.5	35626885252458.27
2206.5	35595235108060.5
2207.5	35567842614965.375
2208.5	35540450121870.26
2209.5	35513057628775.14
2210.5	35485665135680.02
2211.5	35458272642584.9
2212.5	35430880149489.78
2213.5	35403487656394.664
2214.5	35376095163299.55
2215.5	35348702670204.42
2216.5	35321310177109.305
2217.5	35293917684014.19
2218.5	35265654712100.1
2219.5	35220852642625.78
2220.5	35176050573151.457
2221.5	35131248503677.137
2222.5	35086446434202.812
2223.5	35041644364728.492
2224.5	34996842295254.168
2225.5	34952040225779.848
2226.5	34907238156305.523
2227.5	34862436086831.2
2228.5	34817634017356.88
2229.5	34772831947882.555
2230.5	34729156072185.152
2231.5	34692398243974.56
2232.5	34655640415763.965
2233.5	34618882587553.367
2234.5	34582124759342.773
2235.5	34545366931132.18
2236.5	34508609102921.586
2237.5	34471851274710.99
2238.5	34435093446500.395
2239.5	34398335618289.8
2240.5	34361577790079.203
2241.5	34324819961868.61
2242.5	34286654044070.406
2243.5	34245202583901.12
2244.5	34203751123731.836
2245.5	34162299663562.55
2246.5	34120848203393.266
2247.5	34079396743223.984
2248.5	34037945283054.7
2249.5	33996493822885.414
2250.5	33955042362716.13
2251.5	33913590902546.844
2252.5	33872139442377.56
2253.5	33830687982208.273
2254.5	33780995364336.94
2255.5	33723994550012.855
2256.5	33666993735688.77
2257.5	33609992921364.68
2258.5	33552992107040.594
2259.5	33495991292716.508
2260.5	33438990478392.42
2261.5	33381989664068.332
2262.5	33324988849744.246
2263.5	33267988035420.16
2264.5	33210987221096.074
2265.5	33153986406771.99
2266.5	33128939512477.113
2267.5	33110906893310.594
2268.5	33092874274144.074
2269.5	33074841654977.56
2270.5	33056809035811.04
2271.5	33038776416644.52
2272.5	33020743797478.0
2273.5	33002711178311.484
2274.5	32984678559144.965
2275.5	32966645939978.445
2276.5	32948613320811.93
2277.5	32922033265127.145
2278.5	32853721607617.92
2279.5	32785409950108.7
2280.5	32717098292599.477
2281.5	32648786635090.254
2282.5	32580474977581.03
2283.5	32512163320071.81
2284.5	32443851662562.586
2285.5	32375540005053.363
2286.5	32307228347544.14
2287.5	32238916690034.918
2288.5	32170605032525.695
2289.5	32117004873098.71
2290.5	32073627958101.758
2291.5	32030251043104.805
2292.5	31986874128107.848
2293.5	31943497213110.895
2294.5	31900120298113.938
2295.5	31856743383116.984
2296.5	31813366468120.027
2297.5	31769989553123.074
2298.5	31726612638126.12
2299.5	31683235723129.164
2300.5	31641052415054.457
2301.5	31614727027518.137
2302.5	31588401639981.82
2303.5	31562076252445.5
2304.5	31535750864909.184
2305.5	31509425477372.863
2306.5	31483100089836.543
2307.5	31456774702300.227
2308.5	31430449314763.906
2309.5	31404123927227.586
2310.5	31377798539691.27
2311.5	31351473152154.95
2312.5	31316520634625.082
2313.5	31276052411033.773
2314.5	31235584187442.46
2315.5	31195115963851.15
2316.5	31154647740259.836
2317.5	31114179516668.523
2318.5	31073711293077.21
2319.5	31033243069485.902
2320.5	30992774845894.59
2321.5	30952306622303.277
2322.5	30911838398711.965
2323.5	30869433398339.617
2324.5	30820161643925.41
2325.5	30770889889511.2
2326.5	30721618135096.992
2327.5	30672346380682.78
2328.5	30623074626268.574
2329.5	30573802871854.367
2330.5	30524531117440.156
2331.5	30475259363025.95
2332.5	30425987608611.74
2333.5	30376715854197.53
2334.5	30327444099783.32
2335.5	30305828772262.195
2336.5	30288346014276.82
2337.5	30270863256291.45
2338.5	30253380498306.074
2339.5	30235897740320.7
2340.5	30218414982335.324
2341.5	30200932224349.953
2342.5	30183449466364.58
2343.5	30165966708379.203
2344.5	30148483950393.83
2345.5	30131001192408.457
2346.5	30102701376158.098
2347.5	30067190187731.074
2348.5	30031678999304.055
2349.5	29996167810877.035
2350.5	29960656622450.016
2351.5	29925145434022.996
2352.5	29889634245595.973
2353.5	29854123057168.953
2354.5	29818611868741.934
2355.5	29783100680314.914
2356.5	29747589491887.895
2357.5	29702785166864.85
2358.5	29643445423063.41
2359.5	29584105679261.97
2360.5	29524765935460.523
2361.5	29465426191659.082
2362.5	29406086447857.64
2363.5	29346746704056.2
2364.5	29287406960254.758
2365.5	29228067216453.312
2366.5	29168727472651.87
2367.5	29109387728850.43
2368.5	29054526820342.082
2369.5	29015545418781.992
2370.5	28976564017221.906
2371.5	28937582615661.816
2372.5	28898601214101.73
2373.5	28859619812541.64
2374.5	28820638410981.555
2375.5	28781657009421.465
2376.5	28742675607861.38
2377.5	28703694206301.29
2378.5	28664712804741.203
2379.5	28630017562918.586
2380.5	28624006620877.477
2381.5	28617995678836.367
2382.5	28611984736795.26
2383.5	28605973794754.152
2384.5	28599962852713.043
2385.5	28593951910671.938
2386.5	28587940968630.83
2387.5	28581930026589.72
2388.5	28575919084548.613
2389.5	28569908142507.504
2390.5	26608856459867.6
2391.5	26563864992745.477
2392.5	26518908155115.0
2393.5	26473985920322.17
2394.5	26429098261733.54
2395.5	26384245152736.133
2396.5	26339426566737.47
2397.5	26294642477165.54
2398.5	26249892857468.78
2399.5	26205177681116.055
