# λ (nm)	photon flux (γ/s/cm^2/nm)
0.5	1742877.7778502782
1.5	78795269.69065693
2.5	41606881.109564416
3.5	33419171.446262866
4.5	68015226.54556458
5.5	71674637.67927551
6.5	97115933.7617398
7.5	202465275.54616216
8.5	197458589.0122221
9.5	169075539.25206396
10.5	129500853.79852584
11.5	91045491.32354194
12.5	59398037.09119132
13.5	65289325.39718754
14.5	144732136.916107
15.5	171481660.62660477
16.5	356642834.44642
17.5	1867553215.3787985
18.5	1228500962.5191379
19.5	1193413066.5541499
20.5	992021365.9841512
21.5	902526907.4257023
22.5	851132219.2595892
23.5	505204134.79419875
24.5	689759178.9047309
25.5	1160974698.3327482
26.5	511265763.62840873
27.5	396090608.7304385
28.5	849189191.9028298
29.5	393110462.4894641
30.5	4795092548.955316
31.5	514599228.61742836
32.5	233000607.40015802
33.5	1212982249.1396854
34.5	668055911.9339366
35.5	781963593.355992
36.5	1291845662.1334832
37.5	243765522.4293664
38.5	117281066.58034998
39.5	78631607.72306907
40.5	96886814.92635898
41.5	160677038.0853752
42.5	75542303.00704497
43.5	123656623.81425098
44.5	106597888.7648082
45.5	93003382.82145973
46.5	211436056.78512868
47.5	118953617.3536658
48.5	196188395.21763253
49.5	387056219.43175673
50.5	355878792.6907193
51.5	154007369.56652558
52.5	190678506.46389532
53.5	112895878.6992673
54.5	81588158.46475711
55.5	329934384.02166826
56.5	100723937.98407264
57.5	100020280.64446527
58.5	789416633.7710094
59.5	126493838.87013298
60.5	382357414.30626845
61.5	309259698.5195825
62.5	616934155.513239
63.5	462101058.71440375
64.5	77302222.8160573
65.5	69015172.17364521
66.5	79549219.43639955
67.5	65888654.35903542
68.5	120448071.17416817
69.5	109108958.02048646
70.5	199017188.88869384
71.5	86842570.90048622
72.5	102925502.04197624
73.5	62918599.881773844
74.5	87826971.76600353
75.5	116500609.04398128
76.5	282824354.3787605
77.5	285700060.2004621
78.5	388141301.3421236
79.5	285341036.84033984
80.5	251304710.1104797
81.5	269273454.5980744
82.5	340428143.02800006
83.5	755677768.0472027
84.5	501247466.8408565
85.5	638896095.6541982
86.5	742050356.3734994
87.5	935207126.1412245
88.5	1144680452.811064
89.5	1395924413.1762466
90.5	1705807939.1376805
91.5	1467459816.0061116
92.5	441165422.3736376
93.5	468314907.9846942
94.5	344971823.4044069
95.5	280798560.109894
96.5	207581940.74827278
97.5	4220267522.325494
98.5	425165293.9482862
99.5	657107759.2410774
100.5	367909128.49683577
101.5	395164054.6761918
102.5	3875658451.0227494
103.5	3245578530.549085
104.5	589290669.3686235
105.5	471775945.26203245
106.5	497384725.23275685
107.5	575527687.3663257
108.5	930680665.584927
109.5	670983725.3820223
110.5	756820251.8532242
111.5	723198502.6545424
112.5	746567554.5687693
113.5	522552320.8911576
114.5	605000255.5852487
115.5	688807864.4149605
116.5	740881048.4011706
117.5	2861488284.6733255
118.5	1056609143.4756063
119.5	1933440603.1023805
120.5	6652425668.322586
121.5	279828602317.47394
122.5	2390268281.6148505
123.5	1563089137.8682435
124.5	1161399978.1676958
125.5	1025228062.2016515
126.5	1543042557.3805819
127.5	737622194.6871253
128.5	579495758.0429497
129.5	851928150.9354298
130.5	4972097777.15147
131.5	832588059.8028203
132.5	683451444.2643789
133.5	7923121170.915455
134.5	663900745.2287154
135.5	1438838683.8925817
136.5	949654968.1185195
137.5	1022729680.8715883
138.5	1001469032.147486
139.5	3099526579.4843197
140.5	2567570462.4687257
141.5	1398592611.8129723
142.5	1495168870.9122882
143.5	1709510047.5927052
144.5	1673645562.4045935
145.5	1823597135.6959174
146.5	2195095489.9621015
147.5	2769022633.739094
148.5	2775666292.9658628
149.5	2501355474.227494
150.5	2864832277.1321115
151.5	3094086138.3446817
152.5	4021695460.329898
153.5	4510219411.063802
154.5	8104676333.719116
155.5	7065935412.268099
156.5	6571605403.576097
157.5	6046954313.5874405
158.5	5799676681.862662
159.5	5695606761.75955
160.5	6512839288.1011305
161.5	7617137799.069979
162.5	8952563988.37432
163.5	9631435569.79786
164.5	11789053272.138317
165.5	17870849438.332367
166.5	12280557942.765734
167.5	15234774549.775639
168.5	15786855088.30435
169.5	21065418634.963608
170.5	24297596889.51496
171.5	24621582816.184322
172.5	27549033221.0088
173.5	27647699315.23703
174.5	33916108218.792416
175.5	42120094825.4514
176.5	45240886694.492836
177.5	55898634120.836555
178.5	63063913903.69942
179.5	65234733049.968414
180.5	84084212364.3118
181.5	101949162378.79468
182.5	96666939824.0557
183.5	103810823186.53581
184.5	90623011057.99823
185.5	103503120273.85431
186.5	120680367121.12495
187.5	133787794718.14963
188.5	136010854333.91806
189.5	109191173888.1018
190.5	161978761059.2594
191.5	176380830093.52344
192.5	188849585802.6305
193.5	146201449712.4879
194.5	242996772518.4301
195.5	237438699635.2276
196.5	269220717869.2789
197.5	276838368461.5074
198.5	282238702134.4735
199.5	306828023198.0023
200.5	334105159838.4177
201.5	375589885726.8978
202.5	373608483313.4049
203.5	436124878853.2334
204.5	484333885641.86884
205.5	499679058854.37823
206.5	519208679227.69025
207.5	601259294413.8723
208.5	690627125795.956
209.5	1000456017077.3091
210.5	1306085620885.5098
211.5	1595977723787.1208
212.5	1529675077759.6758
213.5	1385181714317.3813
214.5	1981254047191.3289
215.5	1626682617032.2139
216.5	1574655758002.3074
217.5	1531733823185.2573
218.5	2174756749954.8032
219.5	2295190696426.8813
220.5	2273814507131.9824
221.5	1626673407222.959
222.5	2394871753220.718
223.5	3061619018671.011
224.5	2816160235084.833
225.5	2498338882024.2104
226.5	1764501176632.0613
227.5	1798011274458.229
228.5	2579247842583.901
229.5	2199332639685.5024
230.5	2692921114355.6045
231.5	2329614827750.6895
232.5	2533119399609.863
233.5	2126897274379.8418
234.5	1739413048660.4197
235.5	2795086457631.077
236.5	2164658267750.7065
237.5	2634938015876.6353
238.5	1818726446588.6213
239.5	2260249273596.6123
240.5	2089505549524.0056
241.5	2444908286264.069
242.5	3690943062454.2563
243.5	3387657328026.4766
244.5	3241427731430.1016
245.5	2565087715368.721
246.5	2574145282274.533
247.5	2978817028604.477
248.5	2309010888109.5903
249.5	2963706520335.4224
250.5	3120945985788.071
251.5	2421163091220.8286
252.5	2143418580521.6924
253.5	2751193206338.856
254.5	3072376937946.5176
255.5	4378548015984.977
256.5	5283462127066.119
257.5	6595697602413.528
258.5	7039178108453.7
259.5	5930448539218.171
260.5	4807118997482.733
261.5	4695654385041.372
262.5	5979540678016.863
263.5	8803332861316.314
264.5	13876775856214.064
265.5	14547206206043.361
266.5	14226268233603.752
267.5	14308371138066.803
268.5	14381843106175.396
269.5	12825370699986.238
270.5	16310889898389.336
271.5	13712482627743.87
272.5	10808067412506.582
273.5	12489233618183.393
274.5	7343484826696.991
275.5	10537121094784.162
276.5	14767555181134.441
277.5	14719708900798.896
278.5	9735014352701.9
279.5	4706023189875.862
280.5	5411409321996.964
281.5	12748090989091.504
282.5	17946083398273.492
283.5	20094666755134.9
284.5	15541742674537.994
285.5	7855847384901.33
286.5	21212031874293.49
287.5	23295655037205.035
288.5	19272396952958.71
289.5	28807974619043.11
290.5	38605120463320.82
291.5	36045100812630.68
292.5	31707841581243.08
293.5	35875745308102.61
294.5	32516145732199.79
295.5	36454986254289.516
296.5	32799469052365.13
297.5	35057208944266.074
298.5	26066641343087.496
299.5	36731238901517.055
300.5	24237612418752.58
301.5	33131170642812.16
302.5	32453328150988.39
303.5	42687468863523.664
304.5	40318516387820.914
305.5	42551931683275.56
306.5	38104064310553.41
307.5	44167865841013.91
308.5	44694064393997.92
309.5	33779275078589.06
310.5	40953066776341.63
311.5	46889204767140.68
312.5	43573453711452.305
313.5	45517022681941.266
314.5	44504484014054.555
315.5	41467314282726.93
316.5	43764591989726.625
317.5	49174382752726.9
318.5	45471417288012.35
319.5	48304865533579.914
320.5	51431199862594.51
321.5	48549802749986.31
322.5	46196660668713.29
323.5	46514387253250.57
324.5	52404971840186.195
325.5	60802354281589.65
326.5	66825536597588.61
327.5	66231132573359.48
328.5	66412111406633.44
329.5	71859157065681.33
330.5	71715036484072.16
331.5	68567848087227.55
332.5	67344277863834.625
333.5	66603901575447.65
334.5	68258601976296.08
335.5	66567054395120.48
336.5	61335509368414.51
337.5	62088787290630.71
338.5	67019230249905.54
339.5	71308653318521.53
340.5	72492317367943.77
341.5	71458477484094.89
342.5	72656557933043.55
343.5	69218877880649.08
344.5	65339464508344.0
345.5	68025001064838.16
346.5	70150766602298.8
347.5	69547724328297.98
348.5	69133828302913.336
349.5	71749579479705.05
350.5	76161769158919.3
351.5	75776175849057.0
352.5	74767657298322.1
353.5	79750543034238.08
354.5	83932538157380.44
355.5	81006853244062.89
356.5	73202004357867.02
357.5	65225999748954.336
358.5	65296592329843.96
359.5	72804413795621.8
360.5	75962025989334.9
361.5	75776424350568.61
362.5	77623923420549.3
363.5	80459839370380.83
364.5	85148654985309.25
365.5	91421488717177.28
366.5	95821635248125.3
367.5	96034341360264.12
368.5	95366505028319.9
369.5	96732622185863.4
370.5	96360134316525.16
371.5	93509655548576.67
372.5	86624738322114.17
373.5	81045470381313.16
374.5	80014927869650.73
375.5	84707658217146.28
376.5	93677432702877.16
377.5	100919008594338.78
378.5	102726782360362.22
379.5	99984003256608.66
380.5	94921704512262.5
381.5	85669934505328.92
382.5	75936229878308.39
383.5	71907360391656.05
384.5	76012185302601.61
385.5	81653076734015.89
386.5	84465829393671.5
387.5	86129346375318.06
388.5	90028249053421.02
389.5	97290561220879.36
390.5	101702556164008.56
391.5	97407213338822.7
392.5	87742151217699.64
393.5	82221469992623.73
394.5	83686401992051.42
395.5	87929924672206.5
396.5	92692034183154.95
397.5	102313946332304.88
398.5	118381898271874.05
399.5	134720918213103.58
400.5	146161895438586.72
401.5	150994568464412.9
402.5	152221923140814.44
403.5	151337254693852.25
404.5	149375842199390.78
405.5	147506411789300.44
406.5	147957335675459.28
407.5	148916688617241.2
408.5	150643231243416.03
409.5	152630112571582.9
410.5	154100635224774.38
411.5	157083984490384.75
412.5	159000754406750.22
413.5	160764682566745.53
414.5	161463195983289.06
415.5	160914824347088.44
416.5	160534065803377.75
417.5	159221050327124.0
418.5	159112158574476.56
419.5	159336456014058.38
420.5	159582779949235.28
421.5	160167461463435.03
422.5	159379789752120.53
423.5	158767910696695.3
424.5	157918492668706.1
425.5	156701197838135.75
426.5	154858517800180.53
427.5	150174106311873.53
428.5	145498328915113.16
429.5	142153793647896.5
430.5	141698316773420.38
431.5	145471208835481.47
432.5	151866278053358.28
433.5	158445782126061.47
434.5	163989905524457.66
435.5	167312777642202.6
436.5	168996352265815.03
437.5	169359996667433.94
438.5	170095406550373.66
439.5	172086311715468.1
440.5	175195483742047.88
441.5	179347824393023.03
442.5	183013187025725.6
443.5	185500771579084.94
444.5	187394695869571.75
445.5	188816808455379.66
446.5	190851035140860.34
447.5	194355834290370.22
448.5	197590939843052.3
449.5	200032080866797.4
450.5	201773601783295.56
451.5	202009475921342.47
452.5	201336922248160.4
453.5	201096624107715.8
454.5	201518605924599.0
455.5	202171962131737.84
456.5	203338784516763.16
457.5	204755585931083.3
458.5	205862121558603.66
459.5	206861840750533.38
460.5	207816088635023.7
461.5	208513537948798.03
462.5	208714831198560.12
463.5	208420402901248.7
464.5	207730412984387.66
465.5	206937684156982.6
466.5	205990435249894.88
467.5	205668386231702.53
468.5	205973453546451.9
469.5	206603468194005.88
470.5	207575446465401.75
471.5	208990733178473.72
472.5	210508554223416.94
473.5	211945809943294.38
474.5	213378419981601.5
475.5	214801657432657.25
476.5	215976010953622.03
477.5	217100077809593.3
478.5	218209302988466.5
479.5	218735051527256.34
480.5	218561518394049.44
481.5	216969779045469.4
482.5	214405262173902.12
483.5	211344875228286.9
484.5	208259122711938.7
485.5	205642248410554.66
486.5	204093956522706.25
487.5	204053545432477.97
488.5	205222679509479.22
489.5	206974466851995.7
490.5	209001425827666.34
491.5	210903087904128.6
492.5	212554179028600.97
493.5	213595991137850.03
494.5	214307961627434.97
495.5	214456113486592.47
496.5	214142058456757.97
497.5	213650652709809.03
498.5	212934945931051.9
499.5	212223731203903.94
500.5	211768870758638.06
501.5	211674059227023.56
502.5	212046671219412.66
503.5	212798672257397.38
504.5	213766522844021.06
505.5	214793114879714.47
506.5	215662549877748.22
507.5	216107861584350.97
508.5	216210771481930.88
509.5	216029511478470.9
510.5	215406033641190.56
511.5	213939425184466.2
512.5	211911103637305.5
513.5	209863335594140.88
514.5	208021985096440.2
515.5	206426319446307.22
516.5	205161820778194.16
517.5	204479891358768.97
518.5	205265517929220.3
519.5	206668345190880.1
520.5	208161586555339.34
521.5	209640731123308.62
522.5	211227731071197.22
523.5	212990872672498.06
524.5	214570465140079.9
525.5	215716928339012.38
526.5	216532636267501.47
527.5	217355762292778.06
528.5	218659205841229.88
529.5	219839571267407.84
530.5	220821998133426.1
531.5	221565922827401.47
532.5	222038801342111.88
533.5	222406264083945.6
534.5	222597236182569.78
535.5	222565554462090.38
536.5	222249593722388.1
537.5	221967798741267.25
538.5	221749242080494.4
539.5	221622730132132.56
540.5	221676799340395.9
541.5	221866998241522.4
542.5	222177423003596.44
543.5	222607063435051.3
544.5	223097162652838.4
545.5	223560080866107.88
546.5	223957902980855.78
547.5	224468943158517.94
548.5	224916183186766.9
549.5	225283838046984.72
550.5	225428862662478.6
551.5	225387697108625.03
552.5	225248530889211.25
553.5	225146575036739.03
554.5	225002322153968.4
555.5	224820154782650.03
556.5	224565932640294.47
557.5	224322950249408.88
558.5	224139548923970.94
559.5	224179782476957.4
560.5	224336317074820.78
561.5	224550855102303.72
562.5	224785891783887.78
563.5	225062829399378.03
564.5	225375316145704.62
565.5	225870446960806.53
566.5	226378661814817.7
567.5	226901658085089.0
568.5	227371041566307.25
569.5	227808847785024.75
570.5	228185153328326.12
571.5	228660224533550.84
572.5	229176326039672.06
573.5	229643316437089.4
574.5	230063129572380.5
575.5	230422565420794.9
576.5	230681921647956.94
577.5	230905953113549.3
578.5	231074242709931.03
579.5	231114104006132.03
580.5	231002641849206.66
581.5	230772984385329.78
582.5	230506803442779.75
583.5	230221444309055.53
584.5	229914114009267.03
585.5	229570889382617.47
586.5	229261899430744.53
587.5	228971226276488.3
588.5	228808049022854.66
589.5	228690589706295.88
590.5	228768585341187.25
591.5	228868161140124.75
592.5	229002219063764.53
593.5	229144084502681.06
594.5	229290909343315.97
595.5	229457834175471.4
596.5	229628936147454.34
597.5	229758525578709.75
598.5	229861446297041.12
599.5	229837182733144.5
600.5	229769808911061.38
601.5	229616031507666.44
602.5	229456868205006.12
603.5	229291840430878.03
604.5	229030344750704.25
605.5	228703516555129.62
606.5	228291777823163.84
607.5	227845268574653.88
608.5	227401807272424.34
609.5	226957008357930.2
610.5	226580623227430.25
611.5	226209698083770.72
612.5	225845687361870.72
613.5	225479771549703.2
614.5	225121533116147.06
615.5	224771004105329.94
616.5	224660255987138.06
617.5	224558554022482.25
618.5	224621523186497.25
619.5	224679199158333.1
620.5	224668085851533.7
621.5	224654589508841.4
622.5	224611561591906.12
623.5	224567599041939.53
624.5	224558527427369.75
625.5	224548273285378.94
626.5	224580297929612.66
627.5	224613092568197.5
628.5	224539222633213.88
629.5	224450902831261.84
630.5	224317484832830.3
631.5	224171574648048.38
632.5	224071548875631.56
633.5	223991446640760.38
634.5	223907971162356.6
635.5	223821605450562.53
636.5	223698969296967.7
637.5	223528521518239.38
638.5	223353055066794.94
639.5	223166784229426.78
640.5	222981574665658.88
641.5	222822422844907.5
642.5	222661689454243.8
643.5	222242996139312.88
644.5	221790187975434.2
645.5	221297617280582.06
646.5	220784880810588.97
647.5	220290207126872.3
648.5	219819348964194.53
649.5	219358090668262.66
650.5	218946037233347.97
651.5	218531678534126.7
652.5	218179556962864.44
653.5	217831721054759.78
654.5	217590739851930.7
655.5	217414876957805.47
656.5	217339860050495.25
657.5	217502894235451.38
658.5	217665417320038.88
659.5	217981279710765.28
660.5	218301863042881.56
661.5	218603591603411.97
662.5	218893179507590.56
663.5	219170319210717.75
664.5	219405974901876.97
665.5	219641345660518.06
666.5	219846652930283.03
667.5	220045905293261.9
668.5	220183504728673.0
669.5	220235803645987.4
670.5	220287274869280.38
671.5	220131459287942.78
672.5	219969981367493.53
673.5	219803916073386.6
674.5	219633372467865.5
675.5	219461446460945.66
676.5	219290993979624.7
677.5	219119077078812.88
678.5	218929071385368.3
679.5	218722184077001.84
680.5	218513738112008.53
681.5	218299807956134.16
682.5	218084307623356.38
683.5	217867724931930.53
684.5	217650195258965.34
685.5	217431098653216.16
686.5	217178019880194.38
687.5	216918429026854.66
688.5	216660702823791.0
689.5	216410896789867.28
690.5	216159453363193.44
691.5	215898097111078.1
692.5	215630617085299.2
693.5	215361633839730.78
694.5	215107929848724.75
695.5	214852600956113.7
696.5	214602016230892.25
697.5	214362206130600.2
698.5	214120824919244.1
699.5	213883488465051.4
700.5	213647625208633.66
701.5	213410215543931.72
702.5	213184836614573.84
703.5	212958817790542.0
704.5	212726272329232.53
705.5	212472093415282.1
706.5	212216337938727.1
707.5	211961978130259.22
708.5	211709995663770.9
709.5	211456456174365.44
710.5	211200890359789.4
711.5	210943513144368.38
712.5	210684576873648.7
713.5	210416402375858.5
714.5	210145072250595.53
715.5	209872157135866.62
716.5	209614588551869.25
717.5	209355653504303.3
718.5	209100854825792.78
719.5	208882557142220.16
720.5	208662843692593.8
721.5	208444001401508.9
722.5	208231001648938.16
723.5	208016612544319.06
724.5	207798564849234.2
725.5	207574292750369.12
726.5	207348611723554.97
727.5	207130041338374.72
728.5	206924004904125.56
729.5	206716621177446.12
730.5	206525729088607.56
731.5	206359244344636.56
732.5	206191531430989.72
733.5	206013731315891.94
734.5	205822428295788.0
735.5	205629839592899.1
736.5	205434355023168.38
737.5	205235161842640.62
738.5	205034672048003.6
739.5	204855088534904.47
740.5	204715558164382.28
741.5	204574902746606.0
742.5	204441938556823.44
743.5	204330574021950.16
744.5	204218169252475.44
745.5	204105461170992.9
746.5	203995317574267.94
747.5	203884145372287.75
748.5	203770903855864.47
749.5	203631620563457.56
750.5	203491239146143.6
751.5	203349759603922.56
752.5	203211520012533.34
753.5	203072730705184.72
754.5	202932856227726.16
755.5	202772202078167.06
756.5	202601958949233.62
757.5	202430556169706.16
758.5	202245511597986.72
759.5	202046265718170.03
760.5	201845793018983.22
761.5	201646631344453.94
762.5	201454296575545.12
763.5	201260762759689.3
764.5	201066029896886.5
765.5	200885354512029.16
766.5	200703992408193.4
767.5	200521472350490.2
768.5	200360921219901.84
769.5	200210677996529.9
770.5	200059366650735.7
771.5	199906371438735.5
772.5	199751161501709.75
773.5	199594878881618.84
774.5	199437523578462.84
775.5	199266747992519.03
776.5	199094742995222.3
777.5	198921633148972.8
778.5	198751068087022.12
779.5	198581843766372.97
780.5	198411530223545.88
781.5	198239098046743.7
782.5	198061179852742.62
783.5	197882158571031.1
784.5	197702034201609.0
785.5	197489818245953.03
786.5	197265518589376.0
787.5	197040009221665.62
788.5	196809400518917.56
789.5	196567042511387.75
790.5	196323438252421.56
791.5	196078587742018.8
792.5	195852506602119.06
793.5	195631215959752.28
794.5	195408744666741.94
795.5	195192089314935.4
796.5	194997723720460.72
797.5	194802253955454.6
798.5	194605680019916.97
799.5	194385329135353.2
800.5	194152636205739.0
801.5	193918754452765.56
802.5	193684954816215.0
803.5	193464603544095.56
804.5	193243103041756.44
805.5	193020453309197.72
806.5	192813152789725.75
807.5	192624933720567.22
808.5	192435656340488.12
809.5	192245320649488.4
810.5	192044362836323.7
811.5	191839929209673.62
812.5	191634407772376.75
813.5	191425354681450.62
814.5	191195410554279.28
815.5	190964323996290.53
816.5	190732095007484.34
817.5	190513049507306.6
818.5	190314411789691.94
819.5	190114719261562.28
820.5	189913971922917.66
821.5	189730291640999.75
822.5	189555370474236.84
823.5	189379462372298.53
824.5	189202567335184.94
825.5	189005528320304.2
826.5	188804840468536.6
827.5	188603112939336.72
828.5	188395307939059.53
829.5	188119439627732.5
830.5	187842357906974.0
831.5	187564062776784.0
832.5	187276536796586.56
833.5	186962359087244.0
834.5	186646887713809.47
835.5	186330122676283.12
836.5	186023814454492.75
837.5	185736272154963.84
838.5	185447512122134.62
839.5	185157534356005.06
840.5	184839239788331.97
841.5	184489068122833.0
842.5	184137541525718.5
843.5	183784659996988.34
844.5	183406870286105.7
845.5	183007582224880.9
846.5	182606835935105.9
847.5	182204631416780.75
848.5	181851022563437.22
849.5	181532362104162.9
850.5	181212446833701.84
851.5	180891276752054.03
852.5	180631925583503.78
853.5	180415349884997.5
854.5	180197770177926.06
855.5	179979186462289.4
856.5	179807751923409.16
857.5	179671794317144.03
858.5	179535029968565.9
859.5	179397458877674.75
860.5	179265514684083.84
861.5	179138967224887.62
862.5	179011642343493.78
863.5	178883540039902.28
864.5	178786511554061.16
865.5	178731049583306.06
866.5	178674981555653.62
867.5	178618307471103.72
868.5	178586657769868.66
869.5	178608988430711.38
870.5	178630897479390.56
871.5	178652384915906.1
872.5	178668668384574.2
873.5	178661143369118.38
874.5	178653132256675.97
875.5	178644635047247.0
876.5	178635651740831.53
877.5	178572534255048.94
878.5	178508808397448.22
879.5	178444474168029.28
880.5	178379531566792.22
881.5	178319353922226.8
882.5	178260010070682.2
883.5	178200073279382.06
884.5	178139543548326.47
885.5	178061704820767.53
886.5	177970086521448.06
887.5	177877807862607.28
888.5	177784868844245.06
889.5	177684085272089.88
890.5	177565016523751.94
891.5	177445231714748.8
892.5	177324730845080.5
893.5	177203513914747.16
894.5	177040169743345.34
895.5	176876016920601.16
896.5	176711055446514.56
897.5	176545285321085.56
898.5	176360939194557.2
899.5	176166984045397.9
900.5	175972161216665.97
901.5	175776470708361.28
902.5	175588572925096.3
903.5	175419124397625.66
904.5	175248870100364.16
905.5	175077810033311.84
906.5	174905944196468.7
907.5	174742474929789.62
908.5	174578913586452.5
909.5	174414568280463.28
910.5	174249439011821.94
911.5	174079586510205.16
912.5	173905152461048.06
913.5	173729917501220.34
914.5	173553881630721.97
915.5	173375817433050.8
916.5	173180624726102.16
917.5	172984592802592.12
918.5	172787721662520.75
919.5	172590011305888.06
920.5	172407207580321.9
921.5	172234552766462.47
922.5	172061116721652.4
923.5	171886899445891.7
924.5	171713592961266.66
925.5	171556635634791.56
926.5	171398937748529.44
927.5	171240499302480.4
928.5	171081320296644.44
929.5	170902389595915.28
930.5	170707724038529.7
931.5	170512244874653.4
932.5	170315952104286.44
933.5	170118845727428.88
934.5	169927004463752.03
935.5	169734362603150.4
936.5	169540920145624.03
937.5	169346677091172.97
938.5	169162874281392.53
939.5	168994487910670.1
940.5	168825359369633.1
941.5	168655488658281.47
942.5	168484875776615.34
943.5	168356746209333.72
944.5	168238783924354.38
945.5	168120194003996.03
946.5	168000976448258.7
947.5	167869576277525.72
948.5	167671976756829.12
949.5	167473586997698.2
950.5	167274407000133.03
951.5	167074436764133.6
952.5	166873676289699.88
953.5	166717932671790.53
954.5	166575975466700.56
955.5	166433354446864.5
956.5	166290069612282.44
957.5	166150010410374.72
958.5	166048663225124.94
959.5	165946742493708.56
960.5	165844248216125.72
961.5	165741180392376.3
962.5	165648347893110.34
963.5	165571888054832.0
964.5	165494912260107.6
965.5	165417420508937.1
966.5	165339412801320.47
967.5	165250961194111.84
968.5	165157078170990.25
969.5	165062648560258.4
970.5	164967672361916.56
971.5	164872149575964.56
972.5	164747374472706.84
973.5	164619495029775.34
974.5	164491004830842.75
975.5	164361903875909.16
976.5	164227805303346.66
977.5	164068202650232.88
978.5	163907929342000.47
979.5	163746985378649.34
980.5	163585370760179.44
981.5	163421776724410.8
982.5	163255076331956.47
983.5	163087697664779.7
984.5	162919640722880.53
985.5	162750905506258.97
986.5	162575873492605.94
987.5	162394960227822.6
988.5	162213346782892.53
989.5	162031033157815.6
990.5	161848019352591.78
991.5	161660317876617.88
992.5	161470029818428.25
993.5	161279029751636.4
994.5	161087317676242.28
995.5	160894893592246.0
996.5	160717701902366.12
997.5	160543820305472.9
998.5	160369266700987.88
999.5	160194041088910.9
1000.5	160018143469242.03
1001.5	159871169494948.28
1002.5	159726512580974.4
1003.5	159581248607377.75
1004.5	159435377574158.4
1005.5	159288899481316.38
1006.5	159164481735226.3
1007.5	159039731162738.88
1008.5	158914419027638.34
1009.5	158788545329924.66
1010.5	158661296205961.72
1011.5	158518005196755.5
1012.5	158374120408661.72
1013.5	158229641841680.2
1014.5	158084569495810.9
1015.5	157939809694035.38
1016.5	157804890876264.38
1017.5	157669400591840.53
1018.5	157533338840764.0
1019.5	157396705623034.6
1020.5	157260455001956.2
1021.5	157133290876948.75
1022.5	157005576060797.34
1023.5	156877310553501.9
1024.5	156748494355062.53
1025.5	156618343469052.84
1026.5	156479705557956.78
1027.5	156340499966791.5
1028.5	156200726695557.06
1029.5	156060385744253.5
1030.5	155918224620334.44
1031.5	155755851960663.47
1032.5	155592871106850.94
1033.5	155429282058896.9
1034.5	155265084816801.28
1035.5	155100225435947.16
1036.5	154929412082241.44
1037.5	154757980115346.94
1038.5	154585929535263.7
1039.5	154413260341991.7
1040.5	154239972535530.88
1041.5	154065686095247.66
1042.5	153890751680851.66
1043.5	153715197868582.66
1044.5	153539024658440.62
1045.5	153362232050425.53
1046.5	153169095752950.9
1047.5	152972312041222.34
1048.5	152774873156379.9
1049.5	152576779098423.66
1050.5	152378029867353.56
1051.5	152159259114183.8
1052.5	151932626643964.25
1053.5	151705288540820.66
1054.5	151477244804753.06
1055.5	151248495435761.53
1056.5	151017920882059.88
1057.5	150785891501763.94
1058.5	150553152956277.78
1059.5	150319705245601.38
1060.5	150085548369734.72
1061.5	149845707385938.53
1062.5	149599302211569.66
1063.5	149352167495010.22
1064.5	149104303236260.28
1065.5	148855709435319.84
1066.5	148609416732592.28
1067.5	148369826971950.1
1068.5	148129527266837.28
1069.5	147888517617253.84
1070.5	147646798023199.8
1071.5	147408144281582.56
1072.5	147199365783789.84
1073.5	146989941411384.47
1074.5	146779871164366.5
1075.5	146569155042735.97
1076.5	146357793046492.84
1077.5	146175051419485.22
1078.5	145994615390313.88
1079.5	145813593181578.72
1080.5	145631984793279.72
1081.5	145449790225416.97
1082.5	145294977660654.9
1083.5	145152207612819.8
1084.5	145008926274285.7
1085.5	144865133645052.47
1086.5	144720829725120.25
1087.5	144589890113581.53
1088.5	144474768454605.78
1089.5	144359190979590.0
1090.5	144243157688534.2
1091.5	144126668581438.47
1092.5	144012676180036.8
1093.5	143909350639927.62
1094.5	143805595022226.6
1095.5	143701409326933.75
1096.5	143596793554048.97
1097.5	143491747703572.47
1098.5	143400607018886.47
1099.5	143309817529605.12
1100.5	143218625436068.12
1101.5	143127030738275.44
1102.5	143035033436227.0
1103.5	142934260459060.4
1104.5	142828941915085.8
1105.5	142723198116885.9
1106.5	142617029064460.84
1107.5	142510434757810.47
1108.5	142398061499251.9
1109.5	142276129348093.25
1110.5	142153745836343.62
1111.5	142030910964003.1
1112.5	141907624731071.56
1113.5	141783797133230.28
1114.5	141658321167587.2
1115.5	141532391531921.62
1116.5	141406008226233.6
1117.5	141279171250523.2
1118.5	141151880604790.34
1119.5	141019032738785.72
1120.5	140884019382197.22
1121.5	140748540198849.03
1122.5	140612595188741.16
1123.5	140476184351873.62
1124.5	140335277672772.53
1125.5	140188093551477.17
1126.5	140040426121330.48
1127.5	139892275382332.45
1128.5	139743641334483.12
1129.5	139594844483791.08
1130.5	139449826812967.44
1131.5	139304333940697.98
1132.5	139158365866982.72
1133.5	139011922591821.58
1134.5	138865004115214.7
1135.5	138718884167819.53
1136.5	138572811976807.3
1137.5	138426267744167.56
1138.5	138279251469900.3
1139.5	138131763154005.6
1140.5	137986511772676.16
1141.5	137846056311855.9
1142.5	137705142781485.38
1143.5	137563771181564.58
1144.5	137421941512093.45
1145.5	137279653773072.11
1146.5	137122698567326.14
1147.5	136964820655391.94
1148.5	136806459119850.66
1149.5	136647613960702.3
1150.5	136488285177946.81
1151.5	136325353574576.83
1152.5	136159672239554.8
1153.5	135993497940194.64
1154.5	135826830676496.44
1155.5	135659670448460.1
1156.5	135494062366514.88
1157.5	135337289527003.14
1158.5	135180043371617.75
1159.5	135022323900358.81
1160.5	134864131113226.3
1161.5	134705465010220.22
1162.5	134543775988527.11
1163.5	134380847039761.77
1164.5	134217439078482.03
1165.5	134053552104687.83
1166.5	133889186118379.22
1167.5	133723227421654.52
1168.5	133554717736918.61
1169.5	133385723588714.9
1170.5	133216244977043.48
1171.5	133046281901904.39
1172.5	132875834363297.48
1173.5	132711392867426.36
1174.5	132546966918908.1
1175.5	132382068401321.58
1176.5	132216697314666.86
1177.5	132050853658943.98
1178.5	131895514001884.53
1179.5	131751154688872.94
1180.5	131606360823184.55
1181.5	131461132404819.33
1182.5	131315469433777.34
1183.5	131170439697698.64
1184.5	131045282320907.81
1185.5	130919726480587.3
1186.5	130793772176737.06
1187.5	130667419409357.19
1188.5	130540668178447.6
1189.5	130417628513703.36
1190.5	130296939619248.22
1191.5	130175863778790.94
1192.5	130054400992331.42
1193.5	129932551259869.75
1194.5	129812883400471.81
1195.5	129707401723912.0
1196.5	129601561775205.95
1197.5	129495363554353.62
1198.5	129388807061355.02
1199.5	129281892296210.16
1200.5	129191848717192.56
1201.5	129109590304032.83
1202.5	129027015830203.1
1203.5	128944125295703.36
1204.5	128860918700533.66
1205.5	128777951535080.38
1206.5	128696640330199.5
1207.5	128615017253709.34
1208.5	128533082305609.81
1209.5	128450835485900.94
1210.5	128368276794582.77
1211.5	128282828976328.89
1212.5	128196158762233.33
1213.5	128109170926999.0
1214.5	128021865470625.84
1215.5	127934242393113.94
1216.5	127845184189166.66
1217.5	127752782639939.33
1218.5	127660056664955.83
1219.5	127567006264216.22
1220.5	127473631437720.4
1221.5	127379932185468.47
1222.5	127280236650718.19
1223.5	127178606348042.12
1224.5	127076639723313.48
1225.5	126974336776532.25
1226.5	126871697507698.36
1227.5	126766232616978.55
1228.5	126654614250175.95
1229.5	126542646041701.81
1230.5	126430327991556.2
1231.5	126317660099739.05
1232.5	126204642366250.33
1233.5	126084206998889.38
1234.5	125961751108894.88
1235.5	125838931229406.58
1236.5	125715747360424.48
1237.5	125592199501948.58
1238.5	125468363355985.77
1239.5	125344331976842.5
1240.5	125219937002553.45
1241.5	125095178433118.67
1242.5	124970056268538.12
1243.5	124844570508811.78
1244.5	124706636155315.48
1245.5	124565663849022.31
1246.5	124424304262885.64
1247.5	124282557396905.42
1248.5	124140423251081.61
1249.5	123992617337838.6
1250.5	123833177162866.44
1251.5	123673323275039.58
1252.5	123513055674358.1
1253.5	123352374360822.0
1254.5	123191279334431.3
1255.5	123041970372415.8
1256.5	122894947264573.45
1257.5	122747534144039.12
1258.5	122599731010812.83
1259.5	122451537864894.55
1260.5	122306434022251.39
1261.5	122168696115195.17
1262.5	122030586003618.12
1263.5	121892103687520.36
1264.5	121753249166901.81
1265.5	121614022441762.47
1266.5	121477721938683.58
1267.5	121341828755711.95
1268.5	121205569798747.1
1269.5	121068945067789.02
1270.5	120931954562837.77
1271.5	120800513355172.72
1272.5	120682528365348.16
1273.5	120564208615143.12
1274.5	120445554104557.5
1275.5	120326564833591.36
1276.5	120207240802244.67
1277.5	120104681631962.12
1278.5	120006092723410.23
1279.5	119907202517533.47
1280.5	119808011014331.9
1281.5	119708518213805.45
1282.5	119615222912154.25
1283.5	119537559699740.1
1284.5	119459630136811.33
1285.5	119381434223367.92
1286.5	119302971959409.9
1287.5	119224243344937.27
1288.5	119141981127611.55
1289.5	119058525240457.84
1290.5	118974796500988.86
1291.5	118890794909204.64
1292.5	118806520465105.2
1293.5	118722602440421.94
1294.5	118640031914676.17
1295.5	118557192011526.73
1296.5	118474082730973.58
1297.5	118390704073016.73
1298.5	118307056037656.2
1299.5	118222442405595.17
1300.5	118137350202971.62
1301.5	118051987231361.6
1302.5	117966353490765.1
1303.5	117880448981182.14
1304.5	117792646134126.3
1305.5	117699934161438.9
1306.5	117606941822403.95
1307.5	117513669117021.42
1308.5	117420116045291.27
1309.5	117326282607213.55
1310.5	117231988375118.8
1311.5	117137356480683.27
1312.5	117042443857588.33
1313.5	116947250505833.94
1314.5	116851776425420.14
1315.5	116756606202629.23
1316.5	116662821227224.69
1317.5	116568758941494.12
1318.5	116474419345437.5
1319.5	116379802439054.83
1320.5	116284908222346.12
1321.5	116190239013808.78
1322.5	116095452002099.53
1323.5	116000388680359.94
1324.5	115905049048590.03
1325.5	115809433106789.77
1326.5	115713634573255.1
1327.5	115617826808763.22
1328.5	115521743277708.75
1329.5	115425383980091.67
1330.5	115328748915912.05
1331.5	115231838085169.8
1332.5	115135831511726.66
1333.5	115039923861632.0
1334.5	114943742775425.77
1335.5	114847288253107.94
1336.5	114750560294678.52
1337.5	114651005725065.97
1338.5	114544265711469.67
1339.5	114437238121643.69
1340.5	114329922955588.05
1341.5	114222320213302.72
1342.5	114114429894787.75
1343.5	114007252535939.97
1344.5	113900071502791.95
1345.5	113792604802961.48
1346.5	113684852436448.56
1347.5	113576814403253.12
1348.5	113466836889511.22
1349.5	113352519261113.38
1350.5	113237907508033.17
1351.5	113123001630270.58
1352.5	113007801627825.62
1353.5	112892307500698.33
1354.5	112785365739418.1
1355.5	112680219550549.38
1356.5	112574795363381.88
1357.5	112469093177915.5
1358.5	112363112994150.27
1359.5	112256182990220.45
1360.5	112147608994373.73
1361.5	112038754005268.45
1362.5	111929618022904.69
1363.5	111820201047282.47
1364.5	111710503078401.67
1365.5	111611106318434.05
1366.5	111513168010240.58
1367.5	111414966731324.31
1368.5	111316502481685.22
1369.5	111217775261323.28
1370.5	111120145710519.73
1371.5	111024476786483.44
1372.5	110928550117017.77
1373.5	110832365702122.72
1374.5	110735923541798.25
1375.5	110639223636044.39
1376.5	110537850100874.42
1377.5	110435828135297.48
1378.5	110333541450264.44
1379.5	110230990045775.27
1380.5	110128173921830.0
1381.5	110026156941928.42
1382.5	109925126569972.03
1383.5	109823834826727.11
1384.5	109722281712193.6
1385.5	109620467226371.52
1386.5	109518391369260.88
1387.5	109414083671775.28
1388.5	109309511762685.34
1389.5	109204675641991.02
1390.5	109099575309692.36
1391.5	108994210765789.33
1392.5	108881346853399.44
1393.5	108762284412872.28
1394.5	108642938866908.53
1395.5	108523310215508.12
1396.5	108403398458671.16
1397.5	108283237899011.89
1398.5	108163103227447.3
1399.5	108042685941360.14
1400.5	107921986040750.36
1401.5	107801003525617.92
1402.5	107679738395962.88
1403.5	107554937656621.02
1404.5	107428172687817.28
1405.5	107301118080934.75
1406.5	107173773835973.44
1407.5	107046139952933.27
1408.5	106920865466011.75
1409.5	106804703800952.75
1410.5	106688269595528.2
1411.5	106571562849738.05
1412.5	106454583563582.3
1413.5	106337331737060.98
1414.5	106221790521078.05
1415.5	106106507108144.12
1416.5	105990954704250.92
1417.5	105875133309398.42
1418.5	105759042923586.62
1419.5	105643810665112.22
1420.5	105530231503086.61
1421.5	105416387642128.0
1422.5	105302279082236.38
1423.5	105187905823411.78
1424.5	105073267865654.19
1425.5	104967793320672.06
1426.5	104862563869058.69
1427.5	104757083642508.25
1428.5	104651352641020.8
1429.5	104545370864596.28
1430.5	104443972247213.81
1431.5	104346450287460.73
1432.5	104248690068296.05
1433.5	104150691589719.81
1434.5	104052454851731.97
1435.5	103955471159699.53
1436.5	103867418543493.66
1437.5	103779142508950.62
1438.5	103690643056070.5
1439.5	103601920184853.27
1440.5	103512973895298.86
1441.5	103430883222729.88
1442.5	103351067907657.86
1443.5	103271042446900.77
1444.5	103190806840458.55
1445.5	103110361088331.28
1446.5	103028392945866.86
1447.5	102943774132788.67
1448.5	102858939990104.98
1449.5	102773890517815.81
1450.5	102688625715921.12
1451.5	102603145584420.95
1452.5	102512549008618.23
1453.5	102421526000980.6
1454.5	102330280634026.19
1455.5	102238812907755.0
1456.5	102147122822167.08
1457.5	102052296824044.42
1458.5	101955218406874.48
1459.5	101857910854091.67
1460.5	101760374165695.94
1461.5	101662608341687.34
1462.5	101564526406478.86
1463.5	101465906637876.44
1464.5	101367057193020.3
1465.5	101267978071910.48
1466.5	101168669274547.0
1467.5	101069130800929.88
1468.5	100946698170746.48
1469.5	100820312917748.88
1470.5	100693662096026.48
1471.5	100566745705579.39
1472.5	100439563746407.55
1473.5	100317122930973.48
1474.5	100199433452787.47
1475.5	100081491997223.77
1476.5	99963298564282.39
1477.5	99844853153963.25
1478.5	99727311996925.53
1479.5	99615594743184.55
1480.5	99503635287434.92
1481.5	99391433629676.73
1482.5	99278989769909.94
1483.5	99166303708134.56
1484.5	99065411449884.38
1485.5	98966937034946.5
1486.5	98868240193083.33
1487.5	98769320924294.78
1488.5	98670179228580.88
1489.5	98578920455317.38
1490.5	98495891982173.02
1491.5	98412663292951.7
1492.5	98329234387653.44
1493.5	98245605266278.23
1494.5	98164391938932.86
1495.5	98095762727192.11
1496.5	98026953892609.28
1497.5	97957965435184.34
1498.5	97888797354917.28
1499.5	97819449651808.12
1500.5	97776490221412.42
1501.5	97738078156981.44
1502.5	97699528130951.56
1503.5	97660840143322.78
1504.5	97622014194095.12
1505.5	97587023049917.66
1506.5	97555151826299.39
1507.5	97523152236847.22
1508.5	97491024281561.1
1509.5	97458767960441.08
1510.5	97422974496669.14
1511.5	97376815053005.16
1512.5	97330509189740.61
1513.5	97284056906875.45
1514.5	97237458204409.73
1515.5	97190713082343.4
1516.5	97139922865982.52
1517.5	97088818536449.4
1518.5	97037562431404.77
1519.5	96986154550848.6
1520.5	96934594894780.92
1521.5	96874561487465.75
1522.5	96810446567667.45
1523.5	96746163785338.78
1524.5	96681713140479.69
1525.5	96617094633090.19
1526.5	96539814434867.23
1527.5	96444359303337.16
1528.5	96348696384282.3
1529.5	96252825677702.64
1530.5	96156747183598.22
1531.5	96058372440176.14
1532.5	95946949682610.89
1533.5	95835299656509.78
1534.5	95723422361872.81
1535.5	95611317798699.97
1536.5	95498985966991.27
1537.5	95370263770634.19
1538.5	95239294295231.22
1539.5	95108073927510.69
1540.5	94976602667472.67
1541.5	94844880515117.11
1542.5	94691770764770.22
1543.5	94526485611512.25
1544.5	94360906744409.83
1545.5	94195034163463.05
1546.5	94028867868671.81
1547.5	93864833195997.72
1548.5	93704000316930.3
1549.5	93542881369192.7
1550.5	93381476352784.9
1551.5	93219785267706.95
1552.5	93053855152135.61
1553.5	92869614339001.5
1554.5	92685059166184.03
1555.5	92500189633683.12
1556.5	92315005741498.83
1557.5	92129507489631.11
1558.5	91954228208358.33
1559.5	91779087255040.4
1560.5	91603646022525.52
1561.5	91427904510813.62
1562.5	91251862719904.75
1563.5	91088047645522.9
1564.5	90928126652200.89
1565.5	90767926745413.89
1566.5	90607447925161.83
1567.5	90446690191444.73
1568.5	90304204443236.16
1569.5	90176651120898.2
1570.5	90048861892946.33
1571.5	89920836759380.55
1572.5	89792575720200.84
1573.5	89674989963205.17
1574.5	89576592164196.73
1575.5	89477996983698.92
1576.5	89379204421711.73
1577.5	89280214478235.2
1578.5	89183578647014.52
1579.5	89098379502236.92
1580.5	89013000936014.6
1581.5	88927442948347.6
1582.5	88841705539235.86
1583.5	88755872100771.5
1584.5	88678120376952.12
1585.5	88600199764317.3
1586.5	88522110262867.03
1587.5	88443851872601.27
1588.5	88365424593520.06
1589.5	88309148857200.72
1590.5	88256673694676.97
1591.5	88204062684333.38
1592.5	88151315826169.95
1593.5	88098433120186.67
1594.5	88042377341181.02
1595.5	87984879420435.81
1596.5	87927240209546.31
1597.5	87869459708512.58
1598.5	87811537917334.56
1599.5	87744710177177.23
1600.5	87670554619797.06
1601.5	87607133903684.8
1602.5	87566734158410.28
1603.5	87526215719944.19
1604.5	87485578588286.5
1605.5	87444822763437.28
1606.5	87403948245396.48
1607.5	87362955034164.14
1608.5	87321843129740.23
1609.5	87280612532124.75
1610.5	87239263241317.72
1611.5	87197795257319.14
1612.5	87156208580128.98
1613.5	87114503209747.28
1614.5	87072679146174.0
1615.5	87030736389409.16
1616.5	86988674939452.75
1617.5	86907745887755.39
1618.5	86804840494433.0
1619.5	86701741545267.3
1620.5	86598449040258.25
1621.5	86494962979405.9
1622.5	86391283362710.25
1623.5	86287410190171.27
1624.5	86183343461788.95
1625.5	86079083177563.34
1626.5	85974629337494.4
1627.5	85869981941582.14
1628.5	85765140989826.6
1629.5	85660106482227.67
1630.5	85554878418785.47
1631.5	85449456799499.94
1632.5	85345063397495.95
1633.5	85254536934068.23
1634.5	85163835624952.25
1635.5	85072959470147.98
1636.5	84981908469655.47
1637.5	84890682623474.67
1638.5	84799281931605.62
1639.5	84707706394048.3
1640.5	84615956010802.7
1641.5	84524030781868.84
1642.5	84431930707246.73
1643.5	84339655786936.34
1644.5	84247206020937.69
1645.5	84154581409250.78
1646.5	84061781951875.58
1647.5	83968807648812.12
1648.5	83872896214889.55
1649.5	83774885865481.16
1650.5	83676694990264.06
1651.5	83578323589238.28
1652.5	83479771662403.75
1653.5	83381039209760.55
1654.5	83282126231308.62
1655.5	83183032727048.02
1656.5	83083758696978.67
1657.5	82984304141100.62
1658.5	82884669059413.9
1659.5	82784853451918.45
1660.5	82684857318614.28
1661.5	82584680659501.42
1662.5	82484323474579.88
1663.5	82385910367927.42
1664.5	82296382257351.05
1665.5	82206687065061.83
1666.5	82116824791059.72
1667.5	82026795435344.77
1668.5	81936598997916.98
1669.5	81846235478776.33
1670.5	81755704877922.81
1671.5	81665007195356.45
1672.5	81574142431077.23
1673.5	81483110585085.16
1674.5	81391911657380.23
1675.5	81300545647962.47
1676.5	81209012556831.84
1677.5	81117312383988.34
1678.5	81025445129432.02
1679.5	80923131423238.31
1680.5	80819367153954.62
1681.5	80715422049038.67
1682.5	80611296108490.4
1683.5	80506989332309.86
1684.5	80402501720497.02
1685.5	80297833273051.89
1686.5	80192983989974.45
1687.5	80087953871264.75
1688.5	79982742916922.75
1689.5	79877351126948.45
1690.5	79771778501341.86
1691.5	79666025040102.97
1692.5	79560090743231.8
1693.5	79453975610728.33
1694.5	79335806157733.67
1695.5	79211851035228.6
1696.5	79087694468053.55
1697.5	78963336456208.56
1698.5	78838776999693.67
1699.5	78714016098508.84
1700.5	78589053752654.05
1701.5	78463889962129.33
1702.5	78338524726934.66
1703.5	78212958047070.08
1704.5	78087189922535.55
1705.5	77961220353331.08
1706.5	77835049339456.67
1707.5	77708676880912.34
1708.5	77582102977698.05
1709.5	77458411272480.44
1710.5	77336849347777.81
1711.5	77215092307623.62
1712.5	77093140152017.9
1713.5	76970992880960.62
1714.5	76848650494451.78
1715.5	76726112992491.39
1716.5	76603380375079.48
1717.5	76480452642215.98
1718.5	76357329793900.94
1719.5	76234011830134.34
1720.5	76110498750916.22
1721.5	75986790556246.53
1722.5	75862887246125.27
1723.5	75738788820552.47
1724.5	75619049874724.88
1725.5	75502849743554.67
1726.5	75386464100971.39
1727.5	75269892946975.05
1728.5	75153136281565.62
1729.5	75036194104743.14
1730.5	74919066416507.55
1731.5	74801753216858.9
1732.5	74684254505797.17
1733.5	74566570283322.38
1734.5	74448700549434.48
1735.5	74330645304133.55
1736.5	74212404547419.52
1737.5	74093978279292.4
1738.5	73975366499752.22
1739.5	73887873636114.25
1740.5	73817850116745.67
1741.5	73747697324156.23
1742.5	73677415258345.9
1743.5	73607003919314.75
1744.5	73536463307062.73
1745.5	73465793421589.84
1746.5	73394994262896.11
1747.5	73324065830981.5
1748.5	73253008125846.06
1749.5	73181821147489.72
1750.5	73110504895912.55
1751.5	73039059371114.52
1752.5	72967484573095.62
1753.5	72895780501855.84
1754.5	72794062014521.69
1755.5	72685166096381.62
1756.5	72576098847182.98
1757.5	72466860266925.8
1758.5	72357450355610.08
1759.5	72247869113235.8
1760.5	72138116539802.95
1761.5	72028192635311.58
1762.5	71918097399761.64
1763.5	71807830833153.14
1764.5	71697392935486.11
1765.5	71586783706760.5
1766.5	71476003146976.38
1767.5	71365051256133.67
1768.5	71253316753163.12
1769.5	71133284330000.02
1770.5	71013070700079.48
1771.5	70892675863401.61
1772.5	70772099819966.3
1773.5	70651342569773.58
1774.5	70530404112823.48
1775.5	70409284449116.0
1776.5	70287983578651.1
1777.5	70166501501428.805
1778.5	70044838217449.13
1779.5	69922993726712.04
1780.5	69800968029217.555
1781.5	69678761124965.67
1782.5	69556373013956.39
1783.5	69433256306357.13
1784.5	69309231761538.664
1785.5	69185024582433.09
1786.5	69060634769040.42
1787.5	68936062321360.66
1788.5	68811307239393.805
1789.5	68686369523139.84
1790.5	68561249172598.77
1791.5	68435946187770.62
1792.5	68310460568655.36
1793.5	68184792315253.02
1794.5	68058941427563.56
1795.5	67932907905587.01
1796.5	67806691749323.36
1797.5	67680292958772.6
1798.5	67577782900819.73
1799.5	67478401261079.836
1800.5	67378867405541.61
1801.5	67279181334205.03
1802.5	67179343047070.09
1803.5	67079352544136.81
1804.5	66979209825405.17
1805.5	66878914890875.18
1806.5	66778467740546.84
1807.5	66677868374420.15
1808.5	66577116792495.12
1809.5	66476212994771.7
1810.5	66375156981249.96
1811.5	66273948751929.875
1812.5	66182397234349.625
1813.5	66104257459922.266
1814.5	66025991240277.97
1815.5	65947598575416.68
1816.5	65869079465338.42
1817.5	65790433910043.19
1818.5	65711661909531.0
1819.5	65632763463801.836
1820.5	65553738572855.695
1821.5	65474587236692.586
1822.5	65395309455312.5
1823.5	65315905228715.46
1824.5	65236374556901.445
1825.5	65156717439870.45
1826.5	65077755782625.664
1827.5	65011552141686.71
1828.5	64945237055165.84
1829.5	64878810523063.07
1830.5	64812272545378.38
1831.5	64745623122111.8
1832.5	64678862253263.29
1833.5	64611989938832.88
1834.5	64545006178820.56
1835.5	64477910973226.336
1836.5	64410704322050.2
1837.5	64343386225292.164
1838.5	64275956682952.195
1839.5	64208415695030.33
1840.5	64140763261526.555
1841.5	64046635045076.086
1842.5	63944926616279.516
1843.5	63843070032226.82
1844.5	63741065292918.03
1845.5	63638912398353.12
1846.5	63536611348532.11
1847.5	63434162143454.99
1848.5	63331564783121.766
1849.5	63228819267532.42
1850.5	63125925596686.98
1851.5	63022883770585.42
1852.5	62919693789227.766
1853.5	62816355652613.984
1854.5	62712869360744.1
1855.5	62611944572937.86
1856.5	62512681963659.766
1857.5	62413276066922.78
1858.5	62313726882726.89
1859.5	62214034411072.13
1860.5	62114198651958.45
1861.5	62014219605385.9
1862.5	61914097271354.46
1863.5	61813831649864.09
1864.5	61713422740914.84
1865.5	61612870544506.73
1866.5	61512175060639.695
1867.5	61411336289313.78
1868.5	61310354230528.95
1869.5	61229759310642.32
1870.5	61169584474975.66
1871.5	61109310278945.78
1872.5	61048936722552.734
1873.5	60988463805796.52
1874.5	60927891528677.09
1875.5	60867219891194.5
1876.5	60806448893348.71
1877.5	60745578535139.74
1878.5	60684608816567.59
1879.5	60623539737632.27
1880.5	60562371298333.75
1881.5	60501103498672.03
1882.5	60439736338647.16
1883.5	60395377548032.016
1884.5	60368054375666.195
1885.5	60340668174723.28
1886.5	60313218945203.266
1887.5	60285706687106.125
1888.5	60258131400431.93
1889.5	60230493085180.61
1890.5	60202791741352.195
1891.5	60175027368946.664
1892.5	60147199967964.06
1893.5	60119309538404.34
1894.5	60091356080267.54
1895.5	60063339593553.62
1896.5	60035260078262.62
1897.5	59970283575005.01
1898.5	59878518295506.56
1899.5	59786623050064.49
1900.5	59694597838678.73
1901.5	59602442661349.27
1902.5	59510157518076.2
1903.5	59417742408859.41
1904.5	59325197333698.97
1905.5	59232522292594.86
1906.5	59139717285547.086
1907.5	59046782312555.625
1908.5	58953717373620.52
1909.5	58860522468741.734
1910.5	58767197597919.27
1911.5	58650694411905.96
1912.5	58526350342165.27
1913.5	58401844152536.54
1914.5	58277175843019.78
1915.5	58152345413614.97
1916.5	58027352864322.14
1917.5	57902198195141.25
1918.5	57776881406072.32
1919.5	57651402497115.38
1920.5	57525761468270.39
1921.5	57399958319537.36
1922.5	57273993050916.31
1923.5	57147865662407.21
1924.5	57023319674936.39
1925.5	56984090296952.3
1926.5	56944789395127.27
1927.5	56905416969461.305
1928.5	56865973019954.4
1929.5	56826457546606.54
1930.5	56786870549417.734
1931.5	56747212028387.98
1932.5	56707481983517.305
1933.5	56667680414805.67
1934.5	56627807322253.11
1935.5	56587862705859.59
1936.5	56547846565625.125
1937.5	56507758901549.74
1938.5	56463531000860.41
1939.5	56412295996501.586
1940.5	56360978122910.04
1941.5	56309577380085.71
1942.5	56258093768028.67
1943.5	56206527286738.87
1944.5	56154877936216.32
1945.5	56103145716461.02
1946.5	56051330627472.98
1947.5	55999432669252.17
1948.5	55947451841798.625
1949.5	55895388145112.35
1950.5	55843241579193.305
1951.5	55791012144041.516
1952.5	55703715344445.27
1953.5	55606995401125.2
1954.5	55510147227065.44
1955.5	55413170822266.0
1956.5	55316066186726.86
1957.5	55218833320448.02
1958.5	55121472223429.484
1959.5	55023982895671.27
1960.5	54926365337173.36
1961.5	54828619547935.75
1962.5	54730745527958.45
1963.5	54632743277241.46
1964.5	54534612795784.78
1965.5	54453362323119.17
1966.5	54409877236546.55
1967.5	54366319747561.664
1968.5	54322689856164.56
1969.5	54278987562355.21
1970.5	54235212866133.62
1971.5	54191365767499.81
1972.5	54147446266453.76
1973.5	54103454362995.48
1974.5	54059390057124.96
1975.5	54015253348842.2
1976.5	53971044238147.2
1977.5	53926762725039.984
1978.5	53882408809520.53
1979.5	53846479617577.97
1980.5	53811327407983.555
1981.5	53776112230178.57
1982.5	53740834084163.02
1983.5	53705492969936.89
1984.5	53670088887500.164
1985.5	53634621836852.86
1986.5	53599091817994.98
1987.5	53563498830926.51
1988.5	53527842875647.47
1989.5	53492123952157.84
1990.5	53456342060457.63
1991.5	53420497200546.86
1992.5	53355699568822.125
1993.5	53269879268254.98
1994.5	53183946001980.445
1995.5	53097899769998.5
1996.5	53011740572309.13
1997.5	52925468408912.35
1998.5	52839083279808.19
1999.5	52752585184996.61
2000.5	52665974124477.625
2001.5	52579250098251.25
2002.5	52492413106317.44
2003.5	52405463148676.23
2004.5	52318400225327.61
2005.5	52241548567728.16
2006.5	52183777373539.01
2007.5	52125922630550.11
2008.5	52067984338761.484
2009.5	52009962498173.09
2010.5	51951857108784.98
2011.5	51893668170597.125
2012.5	51835395683609.53
2013.5	51777039647822.19
2014.5	51718600063235.1
2015.5	51660076929848.28
2016.5	51601470247661.71
2017.5	51542780016675.42
2018.5	51489469238605.695
2019.5	51459381501656.28
2020.5	51429238705023.414
2021.5	51399040848707.11
2022.5	51368787932707.32
2023.5	51338479957024.1
2024.5	51308116921657.42
2025.5	51277698826607.28
2026.5	51247225671873.695
2027.5	51216697457456.64
2028.5	51186114183356.14
2029.5	51155475849572.2
2030.5	51124782456104.79
2031.5	51087649366258.69
2032.5	51003611214653.8
2033.5	50919465623049.625
2034.5	50835212591446.195
2035.5	50750852119843.49
2036.5	50666384208241.51
2037.5	50581808856640.24
2038.5	50497126065039.71
2039.5	50412335833439.9
2040.5	50327438161840.836
2041.5	50242433050242.484
2042.5	50157320498644.84
2043.5	50072100507047.94
2044.5	49986715734573.15
2045.5	49900802760556.195
2046.5	49814781879099.84
2047.5	49728653090204.1
2048.5	49642416393868.98
2049.5	49556071790094.46
2050.5	49469619278880.56
2051.5	49383058860227.29
2052.5	49296390534134.62
2053.5	49209614300602.55
2054.5	49122730159631.11
2055.5	49035738111220.27
2056.5	48948638155370.05
2057.5	48869159240817.13
2058.5	48820510752625.734
2059.5	48771791921751.85
2060.5	48723002748195.53
2061.5	48674143231956.74
2062.5	48625213373035.47
2063.5	48576213171431.75
2064.5	48527142627145.56
2065.5	48478001740176.89
2066.5	48428790510525.78
2067.5	48379508938192.195
2068.5	48330157023176.14
2069.5	48280734765477.63
2070.5	48231242165096.65
2071.5	48181679222033.2
2072.5	48132045936287.305
2073.5	48082342307858.93
2074.5	48032568336748.09
2075.5	47982724022954.79
2076.5	47932809366479.01
2077.5	47882824367320.78
2078.5	47832769025480.086
2079.5	47782643340956.914
2080.5	47732447313751.3
2081.5	47682180943863.22
2082.5	47631844231292.64
2083.5	47581437176039.625
2084.5	47530959778104.13
2085.5	47480412037486.19
2086.5	47429793954185.77
2087.5	47379105528202.88
2088.5	47328346759537.54
2089.5	47277517648189.73
2090.5	47226618194159.45
2091.5	47175648397446.72
2092.5	47124608258051.516
2093.5	47073497775973.836
2094.5	47022316951213.695
2095.5	46971065783771.11
2096.5	46919744273646.04
2097.5	46868352420838.51
2098.5	46816890225348.52
2099.5	46765357687176.05
2100.5	46713754806321.13
2101.5	46662081582783.75
2102.5	46610338016563.89
2103.5	46558524107661.57
2104.5	46506639856076.78
2105.5	46454685261809.54
2106.5	46402660324859.83
2107.5	46350565045227.64
2108.5	46298399422913.01
2109.5	46246163457915.91
2110.5	46193857150236.32
2111.5	46141480499874.29
2112.5	46089033506829.79
2113.5	46036516171102.82
2114.5	45983928492693.4
2115.5	45931270471601.5
2116.5	45878542107827.125
2117.5	45825743401370.305
2118.5	45772874352231.02
2119.5	45719934960409.266
2120.5	45666925225905.05
2121.5	45606600176263.086
2122.5	45544032851138.16
2123.5	45481386313139.734
2124.5	45418660562267.82
2125.5	45355855598522.4
2126.5	45292971421903.484
2127.5	45230008032411.07
2128.5	45166965430045.164
2129.5	45103843614805.766
2130.5	45040642586692.86
2131.5	44977362345706.47
2132.5	44914002891846.58
2133.5	44839146869967.52
2134.5	44737547950184.17
2135.5	44635834141079.71
2136.5	44534005442654.15
2137.5	44432061854907.49
2138.5	44330003377839.71
2139.5	44227830011450.836
2140.5	44125541755740.86
2141.5	44023138610709.78
2142.5	43920620576357.59
2143.5	43817987652684.305
2144.5	43715239839689.91
2145.5	43612377137374.41
2146.5	43546957966274.62
2147.5	43485175200475.766
2148.5	43423316001437.42
2149.5	43361380369159.61
2150.5	43299368303642.3
2151.5	43237279804885.516
2152.5	43175114872889.26
2153.5	43112873507653.51
2154.5	43050555709178.27
2155.5	42988161477463.56
2156.5	42925690812509.36
2157.5	42863143714315.69
2158.5	42820088896008.28
2159.5	42790580673510.47
2160.5	42761026749587.29
2161.5	42731427124238.74
2162.5	42701781797464.82
2163.5	42672090769265.55
2164.5	42642354039640.9
2165.5	42612571608590.88
2166.5	42582743476115.484
2167.5	42552869642214.734
2168.5	42522950106888.62
2169.5	42492984870137.125
2170.5	42467680344744.875
2171.5	42451078962464.88
2172.5	42434444269354.93
2173.5	42417776265415.02
2174.5	42401074950645.164
2175.5	42384340325045.336
2176.5	42367572388615.56
2177.5	42350771141355.83
2178.5	42333936583266.14
2179.5	42317068714346.484
2180.5	42300167534596.88
2181.5	42283233044017.33
2182.5	42257900088637.99
2183.5	42188588976061.33
2184.5	42119196642265.42
2185.5	42049723087250.266
2186.5	41980168311015.87
2187.5	41910532313562.23
2188.5	41840815094889.336
2189.5	41771016654997.195
2190.5	41701136993885.81
2191.5	41631176111555.195
2192.5	41561134008005.33
2193.5	41491010683236.21
2194.5	41421737504020.38
2195.5	41366982014256.99
2196.5	41312159450259.59
2197.5	41257269812028.17
2198.5	41202313099562.76
2199.5	41147289312863.3
2200.5	41092198451929.83
2201.5	41037040516762.35
2202.5	40981815507360.84
2203.5	40926523423725.336
2204.5	40871164265855.81
2205.5	40815738033752.25
2206.5	40760438534541.0
2207.5	40714572989851.69
2208.5	40668649154392.06
2209.5	40622667028162.09
2210.5	40576626611161.8
2211.5	40530527903391.18
2212.5	40484370904850.234
2213.5	40438155615538.96
2214.5	40391882035457.37
2215.5	40345550164605.445
2216.5	40299160002983.19
2217.5	40252711550590.61
2218.5	40205492685910.15
2219.5	40144678480786.7
2220.5	40083793145199.14
2221.5	40022836679147.45
2222.5	39961809082631.61
2223.5	39900710355651.65
2224.5	39839540498207.57
2225.5	39778299510299.34
2226.5	39716987391927.0
2227.5	39655604143090.516
2228.5	39594149763789.91
2229.5	39532624254025.17
2230.5	39476179810834.82
2231.5	39451332256618.08
2232.5	39426446570285.055
2233.5	39401522751835.72
2234.5	39376560801270.086
2235.5	39351560718588.164
2236.5	39326522503789.93
2237.5	39301446156875.41
2238.5	39276331677844.586
2239.5	39251179066697.445
2240.5	39225988323434.02
2241.5	39200759448054.3
2242.5	39173438016007.734
2243.5	39141280824657.766
2244.5	39109079393649.18
2245.5	39076833722981.95
2246.5	39044543812656.11
2247.5	39012209662671.64
2248.5	38979831273028.54
2249.5	38947408643726.82
2250.5	38914941774766.46
2251.5	38882430666147.47
2252.5	38849875317869.87
2253.5	38817275729933.625
2254.5	38767891434116.0
2255.5	38703596142297.32
2256.5	38639228590603.46
2257.5	38574788779034.44
2258.5	38510276707590.23
2259.5	38445692376270.86
2260.5	38381035785076.32
2261.5	38316306934006.61
2262.5	38251505823061.72
2263.5	38186632452241.66
2264.5	38121686821546.44
2265.5	38056668930976.04
2266.5	38006147241214.26
2267.5	37958765512797.09
2268.5	37911327201906.44
2269.5	37863832308542.31
2270.5	37816280832704.71
2271.5	37768672774393.625
2272.5	37721008133609.07
2273.5	37673286910351.03
2274.5	37625509104619.5
2275.5	37577674716414.51
2276.5	37529783745736.02
2277.5	37480653775443.08
2278.5	37425690671736.984
2279.5	37370664877636.46
2280.5	37315576393141.555
2281.5	37260425218252.25
2282.5	37205211352968.54
2283.5	37149934797290.445
2284.5	37094595551217.945
2285.5	37039193614751.04
2286.5	36983728987889.734
2287.5	36928201670634.05
2288.5	36872611662983.95
2289.5	36839277283087.7
2290.5	36821415822881.414
2291.5	36803524716751.46
2292.5	36785603964697.86
2293.5	36767653566720.59
2294.5	36749673522819.67
2295.5	36731663832995.09
2296.5	36713624497246.836
2297.5	36695555515574.94
2298.5	36677456887979.38
2299.5	36659328614460.15
2300.5	36637323943774.91
2301.5	36564157229422.85
2302.5	36490913093803.35
2303.5	36417591536916.42
2304.5	36344192558762.07
2305.5	36270716159340.27
2306.5	36197162338651.055
2307.5	36123531096694.39
2308.5	36049822433470.29
2309.5	35976036348978.76
2310.5	35902172843219.805
2311.5	35828231916193.41
2312.5	35763021389438.71
2313.5	35703374724282.88
2314.5	35643663125688.12
2315.5	35583886593654.43
2316.5	35524045128181.79
2317.5	35464138729270.23
2318.5	35404167396919.74
2319.5	35344131131130.305
2320.5	35284029931901.945
2321.5	35223863799234.65
2322.5	35163632733128.418
2323.5	35112994118980.168
2324.5	35096553441449.12
2325.5	35080085615894.543
2326.5	35063590642316.457
2327.5	35047068520714.836
2328.5	35030519251089.684
2329.5	35013942833441.008
2330.5	34997339267768.81
2331.5	34980708554073.07
2332.5	34964050692353.824
2333.5	34947365682611.043
2334.5	34930653524844.73
2335.5	34949160768806.914
2336.5	34972940028945.79
2337.5	34996726834510.586
2338.5	35020521185501.293
2339.5	35044323081917.91
2340.5	35068132523760.43
2341.5	35091949511028.86
2342.5	35115774043723.188
2343.5	35139606121843.438
2344.5	35163445745389.6
2345.5	35187292914361.66
2346.5	35123602250679.598
2347.5	35001456056586.473
2348.5	34879193044856.426
2349.5	34756813215489.46
2350.5	34634316568485.57
2351.5	34511703103844.758
2352.5	34388972821567.023
2353.5	34266125721652.36
2354.5	34143161804100.77
2355.5	34020081068912.27
2356.5	33896883516086.844
2357.5	33799804368757.41
2358.5	33743682646352.496
2359.5	33687501175072.387
2360.5	33631259954917.113
2361.5	33574958985886.656
2362.5	33518598267981.027
2363.5	33462177801200.207
2364.5	33405697585544.21
2365.5	33349157621013.03
2366.5	33292557907606.69
2367.5	33235898445325.15
2368.5	33195106887322.883
2369.5	33210763642709.61
2370.5	33226421783629.79
2371.5	33242081310083.434
2372.5	33257742222070.535
2373.5	33273404519591.098
2374.5	33289068202645.113
2375.5	33304733271232.59
2376.5	33320399725353.53
2377.5	33336067565007.918
2378.5	33351736790195.777
2379.5	33359773610069.188
2380.5	33316696252043.93
2381.5	33273570923411.72
2382.5	33230397624172.547
2383.5	33187176354326.42
2384.5	33143907113873.332
2385.5	33100589902813.28
2386.5	33057224721146.285
2387.5	33013811568872.316
2388.5	32970350445991.395
2389.5	32926841352503.516
2390.5	32502277766318.816
2391.5	32460688449397.008
2392.5	32419151994665.12
2393.5	32377668348628.75
2394.5	32336237457815.426
2395.5	32294859268774.51
2396.5	32253533728077.53
2397.5	32212260782318.01
2398.5	32171040378111.83
2399.5	32129872462097.06
