# λ (nm)	photon flux (γ/s/cm^2/nm)
0.5	183185.53199246564
1.5	15442825.99833939
2.5	21217910.318795674
3.5	24764374.585204657
4.5	37318685.35021908
5.5	61536735.43666414
6.5	92155077.70150931
7.5	84107223.8580403
8.5	86907750.97366676
9.5	78048985.55488048
10.5	62653239.61626895
11.5	45092153.15733065
12.5	26828009.743709955
13.5	29861624.95868608
14.5	68633013.68020943
15.5	70878806.82284488
16.5	106960165.5628505
17.5	659145474.3791983
18.5	606194193.741307
19.5	506619315.0882461
20.5	385057069.5126925
21.5	298698975.4205554
22.5	368202981.03570354
23.5	218120426.5148578
24.5	285183953.9731779
25.5	506887730.56034887
26.5	164411739.78450853
27.5	229034602.8104606
28.5	342695651.8743503
29.5	122736377.12583807
30.5	3304844942.268615
31.5	233021518.84009978
32.5	85461501.18342428
33.5	307736245.8734934
34.5	309649914.06036747
35.5	237643381.03963235
36.5	519322267.23616576
37.5	23328891.412872206
38.5	33043727.229448397
39.5	21527166.053236533
40.5	77949672.84415305
41.5	75226129.44319075
42.5	56306290.70742858
43.5	117938739.1282967
44.5	73086104.54306915
45.5	74452606.85782757
46.5	197824375.24728528
47.5	95365019.33238544
48.5	150100509.60599196
49.5	233152655.6616773
50.5	243030694.2052573
51.5	98460080.76594496
52.5	117961324.0377645
53.5	100058686.80047491
54.5	66764858.82903949
55.5	350830509.2554907
56.5	89711785.89881316
57.5	80006375.45101297
58.5	665949017.733678
59.5	110363571.88871367
60.5	279693696.2485848
61.5	231159559.78480867
62.5	533161282.99982446
63.5	460522641.5261926
64.5	64462370.386897
65.5	59715224.79079278
66.5	66975217.630568005
67.5	55185816.73011003
68.5	115798863.45269519
69.5	88423253.44495724
70.5	193873074.5502557
71.5	77972066.37194295
72.5	79733734.61953814
73.5	53330386.82598258
74.5	76639005.71533772
75.5	104227167.58330779
76.5	270196672.9179384
77.5	242291393.97345674
78.5	347166854.62952495
79.5	251431246.29798767
80.5	201587243.88839677
81.5	217195188.99984938
82.5	266209821.03038508
83.5	610694507.2441667
84.5	379788838.3530294
85.5	463679965.63483447
86.5	532333975.56357217
87.5	643891540.4106439
88.5	770082804.7493428
89.5	897403424.2882475
90.5	1082112999.992705
91.5	950294899.5947651
92.5	340167556.63204104
93.5	359256589.4774107
94.5	265026852.66135988
95.5	219581406.18738553
96.5	161415502.26587263
97.5	2707037467.014177
98.5	335935599.08737147
99.5	500584478.94506055
100.5	244926173.31108132
101.5	304647973.43656284
102.5	2443786793.8231206
103.5	2220700390.883294
104.5	402244477.62356865
105.5	358491547.37568897
106.5	387277735.4009705
107.5	441503091.360218
108.5	677506906.5428
109.5	500947097.48338467
110.5	579538080.6777451
111.5	547498175.8078334
112.5	575734880.933565
113.5	390573804.23281187
114.5	477913427.43141264
115.5	507925237.6660503
116.5	626074475.6526014
117.5	2189069213.739762
118.5	863593883.8224055
119.5	1458036867.7973049
120.5	4429823326.854958
121.5	189516134484.2762
122.5	1844495842.6917562
123.5	1187176403.604856
124.5	888011237.9066358
125.5	792728038.3115505
126.5	1112900633.7983832
127.5	575101697.9194638
128.5	462154124.2445265
129.5	547079717.1974664
130.5	4660035721.746663
131.5	756010917.9046655
132.5	609640735.259492
133.5	5852242735.6505785
134.5	574500669.0598059
135.5	1306278940.2400753
136.5	829374074.0229913
137.5	899353631.3446844
138.5	893250395.5856532
139.5	2501590603.1535373
140.5	2151595423.678601
141.5	1273746748.9278026
142.5	1385496401.933207
143.5	1590961644.063175
144.5	1577838061.1690738
145.5	1677790064.399762
146.5	2089927900.0699399
147.5	2584744198.0487256
148.5	2674033838.106916
149.5	2428080081.4231563
150.5	2732155874.3127546
151.5	2972510030.1476717
152.5	3741970842.372558
153.5	4152501219.7686253
154.5	7066806908.079725
155.5	6351418620.951629
156.5	6392121385.949294
157.5	5663214757.987017
158.5	5671761794.53867
159.5	5615604213.679277
160.5	6356911193.506796
161.5	7533160187.671732
162.5	8762135523.930077
163.5	9395461475.674938
164.5	11005790093.407108
165.5	17544840513.5304
166.5	11990268657.441431
167.5	14425385046.13124
168.5	15756660634.641878
169.5	20983832294.910793
170.5	24365318293.721397
171.5	24757589910.200558
172.5	27322698067.14379
173.5	27738953255.04148
174.5	34338035722.275513
175.5	42402248911.80238
176.5	46152053507.02817
177.5	56483535979.391556
178.5	63307731505.29096
179.5	63459795051.44441
180.5	79519996671.0707
181.5	94309409229.12466
182.5	91530686965.04744
183.5	98752002014.9933
184.5	85823083124.93675
185.5	98535954120.45996
186.5	115249137281.0383
187.5	129956958011.89703
188.5	140219440125.46844
189.5	156190036604.08972
190.5	165094222064.30356
191.5	176879322282.61298
192.5	190917594104.33554
193.5	148185354066.40186
194.5	243637506334.33005
195.5	238826351689.18707
196.5	270531833960.75687
197.5	276755207262.88794
198.5	279802003854.91046
199.5	305064601287.76984
200.5	334402686386.92584
201.5	374840984737.335
202.5	372079343615.37305
203.5	432851559075.04803
204.5	480724762399.2067
205.5	496372767655.8214
206.5	516557215863.9259
207.5	599146009242.9861
208.5	690315063365.6467
209.5	997640791521.9828
210.5	1305029659505.3845
211.5	1581394776005.167
212.5	1517028132818.4373
213.5	1374816587341.8083
214.5	1958936240456.9126
215.5	1614595093276.39
216.5	1561143314088.5642
217.5	1511019858596.8826
218.5	2155382029605.9392
219.5	2271885783116.2915
220.5	2252110370002.006
221.5	1605937842252.9302
222.5	2379029625025.522
223.5	3036533450905.0474
224.5	2815545595114.79
225.5	2489047932443.776
226.5	1761271571391.1152
227.5	1788488614351.0425
228.5	2576371805645.759
229.5	2193192015609.8086
230.5	2688018863065.54
231.5	2329706589031.07
232.5	2523402558082.24
233.5	2133578866449.5242
234.5	1732638842991.4622
235.5	2802359345663.4546
236.5	2164281758315.5598
237.5	2641655875360.7495
238.5	1820105224562.4973
239.5	2258907252551.9595
240.5	2082827333156.986
241.5	2442665286171.5356
242.5	3676753858926.8857
243.5	3362400780974.775
244.5	3208819022024.803
245.5	2544053745647.653
246.5	2551338988513.518
247.5	2959464407899.0347
248.5	2300542067790.769
249.5	2941045270240.1978
250.5	3107648937046.3735
251.5	2419413906501.7344
252.5	2142037076643.5488
253.5	2756260113293.276
254.5	3086398422010.1006
255.5	4401986105476.667
256.5	5303170132260.88
257.5	6616981099050.349
258.5	7040611477073.755
259.5	5934444896818.492
260.5	4827453136498.149
261.5	4726044984881.666
262.5	6012131316528.791
263.5	8818251994211.002
264.5	13816173903420.797
265.5	14431720331395.188
266.5	14061732435392.629
267.5	14135158441094.74
268.5	14151076303292.895
269.5	12638651206931.484
270.5	15966432516354.875
271.5	13351197449158.486
272.5	10642087838071.105
273.5	12175149307677.516
274.5	7173795823972.572
275.5	10338439333112.246
276.5	14423560423067.451
277.5	14369240786138.951
278.5	9491641406802.395
279.5	4532252280343.4
280.5	5262644243469.39
281.5	12377084003435.764
282.5	17312791994143.312
283.5	19244311041821.598
284.5	14762630315777.23
285.5	7537592213436.095
286.5	20120024487709.707
287.5	22021450743567.215
288.5	18221482860208.12
289.5	27214156425495.66
290.5	36465232708584.164
291.5	33953996120086.02
292.5	29685855792377.645
293.5	33692455926543.594
294.5	30450972533382.953
295.5	34196315201288.21
296.5	30450950613517.09
297.5	32690923522756.598
298.5	24280108963050.207
299.5	33838487199254.746
300.5	22411063493312.887
301.5	30557373749947.215
302.5	30103582264631.746
303.5	39508796347820.984
304.5	37233776518815.734
305.5	39050697738822.67
306.5	35572049335370.99
307.5	41207549563663.7
308.5	41467996428086.3
309.5	31475523503821.71
310.5	41675292253014.15
311.5	47692661221008.305
312.5	44490130286627.58
313.5	46148719383339.84
314.5	45369422395086.67
315.5	42165889786679.43
316.5	44211630867588.805
317.5	50030697149814.23
318.5	46299056794097.95
319.5	49132986902763.9
320.5	52435690432755.03
321.5	49408693047048.17
322.5	47004864961299.96
323.5	47334239395462.016
324.5	53288811112877.31
325.5	61612742893743.44
326.5	67940517931334.35
327.5	67140329528715.83
328.5	67304995476904.016
329.5	72815802529366.25
330.5	72742969274241.72
331.5	69475065831948.41
332.5	68211633927662.695
333.5	67396290146442.56
334.5	69075953590666.945
335.5	67329074513838.25
336.5	62012723979263.414
337.5	62896972267884.87
338.5	67624973057468.805
339.5	71960037834389.6
340.5	73245606749308.72
341.5	72349890677196.72
342.5	73320819778868.83
343.5	69935197209747.805
344.5	65852198177241.84
345.5	68532255485870.266
346.5	70728300583525.44
347.5	69969850286069.15
348.5	69687750363639.48
349.5	72281154663160.55
350.5	76733110315889.4
351.5	76329424595003.5
352.5	75380931460923.34
353.5	80307721513667.62
354.5	84463965828892.45
355.5	81572207879121.66
356.5	73703522000304.69
357.5	65496089802821.445
358.5	65468676959701.97
359.5	73177732190812.2
360.5	76418050589587.62
361.5	76231970633944.94
362.5	78013969130965.72
363.5	80866696827327.81
364.5	85562580929388.4
365.5	91854449749787.56
366.5	96296051624800.95
367.5	96457598916458.28
368.5	95671975718051.42
369.5	97085890065208.86
370.5	96669199853968.3
371.5	93805877803108.22
372.5	86994654368799.97
373.5	81208417489396.9
374.5	80163299321007.78
375.5	84881467049996.1
376.5	93906143363137.66
377.5	101201454826256.9
378.5	102983062680276.1
379.5	100302476272985.88
380.5	95229039396562.12
381.5	85870751295992.9
382.5	75884267835856.16
383.5	71791030240044.84
384.5	75932554660675.56
385.5	81624118737072.34
386.5	84432071877525.4
387.5	86025186400058.67
388.5	90030941817970.78
389.5	97350932174165.47
390.5	101916230427821.62
391.5	97553501056381.72
392.5	87722822337545.19
393.5	82038555801445.75
394.5	83509507981196.66
395.5	87773547094073.28
396.5	92552944018394.88
397.5	102214335397060.86
398.5	118250090644411.89
399.5	134776716862066.69
400.5	146311737772978.56
401.5	151154234073547.16
402.5	152344946831174.22
403.5	151376039421566.8
404.5	149415986540947.6
405.5	147586041266421.34
406.5	147857500229890.44
407.5	148816267800382.9
408.5	150554101002244.94
409.5	152457132940224.25
410.5	153959195528114.03
411.5	156961300566068.38
412.5	158908303407983.38
413.5	160688234657272.75
414.5	161376954593547.66
415.5	160848087159249.1
416.5	160455229073245.0
417.5	159095126884565.53
418.5	159030491404511.12
419.5	159141176426003.47
420.5	159440475870707.3
421.5	160046220884226.78
422.5	159244696747800.94
423.5	158625887835344.7
424.5	157754298225432.84
425.5	156525596922735.66
426.5	154649981559169.47
427.5	149971445281357.38
428.5	145253132324351.28
429.5	141905925927367.62
430.5	141402369964858.72
431.5	145211308898131.25
432.5	151582068346557.8
433.5	158116526345961.97
434.5	163739002993024.53
435.5	167039350430006.34
436.5	168746787970336.9
437.5	169055692963483.72
438.5	169802029670030.84
439.5	171835442472183.94
440.5	174939462641499.16
441.5	179069979772939.16
442.5	182767149712606.16
443.5	185256859281529.78
444.5	187182598168400.94
445.5	188594580328309.44
446.5	190693157073705.3
447.5	194066293625680.12
448.5	197294363963305.28
449.5	199713362043870.97
450.5	201502367305254.84
451.5	201706229173494.75
452.5	200982733762258.94
453.5	200739807821972.78
454.5	201168876654201.1
455.5	201846409174314.4
456.5	203054002742665.44
457.5	204434058104150.44
458.5	205518400848550.4
459.5	206524108222256.75
460.5	207449033996979.25
461.5	208144483217440.84
462.5	208373226767209.8
463.5	208047887474345.2
464.5	207363079652665.6
465.5	206556751628122.53
466.5	205653676971656.2
467.5	205280496468128.28
468.5	205561637073909.72
469.5	206203082088202.66
470.5	207236856976179.47
471.5	208652205542524.72
472.5	210133509140395.94
473.5	211540414027920.16
474.5	212990362361634.7
475.5	214365743161460.97
476.5	215538849300166.38
477.5	216718822815541.72
478.5	217781204618449.22
479.5	218317036540048.78
480.5	218146668132964.8
481.5	216493019065331.0
482.5	213920127137739.78
483.5	210838651667879.12
484.5	207719413090072.22
485.5	205121787167148.1
486.5	203609637685248.5
487.5	203599101038882.7
488.5	204773535371035.75
489.5	206532782375997.28
490.5	208541277397140.44
491.5	210457189451329.94
492.5	212131553076446.97
493.5	213203654737901.28
494.5	213905428928228.03
495.5	214036082418297.22
496.5	213717065866648.78
497.5	213244407133931.16
498.5	212539619357762.8
499.5	211835445921392.62
500.5	211379146812581.1
501.5	211264131396068.8
502.5	211623255506930.53
503.5	212376745847718.34
504.5	213361745212036.25
505.5	214381227874888.84
506.5	215228604238050.1
507.5	215675071891823.06
508.5	215757808228237.38
509.5	215548819991581.06
510.5	214935181322529.5
511.5	213444108461012.22
512.5	211384338602562.56
513.5	209384344115175.06
514.5	207571825215225.84
515.5	205967084256229.5
516.5	204682630284967.75
517.5	204021876006521.62
518.5	204861298058109.44
519.5	206270297701896.16
520.5	207768989432485.38
521.5	209270063519557.16
522.5	210889990744220.53
523.5	212632597738096.94
524.5	214200474079081.66
525.5	215330728614386.78
526.5	216129983757500.9
527.5	216951987959998.0
528.5	218266481305272.34
529.5	219461969596135.72
530.5	220437376359132.53
531.5	221138435925438.72
532.5	221621432411579.3
533.5	221998671791734.88
534.5	222203473466924.25
535.5	222190112523870.0
536.5	221871998108611.56
537.5	221557958311525.47
538.5	221316473776175.5
539.5	221207411499689.62
540.5	221285519229628.1
541.5	221487571274691.3
542.5	221795166805592.47
543.5	222197699297249.28
544.5	222692447036651.06
545.5	223178357813959.06
546.5	223616243341810.12
547.5	224138582121396.66
548.5	224565834366876.53
549.5	224889305069351.06
550.5	225008695067945.66
551.5	224976190621540.25
552.5	224858011185491.97
553.5	224742462610013.84
554.5	224587795105847.72
555.5	224400499188920.2
556.5	224155968183150.75
557.5	223920848353851.38
558.5	223741621840168.88
559.5	223774206516495.5
560.5	223940443857063.9
561.5	224165240406526.0
562.5	224363355630496.4
563.5	224651451765682.84
564.5	225005726220522.75
565.5	225504103174558.03
566.5	226012463802152.8
567.5	226532090734769.38
568.5	226988125380933.94
569.5	227427714318841.2
570.5	227846059499344.84
571.5	228310231692267.12
572.5	228794406092737.4
573.5	229267969184976.4
574.5	229686410837170.9
575.5	230034312145777.25
576.5	230280602816134.4
577.5	230496873331499.47
578.5	230695892809674.75
579.5	230752827821839.38
580.5	230642313937372.12
581.5	230409665992662.22
582.5	230139456317005.34
583.5	229851027520462.22
584.5	229547615465854.75
585.5	229220257608907.44
586.5	228924746984799.3
587.5	228646224194135.66
588.5	228472370840862.22
589.5	228344013847102.84
590.5	228422874998688.56
591.5	228522139328461.6
592.5	228654034957792.34
593.5	228809503711933.3
594.5	228980511360100.56
595.5	229147352360013.25
596.5	229312650677374.6
597.5	229423110429729.7
598.5	229508832650494.03
599.5	229477063926904.44
600.5	229407424837099.22
601.5	229262079829050.03
602.5	229102303483853.3
603.5	228926411545029.88
604.5	228670556584574.5
605.5	228360433972989.47
606.5	227944463274807.22
607.5	227485531907489.9
608.5	227047607527179.78
609.5	226612594382598.6
610.5	226226499283358.75
611.5	225843660684562.75
612.5	225465926560484.75
613.5	225086653460535.4
614.5	224762907340626.2
615.5	224446029849444.97
616.5	224346083868193.56
617.5	224253825660890.22
618.5	224304378295225.97
619.5	224350774070996.53
620.5	224346782102108.8
621.5	224339844037484.47
622.5	224289269142186.75
623.5	224237914893249.1
624.5	224239069840690.4
625.5	224239076705308.56
626.5	224275632739882.47
627.5	224312734260019.22
628.5	224226797940299.3
629.5	224124346106248.66
630.5	223991664982276.94
631.5	223850229624391.5
632.5	223744556433208.66
633.5	223654228551895.2
634.5	223567869739998.1
635.5	223484184110551.47
636.5	223363045181073.6
637.5	223192517123162.97
638.5	223017022072461.16
639.5	222830860341608.9
640.5	222645335695959.94
641.5	222481553613675.56
642.5	222316177162419.62
643.5	221893911063201.97
644.5	221437654753450.0
645.5	220943181377017.66
646.5	220429270678778.12
647.5	219936960050702.16
648.5	219472985357413.78
649.5	219019482376087.84
650.5	218618834492355.34
651.5	218215918014225.44
652.5	217848775415628.03
653.5	217483249036589.3
654.5	217242999234291.66
655.5	217079211962005.66
656.5	217021565789566.2
657.5	217214309383709.66
658.5	217406633723094.5
659.5	217713558965385.3
660.5	218023976481535.78
661.5	218314898761484.7
662.5	218593257811753.62
663.5	218861940180737.25
664.5	219098516199398.44
665.5	219334811454401.5
666.5	219545643011276.9
667.5	219751314290452.78
668.5	219886905217886.06
669.5	219925507187512.66
670.5	219963241871576.28
671.5	219823758592530.7
672.5	219679278430856.5
673.5	219521257019150.7
674.5	219350116997395.34
675.5	219177279336833.12
676.5	218995722949519.2
677.5	218812670558887.97
678.5	218618161217799.06
679.5	218412918239743.1
680.5	218206122793616.38
681.5	217994220023964.72
682.5	217780754353797.94
683.5	217563928172349.44
684.5	217343242614837.38
685.5	217120982202226.28
686.5	216877595997689.06
687.5	216629652319893.16
688.5	216377144216752.38
689.5	216115069909762.38
690.5	215851323818656.72
691.5	215593177525632.97
692.5	215337301609441.16
693.5	215079880518154.6
694.5	214830164785267.44
695.5	214578836806024.9
696.5	214329489648604.3
697.5	214085525355768.75
698.5	213839979162156.0
699.5	213602300775888.47
700.5	213368163085884.4
701.5	213132485061972.28
702.5	212901513711955.38
703.5	212669419125893.62
704.5	212433239996769.66
705.5	212185265106891.56
706.5	211935732421149.56
707.5	211681986236787.72
708.5	211423149423350.47
709.5	211162737355242.3
710.5	210903497453919.38
711.5	210644171494647.25
712.5	210383282178810.6
713.5	210110359015118.7
714.5	209833695581056.75
715.5	209555433429393.84
716.5	209297963932846.34
717.5	209039184711934.0
718.5	208783856668525.03
719.5	208560426313618.75
720.5	208335567151722.06
721.5	208113825520484.6
722.5	207905084374503.28
723.5	207694966931783.94
724.5	207480185914381.72
725.5	207257024418222.84
726.5	207032458267165.5
727.5	206817541382615.72
728.5	206619310368259.4
729.5	206419754669497.84
730.5	206231656975581.56
731.5	206060689376797.44
732.5	205888482452378.47
733.5	205707829292813.56
734.5	205515951189654.44
735.5	205322786973380.2
736.5	205133087182282.0
737.5	204949249661044.06
738.5	204764158277459.97
739.5	204594483314613.0
740.5	204454600536761.12
741.5	204313592711655.16
742.5	204182766576585.25
743.5	204079959474968.25
744.5	203976136097018.72
745.5	203869269821004.7
746.5	203751473876592.56
747.5	203632629673810.75
748.5	203511972182057.0
749.5	203371879123267.1
750.5	203230686701858.94
751.5	203088394917832.44
752.5	202948664933876.97
753.5	202808298422555.12
754.5	202666843481946.47
755.5	202509142965761.1
756.5	202343809377469.1
757.5	202177330038735.56
758.5	201999420314305.12
759.5	201809619192182.1
760.5	201618616976040.66
761.5	201425632269318.12
762.5	201228966744466.34
763.5	201031091574528.53
764.5	200832006759504.78
765.5	200654656331467.16
766.5	200476866739788.53
767.5	200297929302217.4
768.5	200141526290166.5
769.5	199995716645159.56
770.5	199848851143001.22
771.5	199698431784983.75
772.5	199542304940520.7
773.5	199385103736925.16
774.5	199226828174197.3
775.5	199060041749226.4
776.5	198892086573466.03
777.5	198723037666247.56
778.5	198554422884829.28
779.5	198385738176966.5
780.5	198215966279530.72
781.5	198042677693199.44
782.5	197857925107397.1
783.5	197672052608186.66
784.5	197485060195568.06
785.5	197272591102160.84
786.5	197050371401558.9
787.5	196826947982200.66
788.5	196598583854213.38
789.5	196358890001538.3
790.5	196117957323694.2
791.5	195875785820680.9
792.5	195657144699301.6
793.5	195444735191797.9
794.5	195231168039695.62
795.5	195019542923245.62
796.5	194817158190504.2
797.5	194613649695931.4
798.5	194409017439527.12
799.5	194186514525959.06
800.5	193954587169265.9
801.5	193721473523246.16
802.5	193488976108014.94
803.5	193276051707548.62
804.5	193061997171030.4
805.5	192846812498460.22
806.5	192642734395720.5
807.5	192452531020289.94
808.5	192261264942607.2
809.5	192068936162672.25
810.5	191866985873904.66
811.5	191661809421443.6
812.5	191455543866956.88
813.5	191246158403968.03
814.5	191019227577611.9
815.5	190791162260472.75
816.5	190561962452550.47
817.5	190343069329921.28
818.5	190140252464251.72
819.5	189936371084411.12
820.5	189731425190399.56
821.5	189547231837527.78
822.5	189373789031058.1
823.5	189199363426060.72
824.5	189023955022535.6
825.5	188826821668150.34
826.5	188625823359992.06
827.5	188423785147000.4
828.5	188215498719658.47
829.5	187936880182714.72
830.5	187657042128573.88
831.5	187375984557235.94
832.5	187086825775028.5
833.5	186774612736450.88
834.5	186461111294853.62
835.5	186146321450236.84
836.5	185840663836667.9
837.5	185551507188002.8
838.5	185261129473738.0
839.5	184969530693873.34
840.5	184647613770906.84
841.5	184291555908573.84
842.5	183934129666719.56
843.5	183575335045343.94
844.5	183197383993741.06
845.5	182802851708954.1
846.5	182406873032011.97
847.5	182009447962914.66
848.5	181661594300787.94
849.5	181349401964379.53
850.5	181035970570459.72
851.5	180721300119028.53
852.5	180470166491941.38
853.5	180263012324679.9
854.5	180054876670887.16
855.5	179845759530563.1
856.5	179675243029084.88
857.5	179533732531581.56
858.5	179391402701254.4
859.5	179248253538103.47
860.5	179115494331514.38
861.5	178992724070120.34
862.5	178869185560153.03
863.5	178744878801612.47
864.5	178653866128238.66
865.5	178607368634063.12
866.5	178560286152690.03
867.5	178512618684119.28
868.5	178488163979203.62
869.5	178513807536693.5
870.5	178539037363108.78
871.5	178563853458449.44
872.5	178581921320129.03
873.5	178568598206314.16
874.5	178554775947602.5
875.5	178540454543994.06
876.5	178525633995488.88
877.5	178460002749694.28
878.5	178393757688798.03
879.5	178326898812800.12
880.5	178259426121700.62
881.5	178196896633265.94
882.5	178135244795521.7
883.5	178072995102289.44
884.5	178010147553569.1
885.5	177934326503843.47
886.5	177848144944331.44
887.5	177761315615459.03
888.5	177673838517226.2
889.5	177572167480493.16
890.5	177436616172810.03
891.5	177300312068384.66
892.5	177163255167217.0
893.5	177025445469307.16
894.5	176864913380097.22
895.5	176703579372636.8
896.5	176541443446925.88
897.5	176378505602964.53
898.5	176199400981298.2
899.5	176011884050983.0
900.5	175823514155948.72
901.5	175634291296195.22
902.5	175448184572884.66
903.5	175270077920485.88
904.5	175091146676890.72
905.5	174911390842099.16
906.5	174730810416111.16
907.5	174563005714022.6
908.5	174395431201536.38
909.5	174227064327043.16
910.5	174057905090543.1
911.5	173885152371099.03
912.5	173708906917836.2
913.5	173531857051235.66
914.5	173354002771297.44
915.5	173174398997210.22
916.5	172981418956536.97
917.5	172787605007923.16
918.5	172592957151368.88
919.5	172397475386874.03
920.5	172216784135214.38
921.5	172046162367013.3
922.5	171874764229316.28
923.5	171702589722123.28
924.5	171530293154552.2
925.5	171363844581239.7
926.5	171196635366070.6
927.5	171028665509044.97
928.5	170859935010162.72
929.5	170681989925909.38
930.5	170496616479115.34
931.5	170310449907780.06
932.5	170123490211903.53
933.5	169935737391485.72
934.5	169736154718810.75
935.5	169535755300989.44
936.5	169334539138021.78
937.5	169132506229907.9
938.5	168945960363584.4
939.5	168782119042506.0
940.5	168617545718602.03
941.5	168452240391872.38
942.5	168286203062317.2
943.5	168150707310752.12
944.5	168022372530852.0
945.5	167893388614000.16
946.5	167763755560196.62
947.5	167625166605210.88
948.5	167438789635377.1
949.5	167251646634811.78
950.5	167063737603514.88
951.5	166875062541486.53
952.5	166685621448726.62
953.5	166536318810168.16
954.5	166399266692399.62
955.5	166261561436800.9
956.5	166123203043371.97
957.5	165988659432285.28
958.5	165898694833960.62
959.5	165808180791920.53
960.5	165717117306165.06
961.5	165625504376694.22
962.5	165539249899192.9
963.5	165461708409488.72
964.5	165383648953368.9
965.5	165305071530833.34
966.5	165225976141882.0
967.5	165139714093589.3
968.5	165049642220728.22
969.5	164959031867916.9
970.5	164867883035155.5
971.5	164776195722444.0
972.5	164658231026062.53
973.5	164537434449256.44
974.5	164416041856111.0
975.5	164294053246626.22
976.5	164166554831448.75
977.5	164010577014605.34
978.5	163853936087524.7
979.5	163696632050206.62
980.5	163538664902651.2
981.5	163377151120066.03
982.5	163209607777966.4
983.5	163041384537769.47
984.5	162872481399475.3
985.5	162702898363083.88
986.5	162529793250728.06
987.5	162353376269878.62
988.5	162176268309884.47
989.5	161998469370745.47
990.5	161819979452461.78
991.5	161635430022050.88
992.5	161447649866892.72
993.5	161259162807423.03
994.5	161069968843641.75
995.5	160880067975548.97
996.5	160703475970014.28
997.5	160529712648122.75
998.5	160355277584405.53
999.5	160180170778862.7
1000.5	160004392231494.06
1001.5	159851699078274.7
1002.5	159700733579279.34
1003.5	159549148473740.97
1004.5	159396943761659.72
1005.5	159244119443035.47
1006.5	159116002723305.72
1007.5	158987572808852.72
1008.5	158858574123496.72
1009.5	158729006667237.7
1010.5	158598501588608.16
1011.5	158460411895799.06
1012.5	158321738831336.2
1013.5	158182482395219.44
1014.5	158042642587448.84
1015.5	157902289347041.25
1016.5	157762157963438.12
1017.5	157621444929968.8
1018.5	157480150246633.47
1019.5	157338273913431.94
1020.5	157197124238888.28
1021.5	157068636894102.94
1022.5	156939596388939.75
1023.5	156810002723398.62
1024.5	156679855897479.7
1025.5	156548509709908.0
1026.5	156410068917458.94
1027.5	156271060961678.97
1028.5	156131485842568.12
1029.5	155991343560126.3
1030.5	155849645427514.47
1031.5	155691873754594.06
1032.5	155533502937529.53
1033.5	155374532976320.97
1034.5	155214963870968.28
1035.5	155054698308447.6
1036.5	154884190120747.56
1037.5	154713063993534.22
1038.5	154541319926807.62
1039.5	154368957920567.78
1040.5	154195977974814.7
1041.5	154022584716667.56
1042.5	153848589328783.6
1043.5	153673976423910.03
1044.5	153498746002046.75
1045.5	153322898063193.84
1046.5	153135157774675.78
1047.5	152944628782132.66
1048.5	152753456620579.16
1049.5	152561641290015.25
1050.5	152369182790440.9
1051.5	152154693905018.34
1052.5	151931603307758.22
1053.5	151707813816224.1
1054.5	151483325430415.94
1055.5	151258138150333.94
1056.5	151027214883358.28
1057.5	150792221946451.25
1058.5	150556514222881.6
1059.5	150320091712649.1
1060.5	150082954415753.9
1061.5	149843956744956.72
1062.5	149602896042358.0
1063.5	149361115860855.34
1064.5	149118616200448.7
1065.5	148875397061138.03
1066.5	148633478628049.97
1067.5	148395795112551.2
1068.5	148157405181731.38
1069.5	147918308835590.5
1070.5	147678506074128.6
1071.5	147440856760084.4
1072.5	147225666853062.44
1073.5	147009819058488.22
1074.5	146793313376361.88
1075.5	146576149806683.4
1076.5	146358328349452.75
1077.5	146171070401089.72
1078.5	145986303212873.47
1079.5	145800941820124.62
1080.5	145614986222843.28
1081.5	145428436421029.5
1082.5	145268768294289.53
1083.5	145120912365983.25
1084.5	144972535803796.47
1085.5	144823638607729.03
1086.5	144674220777781.1
1087.5	144538224604499.66
1088.5	144418115525209.75
1089.5	144297541553330.8
1090.5	144176502688862.8
1091.5	144054998931805.84
1092.5	143936924799806.12
1093.5	143833057119595.1
1094.5	143728758497041.53
1095.5	143624028932145.44
1096.5	143518868424906.72
1097.5	143413276975325.53
1098.5	143319288347881.56
1099.5	143225524620133.03
1100.5	143131353012619.06
1101.5	143036773525339.75
1102.5	142941786158295.0
1103.5	142840753652428.4
1104.5	142736523973172.56
1105.5	142631871164818.28
1106.5	142526795227365.62
1107.5	142421296160814.56
1108.5	142310846620944.1
1109.5	142192250108127.28
1110.5	142073208389413.7
1111.5	141953721464803.5
1112.5	141833789334296.47
1113.5	141713007235927.84
1114.5	141586396823420.75
1115.5	141459330819181.66
1116.5	141331809223210.56
1117.5	141203832035507.5
1118.5	141075399256072.47
1119.5	140943089347356.28
1120.5	140809176203004.84
1121.5	140674799316765.06
1122.5	140539958688636.81
1123.5	140404654318620.17
1124.5	140265450875659.14
1125.5	140120829659462.45
1126.5	139975729799009.67
1127.5	139830151294300.73
1128.5	139684094145335.77
1129.5	139537533744291.39
1130.5	139390167433459.83
1131.5	139242321855901.5
1132.5	139093997011616.31
1133.5	138945192900604.31
1134.5	138795909522865.52
1135.5	138652737160057.7
1136.5	138511791314015.03
1137.5	138370382550143.58
1138.5	138228510868443.27
1139.5	138086176268914.19
1140.5	137943788538948.03
1141.5	137801734776880.44
1142.5	137659220210543.06
1143.5	137516244839935.88
1144.5	137372808665058.92
1145.5	137228911685912.17
1146.5	137073179051200.23
1147.5	136916613663106.31
1148.5	136759567014308.64
1149.5	136602039104807.1
1150.5	136444029934601.69
1151.5	136283902952835.69
1152.5	136122105750177.11
1153.5	135959822386008.1
1154.5	135797052860328.66
1155.5	135633797173138.72
1156.5	135471077319391.02
1157.5	135312532852038.44
1158.5	135153512042024.86
1159.5	134994014889350.44
1160.5	134834041394015.02
1161.5	134673591556018.69
1162.5	134511642154090.89
1163.5	134348908748685.06
1164.5	134185696714409.62
1165.5	134022006051264.6
1166.5	133857836759249.92
1167.5	133691408881308.61
1168.5	133521190859407.62
1169.5	133350485496702.75
1170.5	133179292793194.1
1171.5	133007612748881.7
1172.5	132835445363765.38
1173.5	132671503043740.11
1174.5	132507744562798.03
1175.5	132343514707270.08
1176.5	132178813477156.25
1177.5	132013640872456.61
1178.5	131858341170134.81
1179.5	131713363276324.97
1180.5	131567949834436.39
1181.5	131422100844469.08
1182.5	131275816306422.97
1183.5	131130159593570.36
1184.5	131004290293286.0
1185.5	130878021384872.94
1186.5	130751352868331.17
1187.5	130624284743660.73
1188.5	130496817010861.58
1189.5	130373377383083.47
1190.5	130252499882160.16
1191.5	130131235180879.36
1192.5	130009583279241.06
1193.5	129887544177245.27
1194.5	129767630017919.06
1195.5	129661580259091.8
1196.5	129555171341129.62
1197.5	129448403264032.52
1198.5	129341276027800.48
1199.5	129233789632433.48
1200.5	129143836753261.58
1201.5	129061981619981.23
1202.5	128979811163897.22
1203.5	128897325385009.55
1204.5	128814524283318.17
1205.5	128731178897779.6
1206.5	128646705365214.47
1207.5	128561914783206.12
1208.5	128476807151754.47
1209.5	128391382470859.58
1210.5	128305640740521.4
1211.5	128220944483576.89
1212.5	128136412545894.53
1213.5	128051566598384.44
1214.5	127966406641046.52
1215.5	127880932673880.81
1216.5	127794058723599.78
1217.5	127703930414480.47
1218.5	127613481482918.05
1219.5	127522711928912.47
1220.5	127431621752463.72
1221.5	127340210953571.89
1222.5	127242814753430.38
1223.5	127143489598229.4
1224.5	127043831939134.3
1225.5	126943841776145.03
1226.5	126843519109261.6
1227.5	126739763151253.45
1228.5	126628428572714.94
1229.5	126516744649618.36
1230.5	126404711381963.83
1231.5	126292328769751.3
1232.5	126179596812980.77
1233.5	126061292672974.94
1234.5	125941404616581.84
1235.5	125821156760910.06
1236.5	125700549105959.64
1237.5	125579581651730.48
1238.5	125457639321826.52
1239.5	125333966052970.27
1240.5	125209929780770.11
1241.5	125085530505226.02
1242.5	124960768226337.98
1243.5	124835642944105.98
1244.5	124697426092442.38
1245.5	124556029461102.23
1246.5	124414244880429.31
1247.5	124272072350423.64
1248.5	124129511871085.11
1249.5	123982524494073.02
1250.5	123826553068640.92
1251.5	123670173491053.19
1252.5	123513385761309.78
1253.5	123356189879410.77
1254.5	123198585845356.11
1255.5	123047790395403.66
1256.5	122898183712885.33
1257.5	122748182897961.02
1258.5	122597787950630.84
1259.5	122446998870894.72
1260.5	122299502796285.55
1261.5	122159831804849.77
1262.5	122019785552871.69
1263.5	121879364040351.28
1264.5	121738567267288.58
1265.5	121597395233683.53
1266.5	121462201965457.27
1267.5	121328135098032.5
1268.5	121193705357710.72
1269.5	121058912744492.1
1270.5	120923757258376.5
1271.5	120792842040103.77
1272.5	120672320298385.98
1273.5	120551459818733.86
1274.5	120430260601147.34
1275.5	120308722645626.55
1276.5	120186845952171.39
1277.5	120082609647624.33
1278.5	119982561052634.62
1279.5	119882208903911.84
1280.5	119781553201455.98
1281.5	119680593945267.05
1282.5	119586658911847.86
1283.5	119510386158992.16
1284.5	119433849256995.69
1285.5	119357048205858.47
1286.5	119279983005580.5
1287.5	119202653656161.83
1288.5	119122578596836.53
1289.5	119041535065904.06
1290.5	118960222447548.88
1291.5	118878640741770.98
1292.5	118796789948570.34
1293.5	118714046636132.28
1294.5	118629428922586.53
1295.5	118544538678955.22
1296.5	118459375905238.33
1297.5	118373940601435.9
1298.5	118288232767547.94
1299.5	118201859059338.89
1300.5	118115094632818.95
1301.5	118028056890008.5
1302.5	117940745830907.5
1303.5	117853161455516.03
1304.5	117764673185163.02
1305.5	117674114532040.7
1306.5	117583278844264.42
1307.5	117492166121834.14
1308.5	117400776364749.86
1309.5	117309109573011.56
1310.5	117214667215631.34
1311.5	117119154398648.0
1312.5	117023359529779.36
1313.5	116927282609025.52
1314.5	116830923636386.4
1315.5	116735618809078.77
1316.5	116643839875133.39
1317.5	116551786702636.27
1318.5	116459459291587.31
1319.5	116366857641986.52
1320.5	116273981753833.97
1321.5	116180044529641.53
1322.5	116085583130490.34
1323.5	115990845925394.92
1324.5	115895832914355.12
1325.5	115800544097371.06
1326.5	115705541784218.27
1327.5	115611866139559.73
1328.5	115517917949763.36
1329.5	115423697214829.22
1330.5	115329203934757.23
1331.5	115234438109547.47
1332.5	115139547912328.7
1333.5	115044432219000.81
1334.5	114949044273164.95
1335.5	114853384074821.12
1336.5	114757451623969.36
1337.5	114659059909596.92
1338.5	114554475221687.64
1339.5	114449606169059.84
1340.5	114344452751713.62
1341.5	114239014969648.86
1342.5	114133292822865.67
1343.5	114025289374016.11
1344.5	113916434929737.6
1345.5	113807292309536.92
1346.5	113697861513414.05
1347.5	113588142541368.98
1348.5	113478122219741.16
1349.5	113367781425980.1
1350.5	113257152388923.6
1351.5	113146235108571.67
1352.5	113035029584924.3
1353.5	112923535817981.52
1354.5	112812330564233.7
1355.5	112700973307246.06
1356.5	112589328858339.95
1357.5	112477397217515.39
1358.5	112365178384772.34
1359.5	112255604822891.83
1360.5	112151706550590.16
1361.5	112047534159192.06
1362.5	111943087648697.69
1363.5	111838367019107.03
1364.5	111733372270419.95
1365.5	111633860266705.11
1366.5	111535020426004.72
1367.5	111435916270716.19
1368.5	111336547800839.55
1369.5	111236915016374.83
1370.5	111138472311142.83
1371.5	111042142103544.55
1372.5	110945553166695.1
1373.5	110848705500594.55
1374.5	110751599105242.84
1375.5	110654233980640.0
1376.5	110555293901979.97
1377.5	110455978644166.5
1378.5	110356402578381.75
1379.5	110256565704625.75
1380.5	110156468022898.45
1381.5	110055138946831.5
1382.5	109952407448931.94
1383.5	109849412088453.3
1384.5	109746152865395.47
1385.5	109642629779758.56
1386.5	109538842831542.53
1387.5	109429526316932.95
1388.5	109319938349540.56
1389.5	109210078929365.31
1390.5	109099948056407.3
1391.5	108989545730666.47
1392.5	108875599847116.05
1393.5	108758698711761.81
1394.5	108641517578875.23
1395.5	108524056448456.28
1396.5	108406315320504.98
1397.5	108288277705304.0
1398.5	108169811555320.67
1399.5	108051065171816.19
1400.5	107932038554790.56
1401.5	107812731704243.75
1402.5	107693144620175.83
1403.5	107573609240868.81
1404.5	107453965221401.77
1405.5	107334041685103.03
1406.5	107213838631972.53
1407.5	107093356062010.27
1408.5	106972422752341.97
1409.5	106850602188796.36
1410.5	106728501003291.9
1411.5	106606119195828.53
1412.5	106483456766406.27
1413.5	106360513715025.14
1414.5	106244092267625.52
1415.5	106129209281083.64
1416.5	106014057847079.3
1417.5	105898637965612.45
1418.5	105782949636683.12
1419.5	105667851317243.56
1420.5	105553948486561.05
1421.5	105439780477389.56
1422.5	105325347289729.05
1423.5	105210648923579.5
1424.5	105095685378940.97
1425.5	104991190843522.17
1426.5	104887011543426.66
1427.5	104782582917728.78
1428.5	104677904966428.55
1429.5	104572977689525.94
1430.5	104472685632922.27
1431.5	104376314898042.48
1432.5	104279707484124.97
1433.5	104182863391169.8
1434.5	104085782619176.89
1435.5	103989101189732.52
1436.5	103896093678819.58
1437.5	103802855818386.61
1438.5	103709387608433.67
1439.5	103615689048960.72
1440.5	103521760139967.78
1441.5	103437536520312.98
1442.5	103356589658130.08
1443.5	103275431074993.22
1444.5	103194060770902.44
1445.5	103112478745857.75
1446.5	103030707379225.27
1447.5	102948765912994.19
1448.5	102866612814217.2
1449.5	102784248082894.17
1450.5	102701671719025.2
1451.5	102618883722610.19
1452.5	102528349145800.48
1453.5	102437278388992.28
1454.5	102345985192197.11
1455.5	102254469555414.97
1456.5	102162731478645.88
1457.5	102070441452894.94
1458.5	101977699397068.45
1459.5	101884734134888.2
1460.5	101791545666354.17
1461.5	101698133991466.33
1462.5	101603078605819.95
1463.5	101502758293803.84
1464.5	101402205945569.75
1465.5	101301421561117.64
1466.5	101200405140447.58
1467.5	101099156683559.5
1468.5	100977384820554.11
1469.5	100852047790161.0
1470.5	100726446589241.19
1471.5	100600581217794.69
1472.5	100474451675821.48
1473.5	100349791337008.55
1474.5	100226603730450.5
1475.5	100103156658825.44
1476.5	99979450122133.28
1477.5	99855484120374.03
1478.5	99733372492669.73
1479.5	99622109420749.5
1480.5	99510604755246.11
1481.5	99398858496159.64
1482.5	99286870643490.02
1483.5	99174641197237.33
1484.5	99075042866665.64
1485.5	98978047905480.48
1486.5	98880832500494.56
1487.5	98783396651707.81
1488.5	98685740359120.28
1489.5	98595274990872.08
1490.5	98512318182103.6
1491.5	98429161238686.53
1492.5	98345804160620.9
1493.5	98262246947906.64
1494.5	98181425241778.75
1495.5	98114749756602.23
1496.5	98047897246148.66
1497.5	97980867710417.95
1498.5	97913661149410.17
1499.5	97846277563125.3
1500.5	97803643984593.42
1501.5	97765268425550.22
1502.5	97726754929428.8
1503.5	97688103496229.17
1504.5	97649314125951.36
1505.5	97614505095436.88
1506.5	97582935336180.14
1507.5	97551237587073.44
1508.5	97519411848116.8
1509.5	97487458119310.23
1510.5	97451673982213.38
1511.5	97404642344340.02
1512.5	97357463107647.84
1513.5	97310136272136.8
1514.5	97262661837806.92
1515.5	97215039804658.19
1516.5	97164432930643.53
1517.5	97113556419607.31
1518.5	97062528412013.44
1519.5	97011348907861.88
1520.5	96960017907152.69
1521.5	96900864315473.56
1522.5	96837936844249.8
1523.5	96774843047653.1
1524.5	96711582925683.48
1525.5	96648156478340.95
1526.5	96573659579997.22
1527.5	96483280487838.64
1528.5	96392700225330.56
1529.5	96301918792473.05
1530.5	96210936189266.05
1531.5	96116954559637.72
1532.5	96005570053538.02
1533.5	95893958278902.44
1534.5	95782119235730.98
1535.5	95670052924023.7
1536.5	95557759343780.52
1537.5	95429493166654.36
1538.5	95299031921721.48
1539.5	95168320395075.27
1540.5	95037358586715.73
1541.5	94906146496642.89
1542.5	94759031210292.11
1543.5	94602834874159.08
1544.5	94446356544573.36
1545.5	94289596221534.9
1546.5	94132553905043.77
1547.5	93970423593503.25
1548.5	93801084654568.56
1549.5	93631448572643.05
1550.5	93461515347726.7
1551.5	93291284979819.53
1552.5	93118878304081.02
1553.5	92937605910598.42
1554.5	92756022925101.31
1555.5	92574129347589.66
1556.5	92391925178063.42
1557.5	92209410416522.67
1558.5	92033105615422.53
1559.5	91856770454049.69
1560.5	91680133417046.2
1561.5	91503194504412.02
1562.5	91325953716147.17
1563.5	91164785172550.88
1564.5	91008797229803.98
1565.5	90852535338718.31
1566.5	90695999499293.8
1567.5	90539189711530.42
1568.5	90395653000376.0
1569.5	90262950610824.94
1570.5	90130005679953.8
1571.5	89996818207762.58
1572.5	89863388194251.31
1573.5	89742214917022.16
1574.5	89643050045643.28
1575.5	89543686764136.62
1576.5	89444125072502.22
1577.5	89344364970740.1
1578.5	89247457627589.08
1579.5	89164264314600.72
1580.5	89080894068757.25
1581.5	88997346890058.66
1582.5	88913622778504.98
1583.5	88829834278237.62
1584.5	88757017893492.97
1585.5	88684038790499.03
1586.5	88610896969255.78
1587.5	88537592429763.22
1588.5	88464125172021.38
1589.5	88405658251465.78
1590.5	88349725208441.83
1591.5	88293651893080.84
1592.5	88237438305382.78
1593.5	88181084445347.64
1594.5	88125289766692.88
1595.5	88069655646912.84
1596.5	88013882508128.58
1597.5	87957970350340.06
1598.5	87901919173547.3
1599.5	87826762631933.94
1600.5	87735915734937.36
1601.5	87651608685597.06
1602.5	87581421031449.94
1603.5	87511077472654.66
1604.5	87440578009211.27
1605.5	87369922641119.73
1606.5	87299111368380.1
1607.5	87228144190992.27
1608.5	87157021108956.38
1609.5	87085742122272.33
1610.5	87014307230940.14
1611.5	86942716434959.83
1612.5	86870969734331.39
1613.5	86799067129054.81
1614.5	86727008619130.11
1615.5	86654794204557.28
1616.5	86582423885336.31
1617.5	86505483983934.92
1618.5	86425898491971.33
1619.5	86346148568161.9
1620.5	86266234212506.64
1621.5	86186155425005.55
1622.5	86105912205658.62
1623.5	86025504554465.84
1624.5	85944932471427.25
1625.5	85864195956542.83
1626.5	85783295009812.53
1627.5	85702229631236.44
1628.5	85620999820814.5
1629.5	85539605578546.7
1630.5	85458046904433.1
1631.5	85376323798473.64
1632.5	85293083828678.3
1633.5	85194115275180.89
1634.5	85094961578781.12
1635.5	84995622739479.03
1636.5	84896098757274.6
1637.5	84796389632167.8
1638.5	84696495364158.67
1639.5	84596415953247.17
1640.5	84496151399433.34
1641.5	84395701702717.17
1642.5	84295066863098.67
1643.5	84194246880577.8
1644.5	84093241755154.6
1645.5	83992051486829.05
1646.5	83890676075601.14
1647.5	83789115521470.89
1648.5	83689661662795.31
1649.5	83591619041276.22
1650.5	83493395989589.72
1651.5	83394992507735.86
1652.5	83296408595714.61
1653.5	83197644253525.98
1654.5	83098699481169.95
1655.5	82999574278646.56
1656.5	82900268645955.77
1657.5	82800782583097.58
1658.5	82701116090072.03
1659.5	82601269166879.1
1660.5	82501241813518.77
1661.5	82401034029991.05
1662.5	82300645816295.97
1663.5	82201248811532.84
1664.5	82106670670356.44
1665.5	82011919512924.98
1666.5	81916995339238.45
1667.5	81821898149296.88
1668.5	81726627943100.23
1669.5	81631184720648.53
1670.5	81535568481941.73
1671.5	81439779226979.9
1672.5	81343816955763.03
1673.5	81247681668291.1
1674.5	81151373364564.08
1675.5	81054892044582.02
1676.5	80958237708344.9
1677.5	80861410355852.7
1678.5	80764409987105.47
1679.5	80674583634916.34
1680.5	80585501616451.95
1681.5	80496256412150.0
1682.5	80406848022010.4
1683.5	80317276446033.19
1684.5	80227541684218.36
1685.5	80137643736565.92
1686.5	80047582603075.86
1687.5	79957358283748.17
1688.5	79866970778582.88
1689.5	79776420087579.97
1690.5	79685706210739.45
1691.5	79594829148061.3
1692.5	79503788899545.55
1693.5	79412585465192.17
1694.5	79295067238586.89
1695.5	79165041058677.62
1696.5	79034806301080.94
1697.5	78904362965796.83
1698.5	78773711052825.34
1699.5	78642850562166.48
1700.5	78511781493820.19
1701.5	78380503847786.52
1702.5	78249017624065.44
1703.5	78117322822656.97
1704.5	77985419443561.1
1705.5	77853307486777.83
1706.5	77720986952307.17
1707.5	77588457840149.11
1708.5	77455720150303.66
1709.5	77313757789716.45
1710.5	77164770710445.55
1711.5	77015556547833.97
1712.5	76866115301881.77
1713.5	76716446972588.92
1714.5	76566551559955.4
1715.5	76416429063981.27
1716.5	76266079484666.48
1717.5	76115502822011.05
1718.5	75964699076014.98
1719.5	75813668246678.27
1720.5	75662410334000.9
1721.5	75510925337982.9
1722.5	75359213258624.23
1723.5	75207274095924.94
1724.5	75080958434980.52
1725.5	74975608414494.83
1726.5	74870085820455.45
1727.5	74764390652862.4
1728.5	74658522911715.67
1729.5	74552482597015.28
1730.5	74446269708761.19
1731.5	74339884246953.4
1732.5	74233326211591.97
1733.5	74126595602676.84
1734.5	74019692420208.05
1735.5	73912616664185.55
1736.5	73805368334609.38
1737.5	73697947431479.55
1738.5	73590353954796.02
1739.5	73503830467197.58
1740.5	73429114640468.39
1741.5	73354264402305.83
1742.5	73279279752709.88
1743.5	73204160691680.53
1744.5	73128907219217.8
1745.5	73053519335321.67
1746.5	72977997039992.16
1747.5	72902340333229.27
1748.5	72826549215032.98
1749.5	72750623685403.31
1750.5	72674563744340.22
1751.5	72598369391843.78
1752.5	72522040627913.94
1753.5	72445577452550.69
1754.5	72350318065341.08
1755.5	72250523039282.58
1756.5	72150567338741.62
1757.5	72050450963718.25
1758.5	71950173914212.47
1759.5	71849736190224.23
1760.5	71749137791753.58
1761.5	71648378718800.52
1762.5	71547458971365.0
1763.5	71446378549447.06
1764.5	71345137453046.7
1765.5	71243735682163.92
1766.5	71142173236798.69
1767.5	71040450116951.03
1768.5	70937925846552.75
1769.5	70826726183781.95
1770.5	70715355499163.03
1771.5	70603813792696.0
1772.5	70492101064380.84
1773.5	70380217314217.55
1774.5	70268162542206.13
1775.5	70155936748346.6
1776.5	70043539932638.94
1777.5	69930972095083.15
1778.5	69818233235679.25
1779.5	69705323354427.2
1780.5	69592242451327.05
1781.5	69478990526378.766
1782.5	69365567579582.37
1783.5	69250745975522.82
1784.5	69134123729853.43
1785.5	69017327260804.01
1786.5	68900356568374.555
1787.5	68783211652565.05
1788.5	68665892513375.54
1789.5	68548399150805.984
1790.5	68430731564856.36
1791.5	68312889755526.734
1792.5	68194873722817.08
1793.5	68076683466727.36
1794.5	67958318987257.625
1795.5	67839780284407.86
1796.5	67721067358178.055
1797.5	67602180208568.195
1798.5	67503848596614.234
1799.5	67408194170900.33
1800.5	67312391717576.9
1801.5	67216441236643.93
1802.5	67120342728101.45
1803.5	67024096191949.445
1804.5	66927701628187.91
1805.5	66831159036816.85
1806.5	66734468417836.266
1807.5	66637629771246.16
1808.5	66540643097046.55
1809.5	66443508395237.38
1810.5	66346225665818.69
1811.5	66248794908790.49
1812.5	66162977815862.43
1813.5	66093276971202.69
1814.5	66023458999929.7
1815.5	65953523902043.484
1816.5	65883471677544.016
1817.5	65813302326431.33
1818.5	65743015848705.36
1819.5	65672612244366.16
1820.5	65602091513413.734
1821.5	65531453655848.04
1822.5	65460698671669.13
1823.5	65389826560876.95
1824.5	65318837323471.54
1825.5	65247730959452.89
1826.5	65175994111572.95
1827.5	65096092574789.15
1828.5	65016064542704.28
1829.5	64935910015318.39
1830.5	64855628992631.44
1831.5	64775221474643.46
1832.5	64694687461354.42
1833.5	64614026952764.35
1834.5	64533239948873.234
1835.5	64452326449681.055
1836.5	64371286455187.87
1837.5	64290119965393.625
1838.5	64208826980298.32
1839.5	64127407499901.99
1840.5	64045861524204.61
1841.5	63943779949113.68
1842.5	63835790173070.49
1843.5	63727645484112.27
1844.5	63619345882239.05
1845.5	63510891367450.8
1846.5	63402281939747.52
1847.5	63293517599129.234
1848.5	63184598345595.93
1849.5	63075524179147.586
1850.5	62966295099784.26
1851.5	62856911107505.875
1852.5	62747372202312.5
1853.5	62637678384204.1
1854.5	62527829653180.67
1855.5	62418633090380.586
1856.5	62309820828669.53
1857.5	62200855103933.2
1858.5	62091735916171.625
1859.5	61982463265384.81
1860.5	61873037151572.73
1861.5	61763457574735.4
1862.5	61653724534872.836
1863.5	61543838031985.0
1864.5	61433798066071.9
1865.5	61323604637133.57
1866.5	61213257745169.984
1867.5	61102757390181.13
1868.5	60992103572167.04
1869.5	60921696635837.51
1870.5	60891601411914.16
1871.5	60861439165927.76
1872.5	60831209897878.31
1873.5	60800913607765.83
1874.5	60770550295590.27
1875.5	60740119961351.695
1876.5	60709622605050.055
1877.5	60679058226685.35
1878.5	60648426826257.62
1879.5	60617728403766.836
1880.5	60586962959212.99
1881.5	60556130492596.11
1882.5	60525231003916.17
1883.5	60490422570675.82
1884.5	60451699073540.01
1885.5	60412900395227.83
1886.5	60374026535739.23
1887.5	60335077495074.23
1888.5	60296053273232.86
1889.5	60256953870215.07
1890.5	60217779286020.89
1891.5	60178529520650.305
1892.5	60139204574103.35
1893.5	60099804446379.984
1894.5	60060329137480.21
1895.5	60020778647404.06
1896.5	59981152976151.5
1897.5	59913996028123.64
1898.5	59826842481429.375
1899.5	59739563858332.53
1900.5	59652160158833.08
1901.5	59564631382931.02
1902.5	59476977530626.38
1903.5	59389198601919.12
1904.5	59301294596809.27
1905.5	59213265515296.82
1906.5	59125111357381.766
1907.5	59036832123064.12
1908.5	58948427812343.875
1909.5	58859898425221.03
1910.5	58771243961695.58
1911.5	58649601228284.805
1912.5	58516838905140.445
1913.5	58383905659303.836
1914.5	58250801490775.03
1915.5	58117526399553.984
1916.5	57984080385640.72
1917.5	57850463449035.22
1918.5	57716675589737.484
1919.5	57582716807747.54
1920.5	57448587103065.37
1921.5	57314286475690.96
1922.5	57179814925624.34
1923.5	57045172452865.516
1924.5	56911381984628.1
1925.5	56827571135139.15
1926.5	56743642515839.94
1927.5	56659596126730.48
1928.5	56575431967810.78
1929.5	56491150039080.84
1930.5	56406750340540.625
1931.5	56322232872190.19
1932.5	56237597634029.5
1933.5	56152844626058.555
1934.5	56067973848277.38
1935.5	55982985300685.945
1936.5	55897878983284.28
1937.5	55812654896072.36
1938.5	55753312327919.95
1939.5	55738170710275.195
1940.5	55722983820471.27
1941.5	55707751658508.14
1942.5	55692474224385.85
1943.5	55677151518104.39
1944.5	55661783539663.734
1945.5	55646370289063.91
1946.5	55630911766304.9
1947.5	55615407971386.7
1948.5	55599858904309.34
1949.5	55584264565072.8
1950.5	55568624953677.055
1951.5	55552940070122.15
1952.5	55507727125385.99
1953.5	55454597497439.49
1954.5	55401384369435.11
1955.5	55348087741372.87
1956.5	55294707613252.74
1957.5	55241243985074.734
1958.5	55187696856838.84
1959.5	55134066228545.08
1960.5	55080352100193.445
1961.5	55026554471783.92
1962.5	54972673343316.53
1963.5	54918708714791.25
1964.5	54864660586208.09
1965.5	54804132889133.51
1966.5	54729271530129.836
1967.5	54654305676432.0
1968.5	54579235328039.99
1969.5	54504060484953.805
1970.5	54428781147173.45
1971.5	54353397314698.94
1972.5	54277908987530.25
1973.5	54202316165667.38
1974.5	54126618849110.34
1975.5	54050817037859.125
1976.5	53974910731913.74
1977.5	53898899931274.195
1978.5	53822784635940.484
1979.5	53774884097294.336
1980.5	53729709896470.875
1981.5	53684462643293.69
1982.5	53639142337762.8
1983.5	53593748979878.19
1984.5	53548282569639.84
1985.5	53502743107047.805
1986.5	53457130592102.016
1987.5	53411445024802.53
1988.5	53365686405149.33
1989.5	53319854733142.41
1990.5	53273950008781.75
1991.5	53227972232067.4
1992.5	53179309225822.28
1993.5	53128678019288.92
1994.5	53077969239695.45
1995.5	53027182887041.87
1996.5	52976318961328.16
1997.5	52925377462554.305
1998.5	52874358390720.36
1999.5	52823261745826.29
2000.5	52772087527872.086
2001.5	52720835736857.766
2002.5	52669506372783.32
2003.5	52618099435648.76
2004.5	52566614925454.086
2005.5	52505320249205.25
2006.5	52425854465811.086
2007.5	52346283378208.914
2008.5	52266606986398.72
2009.5	52186825290380.49
2010.5	52106938290154.25
2011.5	52026945985720.01
2012.5	51946848377077.74
2013.5	51866645464227.45
2014.5	51786337247169.14
2015.5	51705923725902.82
2016.5	51625404900428.47
2017.5	51544780770746.1
2018.5	51469967374720.5
2019.5	51420288034755.43
2020.5	51370534242245.84
2021.5	51320705997191.75
2022.5	51270803299593.14
2023.5	51220826149450.02
2024.5	51170774546762.38
2025.5	51120648491530.234
2026.5	51070447983753.586
2027.5	51020173023432.41
2028.5	50969823610566.73
2029.5	50919399745156.52
2030.5	50868901427201.81
2031.5	50814937791687.0
2032.5	50736017781507.33
2033.5	50656995499724.84
2034.5	50577870946339.56
2035.5	50498644121351.46
2036.5	50419315024760.55
2037.5	50339883656566.83
2038.5	50260350016770.31
2039.5	50180714105370.98
2040.5	50100975922368.84
2041.5	50021135467763.89
2042.5	49941192741556.14
2043.5	49861147743745.57
2044.5	49781379339991.26
2045.5	49704288742357.73
2046.5	49627098961616.19
2047.5	49549809997766.66
2048.5	49472421850809.13
2049.5	49394934520743.63
2050.5	49317348007570.12
2051.5	49239662311288.625
2052.5	49161877431899.15
2053.5	49083993369401.66
2054.5	49006010123796.19
2055.5	48927927695082.73
2056.5	48849746083261.27
2057.5	48776923545851.89
2058.5	48725850772569.125
2059.5	48674705344768.99
2060.5	48623487262451.5
2061.5	48572196525616.63
2062.5	48520833134264.38
2063.5	48469397088394.78
2064.5	48417888388007.805
2065.5	48366307033103.43
2066.5	48314653023681.7
2067.5	48262926359742.59
2068.5	48211127041286.125
2069.5	48159255068312.29
2070.5	48106891183565.39
2071.5	48053740024075.4
2072.5	48000515115523.05
2073.5	47947216457908.31
2074.5	47893844051231.195
2075.5	47840397895491.71
2076.5	47786877990689.83
2077.5	47733284336825.586
2078.5	47679616933898.96
2079.5	47625875781909.95
2080.5	47572060880858.57
2081.5	47518172230744.81
2082.5	47464209831568.664
2083.5	47386770933970.55
2084.5	47294266227558.9
2085.5	47201650944474.695
2086.5	47108925084717.98
2087.5	47016088648288.695
2088.5	46923141635186.89
2089.5	46830084045412.54
2090.5	46736915878965.66
2091.5	46643637135846.23
2092.5	46550247816054.27
2093.5	46456747919589.75
2094.5	46363137446452.72
2095.5	46269416396643.14
2096.5	46220074732180.97
2097.5	46174535470835.06
2098.5	46128931765565.85
2099.5	46083263616373.29
2100.5	46037531023257.44
2101.5	45991733986218.26
2102.5	45945872505255.75
2103.5	45899946580369.94
2104.5	45853956211560.8
2105.5	45807901398828.34
2106.5	45761782142172.56
2107.5	45715598441593.47
2108.5	45669782102375.39
2109.5	45624863299635.766
2110.5	45579881374215.64
2111.5	45534836326115.07
2112.5	45489728155334.04
2113.5	45444556861872.516
2114.5	45399322445730.54
2115.5	45354024906908.07
2116.5	45308664245405.13
2117.5	45263240461221.73
2118.5	45217753554357.86
2119.5	45172203524813.516
2120.5	45126590372588.7
2121.5	45087112743287.33
2122.5	45049430251193.836
2123.5	45011692225568.22
2124.5	44973898666410.47
2125.5	44936049573720.56
2126.5	44898144947498.54
2127.5	44860184787744.35
2128.5	44822169094458.05
2129.5	44784097867639.62
2130.5	44745971107289.02
2131.5	44707788813406.31
2132.5	44669550985991.46
2133.5	44616277094209.08
2134.5	44527962670119.2
2135.5	44439545901995.4
2136.5	44351026789837.664
2137.5	44262405333646.016
2138.5	44173681533420.42
2139.5	44084855389160.91
2140.5	43995926900867.47
2141.5	43906896068540.11
2142.5	43817762892178.81
2143.5	43728527371783.59
2144.5	43639189507354.44
2145.5	43549749298891.36
2146.5	43473493888355.34
2147.5	43398463239224.555
2148.5	43323343850769.73
2149.5	43248135722990.88
2150.5	43172838855887.99
2151.5	43097453249461.1
2152.5	43021978903710.18
2153.5	42946415818635.23
2154.5	42870763994236.26
2155.5	42795023430513.26
2156.5	42719194127466.23
2157.5	42643276085095.18
2158.5	42595307725132.875
2159.5	42566769959146.64
2160.5	42538187486960.055
2161.5	42509560308573.07
2162.5	42480888423985.73
2163.5	42452171833198.01
2164.5	42423410536209.914
2165.5	42394604533021.445
2166.5	42365753823632.59
2167.5	42336858408043.375
2168.5	42307918286253.77
2169.5	42278933458263.81
2170.5	42255988046799.734
2171.5	42244307826145.15
2172.5	42232598916989.14
2173.5	42220861319331.71
2174.5	42209095033172.875
2175.5	42197300058512.61
2176.5	42185476395350.914
2177.5	42173624043687.805
2178.5	42161743003523.27
2179.5	42149833274857.31
2180.5	42137894857689.945
2181.5	42125927752021.15
2182.5	42108400675494.85
2183.5	42061787303849.29
2184.5	42015113563963.74
2185.5	41968379455838.19
2186.5	41921584979472.63
2187.5	41874730134867.07
2188.5	41827814922021.516
2189.5	41780839340935.945
2190.5	41733803391610.375
2191.5	41686707074044.81
2192.5	41639550388239.26
2193.5	41592333334193.69
2194.5	41545092411204.875
2195.5	41498363236126.83
2196.5	41451574247214.45
2197.5	41404725444467.74
2198.5	41357816827886.69
2199.5	41310848397471.29
2200.5	41263820153221.555
2201.5	41216732095137.48
2202.5	41169584223219.07
2203.5	41122376537466.31
2204.5	41075109037879.23
2205.5	41027781724457.8
2206.5	40980345666423.58
2207.5	40930451055448.734
2208.5	40880494413065.164
2209.5	40830475739272.91
2210.5	40780395034071.93
2211.5	40730252297462.234
2212.5	40680047529443.85
2213.5	40629780730016.74
2214.5	40579451899180.945
2215.5	40529061036936.43
2216.5	40478608143283.21
2217.5	40428093218221.266
2218.5	40377781213432.56
2219.5	40332443767186.12
2220.5	40287049066662.96
2221.5	40241597111863.04
2222.5	40196087902786.4
2223.5	40150521439433.0
2224.5	40104897721802.88
2225.5	40059216749896.02
2226.5	40013478523712.43
2227.5	39967683043252.1
2228.5	39921830308515.02
2229.5	39875920319501.21
2230.5	39827661560406.92
2231.5	39765260727206.02
2232.5	39702787963225.35
2233.5	39640243268464.88
2234.5	39577626642924.63
2235.5	39514938086604.59
2236.5	39452177599504.77
2237.5	39389345181625.164
2238.5	39326440832965.766
2239.5	39263464553526.58
2240.5	39200416343307.6
2241.5	39137296202308.84
2242.5	39075493295518.63
2243.5	39016862527298.25
2244.5	38958163958108.51
2245.5	38899397587949.41
2246.5	38840563416820.99
2247.5	38781661444723.234
2248.5	38722691671656.125
2249.5	38663654097619.67
2250.5	38604548722613.875
2251.5	38545375546638.734
2252.5	38486134569694.26
2253.5	38426825791780.44
2254.5	38368998307974.4
2255.5	38312478732573.266
2256.5	38255893949080.03
2257.5	38199243957494.72
2258.5	38142528757817.35
2259.5	38085748350047.9
2260.5	38028902734186.375
2261.5	37971991910232.77
2262.5	37915015878187.09
2263.5	37857974638049.35
2264.5	37800868189819.53
2265.5	37743696533497.63
2266.5	37714764352922.61
2267.5	37692007905424.24
2268.5	37669216709050.31
2269.5	37646390763800.84
2270.5	37623530069675.81
2271.5	37600634626675.234
2272.5	37577704434799.09
2273.5	37554739494047.4
2274.5	37531739804420.14
2275.5	37508705365917.336
2276.5	37485636178538.98
2277.5	37459119142547.14
2278.5	37415893086126.09
2279.5	37372614650043.72
2280.5	37329283834300.05
2281.5	37285900638895.07
2282.5	37242465063828.766
2283.5	37198977109101.15
2284.5	37155436774712.23
2285.5	37111844060661.98
2286.5	37068198966950.43
2287.5	37024501493577.555
2288.5	36980751640543.375
2289.5	36933150523737.125
2290.5	36882852653177.016
2291.5	36832496778333.06
2292.5	36782082899205.29
2293.5	36731611015793.69
2294.5	36681081128098.24
2295.5	36630493236118.97
2296.5	36579847339855.86
2297.5	36529143439308.93
2298.5	36478381534478.17
2299.5	36427561625363.57
2300.5	36377866701566.84
2301.5	36343838495733.62
2302.5	36309766977945.58
2303.5	36275652148202.72
2304.5	36241494006505.05
2305.5	36207292552852.555
2306.5	36173047787245.266
2307.5	36138759709683.15
2308.5	36104428320166.22
2309.5	36070053618694.48
2310.5	36035635605267.92
2311.5	36001174279886.555
2312.5	35955248252029.68
2313.5	35901963676053.46
2314.5	35848619594746.414
2315.5	35795216008108.55
2316.5	35741752916139.84
2317.5	35688230318840.31
2318.5	35634648216209.95
2319.5	35581006608248.76
2320.5	35527305494956.74
2321.5	35473544876333.91
2322.5	35419724752380.22
2323.5	35365096968895.125
2324.5	35307755347762.195
2325.5	35250351294075.79
2326.5	35192884807835.914
2327.5	35135355889042.562
2328.5	35077764537695.72
2329.5	35020110753795.414
2330.5	34962394537341.613
2331.5	34904615888334.344
2332.5	34846774806773.594
2333.5	34788871292659.375
2334.5	34730905345991.684
2335.5	34693033566982.324
2336.5	34658129811875.293
2337.5	34623183464511.086
2338.5	34588194524889.684
2339.5	34553162993011.098
2340.5	34518088868875.316
2341.5	34482972152482.35
2342.5	34447812843832.195
2343.5	34412610942924.84
2344.5	34377366449760.31
2345.5	34342079364338.582
2346.5	34304902595388.207
2347.5	34266449740883.227
2348.5	34227951670225.51
2349.5	34189408383415.066
2350.5	34150819880451.88
2351.5	34112186161335.945
2352.5	34073507226067.277
2353.5	34034783074645.87
2354.5	33996013707071.727
2355.5	33957199123344.848
2356.5	33918339323465.24
2357.5	33875929265724.88
2358.5	33827986448136.3
2359.5	33779990789973.85
2360.5	33731942291237.52
2361.5	33683840951927.285
2362.5	33635686772043.168
2363.5	33587479751585.17
2364.5	33539219890553.273
2365.5	33490907188947.496
2366.5	33442541646767.824
2367.5	33394123264014.273
2368.5	33344931625547.324
2369.5	33293131260641.56
2370.5	33241275290024.24
2371.5	33189363713695.38
2372.5	33137396531654.977
2373.5	33085373743903.027
2374.5	33033295350439.535
2375.5	32981161351264.496
2376.5	32928971746377.91
2377.5	32876726535779.777
2378.5	32824425719470.105
2379.5	32777050262908.4
2380.5	32762971549549.66
2381.5	32748869434823.906
2382.5	32734743918731.15
2383.5	32720595001271.4
2384.5	32706422682444.637
2385.5	32692226962250.875
2386.5	32678007840690.113
2387.5	32663765317762.344
2388.5	32649499393467.566
2389.5	32635210067805.8
2390.5	32299149629799.805
2391.5	32257373344845.43
2392.5	32215649935773.36
2393.5	32173979349186.39
2394.5	32132361531708.79
2395.5	32090796429986.582
2396.5	32049283990687.566
2397.5	32007824160501.37
2398.5	31966416886139.61
2399.5	31925062114335.93
