# wavelength (nm)	photon flux (γ/s/cm^2/nm)
0.50	425462.32
1.50	35867137.04
2.50	49280209.28
3.50	57517142.07
4.50	86675482.95
5.50	142923744.84
6.50	214037171.75
7.50	195345419.56
8.50	201849856.63
9.50	181274700.67
10.50	145516910.65
11.50	104729952.71
12.50	62310091.56
13.50	69355893.45
14.50	159405390.38
15.50	164621415.64
16.50	248423113.49
17.50	1530915459.30
18.50	1407932085.72
19.50	1176661862.36
20.50	894324308.28
21.50	693751071.54
22.50	855179406.88
23.50	506601267.73
24.50	662361407.08
25.50	1177285277.69
26.50	381858760.94
27.50	531950271.66
28.50	795936696.35
29.50	285064563.84
30.50	7675753546.63
31.50	541210187.14
32.50	198490831.57
33.50	714740819.00
34.50	719185458.80
35.50	551944813.36
36.50	1206165434.15
37.50	54183123.30
38.50	76746567.81
39.50	49998479.22
40.50	181044039.36
41.50	174718402.82
42.50	130775639.45
43.50	273921684.97
44.50	169748032.35
45.50	172921837.83
46.50	459462146.16
47.50	221492505.14
48.50	348619841.20
49.50	541514762.38
50.50	564457257.62
51.50	228681020.55
52.50	273974140.14
53.50	232393904.55
54.50	155066458.76
55.50	814830520.86
56.50	208362440.85
57.50	185820887.47
58.50	1546717205.81
59.50	256327783.34
60.50	649609866.26
61.50	536885645.73
62.50	1238307600.02
63.50	1069598834.67
64.50	149718754.36
65.50	138693147.93
66.50	155555033.06
67.50	128173253.48
68.50	268951661.08
69.50	205369726.29
70.50	450284950.00
71.50	181096050.03
72.50	185187658.42
73.50	123863876.51
74.50	177999915.34
75.50	242075517.98
76.50	627552307.80
77.50	562740176.65
78.50	806321404.56
79.50	583968178.30
80.50	468201694.56
81.50	504452333.29
82.50	618292541.29
83.50	1418384405.86
84.50	882088441.03
85.50	1076931959.86
86.50	1236386115.63
87.50	1495487038.36
88.50	1788575840.32
89.50	2084287655.57
90.50	2513289683.07
91.50	2207132126.72
92.50	790065003.01
93.50	834400732.56
94.50	615545007.35
95.50	509994504.06
96.50	374899771.59
97.50	6287300251.99
98.50	780235959.99
99.50	1162645496.77
100.50	568859651.90
101.50	707568071.55
102.50	5675880556.45
103.50	5157745431.06
104.50	934243369.86
105.50	832623864.14
106.50	899481973.58
107.50	1025424483.92
108.50	1573561280.97
109.50	1163487705.88
110.50	1346021237.27
111.50	1271606123.18
112.50	1337188016.82
113.50	907137343.94
114.50	1109990256.63
115.50	1179694966.80
116.50	1454105551.36
117.50	5084279618.17
118.50	2005762428.31
119.50	3386401436.26
120.50	10288601343.19
121.50	440165625565.95
122.50	4283981776.34
123.50	2757307422.78
124.50	2062473588.89
125.50	1841171116.31
126.50	2584796302.44
127.50	1335717401.15
128.50	1073388077.27
129.50	1270634221.25
130.50	10823287126.47
131.50	1755892813.66
132.50	1415936940.34
133.50	13592278524.00
134.50	1334321465.94
135.50	3033932115.91
136.50	1926284319.35
137.50	2088817159.67
138.50	2074641930.78
139.50	5810134296.71
140.50	4997243892.75
141.50	2958373629.14
142.50	3217920691.22
143.50	3695129331.42
144.50	3664648812.76
145.50	3896794936.61
146.50	4854016382.43
147.50	6003264840.53
148.50	6210646815.58
149.50	5639400523.19
150.50	6345639661.94
151.50	6903880455.78
152.50	8691011671.19
153.50	9644499673.01
154.50	16413196121.34
155.50	14751652454.98
156.50	14846187720.09
157.50	13153246679.75
158.50	13173097821.71
159.50	13042667572.19
160.50	14764409372.17
161.50	17496337056.04
162.50	20350725676.63
163.50	21821673332.33
164.50	25561783931.99
165.50	40749225500.55
166.50	27848310217.33
167.50	33504053098.90
168.50	36596041830.16
169.50	48736545276.18
170.50	56590303501.36
171.50	57501384143.27
172.50	63459042785.99
173.50	64425827095.28
174.50	79752697655.70
175.50	98482445668.58
176.50	107191651826.14
177.50	131187305060.87
178.50	147037017808.63
179.50	147390196951.40
180.50	184691235788.31
181.50	219040770449.74
182.50	212586976808.53
183.50	229359029831.98
184.50	199330633111.98
185.50	228857242177.28
186.50	267674880269.64
187.50	301834911711.44
188.50	325670306368.85
189.50	190486888498.10
190.50	201346291695.66
191.50	215719212786.11
192.50	232840066185.92
193.50	180724504781.63
194.50	297136434001.24
195.50	291268826192.43
196.50	329936328918.95
197.50	337526256177.17
198.50	341242080920.67
199.50	372051943604.57
200.50	407832206331.55
201.50	457150112879.28
202.50	453782059219.08
203.50	527898888190.66
204.50	586284286785.39
205.50	605368345521.42
206.50	629984978046.83
207.50	730708959023.07
208.50	841897289756.11
209.50	1216706867785.11
210.50	1591593450144.60
211.50	1928643957821.35
212.50	1850143421869.84
213.50	1676704479186.09
214.50	2389087532879.36
215.50	1969134537576.93
216.50	1903945596441.17
217.50	1842815826034.72
218.50	2628669697959.49
219.50	2770755825775.63
220.50	2746638045955.57
221.50	1958576291697.35
222.50	2901426754029.24
223.50	3703307979557.47
224.50	3433794699705.59
225.50	3035603334773.96
226.50	2148018841207.36
227.50	2181212314621.40
228.50	3142102143913.83
229.50	2674782156504.39
230.50	3278265122297.48
231.50	2841273162531.73
232.50	3077501690684.95
233.50	2602078906386.72
234.50	2113098820310.72
235.50	3417712959259.42
236.50	2639523665774.80
237.50	3221721558691.38
238.50	2219771430394.60
239.50	2754927415985.68
240.50	2540183142267.60
241.50	2979035795891.17
242.50	4484110623110.15
243.50	4100730600857.63
244.50	3913424726369.61
245.50	3102687551119.17
246.50	3111572517635.88
247.50	3609315798487.98
248.50	2805704575530.99
249.50	3586852110677.06
250.50	3790039297211.42
251.50	2950678782454.93
252.50	2612394405231.29
253.50	3361491067471.25
254.50	3764122506510.47
255.50	5368592355027.08
256.50	6467662084176.62
257.50	8069965077246.36
258.50	8586617959449.73
259.50	7237554763008.35
260.50	5887485190062.66
261.50	5763809418612.96
262.50	7332299886903.06
263.50	10754600106966.30
264.50	16849986305351.54
265.50	17600696954636.90
266.50	17149465591716.28
267.50	17239014782337.78
268.50	17258427954314.64
269.50	15413898322616.10
270.50	19472407565692.84
271.50	16282908405102.25
272.50	12978921341417.69
273.50	14848618766240.51
274.50	8749047474091.01
275.50	12608596446409.64
276.50	17590745260011.72
277.50	17524497893356.16
278.50	11575855141800.82
279.50	5527462913395.74
280.50	6418237353717.79
281.50	15094895114662.80
282.50	21114406205938.57
283.50	23470056165863.19
284.50	18004269517063.97
285.50	9192727773951.67
286.50	24538062378999.62
287.50	26857011647863.57
288.50	22222631157073.49
289.50	33189953042481.64
290.50	44472418779338.69
291.50	41409754511974.86
292.50	36204398342174.61
293.50	41090784244931.70
294.50	37137522570202.92
295.50	41705283015620.24
296.50	37137495837082.59
297.50	39869331228623.16
298.50	29611635347072.73
299.50	41268881666297.16
300.50	27332177170785.91
301.50	37267287804377.98
302.50	36713850914649.95
303.50	48184300664953.10
304.50	45409722606576.88
305.50	47625610875574.37
306.50	43383106520241.88
307.50	50256073112463.67
308.50	50573709972673.27
309.50	38387048664887.75
310.50	50826524669101.35
311.50	58165212312562.81
312.50	54259456438035.27
313.50	56282245363621.05
314.50	55331827131217.62
315.50	51424849630952.95
316.50	53919802968872.59
317.50	61016643805622.21
318.50	56465594482571.35
319.50	59921810643075.93
320.50	63949735424567.58
321.50	60258057478702.48
322.50	57326386915751.02
323.50	57728086745512.82
324.50	64990187859326.91
325.50	75141922883416.88
326.50	82859176840415.27
327.50	81883279770786.97
328.50	82084103746463.91
329.50	88804996521447.89
330.50	88716170240018.52
331.50	84730687092891.95
332.50	83189825604481.81
333.50	82195445275763.52
334.50	84243936140935.16
335.50	82113470157557.47
336.50	75629733464010.58
337.50	76708148635819.67
338.50	82474343322791.27
339.50	87761319488156.53
340.50	89329178923221.22
341.50	88236777824764.17
342.50	89420907539763.75
343.50	85291856014822.12
344.50	80312295228788.95
345.50	83580850565716.58
346.50	86259112295779.38
347.50	85334118356446.86
348.50	84990073770521.09
349.50	88152948473506.02
350.50	93582482894894.55
351.50	93090154199834.55
352.50	91933387034649.00
353.50	97942021950392.86
354.50	103010911520166.86
355.50	99484169442900.08
356.50	89887645092091.84
357.50	79877991109996.77
358.50	79844558841817.27
359.50	89246400189460.14
360.50	93198241055535.67
361.50	92971300896400.62
362.50	95144597966982.70
363.50	98623739366954.30
364.50	104350765051803.86
365.50	112024228356470.62
366.50	117441135474965.22
367.50	117638155986658.30
368.50	116680022408805.42
369.50	118404409895028.67
370.50	117896221130030.62
371.50	114404159023541.23
372.50	106097299078591.69
373.50	99040496460225.56
374.50	97765886937507.36
375.50	103520089379915.86
376.50	114526441308434.59
377.50	123423687326480.00
378.50	125596507975060.38
379.50	122327307357806.39
380.50	116139824304510.47
381.50	104726604737472.20
382.50	92547248085030.19
383.50	87555200509768.14
384.50	92606137929832.62
385.50	99547479100963.33
386.50	102972014163524.20
387.50	104914951338113.17
388.50	109800307038340.36
389.50	118727651042504.00
390.50	124295416300214.39
391.50	118974700834660.20
392.50	106985361170681.78
393.50	100052919963819.95
394.50	101846869884969.47
395.50	107047224278284.19
396.50	112876100875061.73
397.50	124658980387084.69
398.50	144215932854723.62
399.50	164371543763196.53
400.50	178439472101351.38
401.50	184345303695443.69
402.50	185797478067297.53
403.50	184615813975837.56
404.50	182225364606347.38
405.50	179993592407267.31
406.50	180324659448612.75
407.50	181493957153298.78
408.50	183613390931206.78
409.50	185934298464489.78
410.50	187766190145402.78
411.50	191427509779214.94
412.50	193802043528723.22
413.50	195972819416797.94
414.50	196812771314883.25
415.50	196167772989907.69
416.50	195688649506417.31
417.50	194029890474189.69
418.50	193951062069063.22
419.50	194086051763705.94
420.50	194451072613885.75
421.50	195189829613738.69
422.50	194212303504369.16
423.50	193457613980814.75
424.50	192394637132552.50
425.50	190896132534351.91
426.50	188608661819874.88
427.50	182902793266012.38
428.50	177148413705819.47
429.50	173066213934405.53
430.50	172452085078503.34
431.50	177097406519316.41
432.50	184867083581219.78
433.50	192836404796523.34
434.50	199693488035878.53
435.50	203718539363748.44
436.50	205800903075505.84
437.50	206177638700040.03
438.50	207087859096251.66
439.50	209567777061161.09
440.50	213353390770868.84
441.50	218390903875821.28
442.50	222899913626814.78
443.50	225936323882933.44
444.50	228284924450520.94
445.50	230006955471856.62
446.50	232566346347205.59
447.50	236680170123901.41
448.50	240617073449085.19
449.50	243567245096831.44
450.50	245749087505970.22
451.50	245997714203349.53
452.50	245115350688202.31
453.50	244819082068854.41
454.50	245342367603448.81
455.50	246168675506428.53
456.50	247641437446990.66
457.50	249324531051935.19
458.50	250646978244708.56
459.50	251873522988036.31
460.50	253001547775975.75
461.50	253849706602200.72
462.50	254128678603276.22
463.50	253731899967766.69
464.50	252896719222521.28
465.50	251913334367484.97
466.50	250811958856396.47
467.50	250356833840033.44
468.50	250699708458608.00
469.50	251482004612523.38
470.50	252742780050570.84
471.50	254468916687741.56
472.50	256275491034060.28
473.50	257991329894618.12
474.50	259759663858662.16
475.50	261437056442435.16
476.50	262867758061427.94
477.50	264306835023960.19
478.50	265602499001207.41
479.50	266255991104306.06
480.50	266048212500309.31
481.50	264031448355744.78
482.50	260893590215849.22
483.50	257135471663608.59
484.50	253331297824557.72
485.50	250163274496705.66
486.50	248319081000028.28
487.50	248306230673432.09
488.50	249738552136063.22
489.50	251884101848201.22
490.50	254333630483060.78
491.50	256670246401550.22
492.50	258712273691494.44
493.50	260019791853883.59
494.50	260875664512921.81
495.50	261035007434761.19
496.50	260645939914040.03
497.50	260069492828973.66
498.50	259209944848495.84
499.50	258351146107080.72
500.50	257794650959555.44
501.50	257654379983908.88
502.50	258092362046977.94
503.50	259011306901916.84
504.50	260212596485817.31
505.50	261455941353049.75
506.50	262489388110057.53
507.50	263033892971131.56
508.50	263134796893250.78
509.50	262879918158352.50
510.50	262131534181556.09
511.50	260313045396420.97
512.50	257800982784176.38
513.50	255361821265305.09
514.50	253151301995945.44
515.50	251194185404062.47
516.50	249627685736578.12
517.50	248821840310713.66
518.50	249845586115633.09
519.50	251563979707666.06
520.50	253391760344541.22
521.50	255222446465553.00
522.50	257198083985900.50
523.50	259323339804746.06
524.50	261235496893875.91
525.50	262613937377803.03
526.50	263588696258959.03
527.50	264591199531705.78
528.50	266194334742740.19
529.50	267652333279098.22
530.50	268841923878748.53
531.50	269696924993678.84
532.50	270285979838666.47
533.50	270746054996513.62
534.50	270995827867525.31
535.50	270979533073534.97
536.50	270591565784030.03
537.50	270208567834147.06
538.50	269914057129371.31
539.50	269781046508770.84
540.50	269876305455929.88
541.50	270122724921701.12
542.50	270497863546873.50
543.50	270988785781877.88
544.50	271592172268744.50
545.50	272184781336963.84
546.50	272718819573539.22
547.50	273355855654896.62
548.50	273876925709138.16
549.50	274271425441479.31
550.50	274417031587969.50
551.50	274377389681272.06
552.50	274233259917640.91
553.50	274092338709785.56
554.50	273903708677672.50
555.50	273675285551462.75
556.50	273377059419738.34
557.50	273090311009396.59
558.50	272871729199250.28
559.50	272911468953085.59
560.50	273114209373957.28
561.50	273388367676133.03
562.50	273629985857412.28
563.50	273981343329202.25
564.50	274413410828794.91
565.50	275021223448200.22
566.50	275641211997347.75
567.50	276274940753201.97
568.50	276831113366282.38
569.50	277367229054713.84
570.50	277877436193945.84
571.50	278443533229835.72
572.50	279034024640435.75
573.50	279611574668014.00
574.50	280121899462588.31
575.50	280546194374233.81
576.50	280846566564947.69
577.50	281110326651323.72
578.50	281353047646672.62
579.50	281422484683436.56
580.50	281287703704792.12
581.50	281003969965644.59
582.50	280674426535877.50
583.50	280322663355579.31
584.50	279952626831665.22
585.50	279553386387453.22
586.50	279192986322709.22
587.50	278853304349883.94
588.50	278641275560852.00
589.50	278484733409445.94
590.50	278580911217682.38
591.50	278701972418053.53
592.50	278862830233212.38
593.50	279052437457071.66
594.50	279260995669343.12
595.50	279464472303565.56
596.50	279666067506644.66
597.50	279800782466624.66
598.50	279905327925884.28
599.50	279866583295050.50
600.50	279781652566924.34
601.50	279604392103043.44
602.50	279409531409532.75
603.50	279195016393934.81
604.50	278882979746888.72
605.50	278504759134241.84
606.50	277997447875944.53
607.50	277437742467743.34
608.50	276903656847325.81
609.50	276373121723775.72
610.50	275902246271553.47
611.50	275435342395562.47
612.50	274974663855883.53
613.50	274512108405669.28
614.50	274117272778598.16
615.50	273730814022056.62
616.50	273608921490366.34
617.50	273496404845708.84
618.50	273558058035818.59
619.50	273614641587229.03
620.50	273609773045362.09
621.50	273601311491915.94
622.50	273539631152690.44
623.50	273477000326141.06
624.50	273478408881701.03
625.50	273478417253680.34
626.50	273523000412972.81
627.50	273568248837795.91
628.50	273463442266849.78
629.50	273338493636876.06
630.50	273176677844925.97
631.50	273004185528303.34
632.50	272875308182323.16
633.50	272765145732591.19
634.50	272659823896894.53
635.50	272557762232066.97
636.50	272410023117242.84
637.50	272202049805633.03
638.50	271988018828486.00
639.50	271760978937603.81
640.50	271534716025719.38
641.50	271334969998863.84
642.50	271133279504927.59
643.50	270618290475492.34
644.50	270061847525020.50
645.50	269458795646874.75
646.50	268832038319698.53
647.50	268231624095105.94
648.50	267665767926633.50
649.50	267112682891789.94
650.50	266624059094684.34
651.50	266132668555874.72
652.50	265684907272488.84
653.50	265239117104812.88
654.50	264946112260861.31
655.50	264746359904362.22
656.50	264676055547819.59
657.50	264911122574658.16
658.50	265145678285050.44
659.50	265519999436877.19
660.50	265898579710449.28
661.50	266253383903515.09
662.50	266592866181155.00
663.50	266920546931955.53
664.50	267209071287720.09
665.50	267497253228585.47
666.50	267754380047552.81
667.50	268005213473777.97
668.50	268170578015824.97
669.50	268217656365020.28
670.50	268263676986514.53
671.50	268093565394247.91
672.50	267917359683273.00
673.50	267724639278781.28
674.50	267515919625783.75
675.50	267305129559454.25
676.50	267083706272423.12
677.50	266860458483501.34
678.50	266623237979726.41
679.50	266372926902746.09
680.50	266120722460358.38
681.50	265862289207298.91
682.50	265601949865588.50
683.50	265337512097680.56
684.50	265068367496008.53
685.50	264797302226064.91
686.50	264500472275745.03
687.50	264198084103407.03
688.50	263890129230397.00
689.50	263570507567074.31
690.50	263248847022390.59
691.50	262934015902528.16
692.50	262621953698198.66
693.50	262308007022859.44
694.50	262003457680270.66
695.50	261696942067627.69
696.50	261392842233825.31
697.50	261095307256196.22
698.50	260795843017498.31
699.50	260505974231705.56
700.50	260220423622852.97
701.50	259932994447225.09
702.50	259651305456342.44
703.50	259368246584615.41
704.50	259080206269028.22
705.50	258777780030930.41
706.50	258473453929733.22
707.50	258163989112525.50
708.50	257848315844931.59
709.50	257530721421754.59
710.50	257214556554575.91
711.50	256898286732488.97
712.50	256580110265560.44
713.50	256247257508873.34
714.50	255909843177834.81
715.50	255570479076196.19
716.50	255256473366569.34
717.50	254940870337904.34
718.50	254629476310521.06
719.50	254356984197531.78
720.50	254082749534225.06
721.50	253812316961806.94
722.50	253557739574772.34
723.50	253301483678090.28
724.50	253039540159778.00
725.50	252767375942647.75
726.50	252493498630708.00
727.50	252231389410979.94
728.50	251989630013584.62
729.50	251746255052123.34
730.50	251516854091429.56
731.50	251308344722749.84
732.50	251098323892205.12
733.50	250878002167394.41
734.50	250643990679617.19
735.50	250408410668707.00
736.50	250177055815729.84
737.50	249952850493987.16
738.50	249727115981637.28
739.50	249520183091220.72
740.50	249349584276553.56
741.50	249177613372120.00
742.50	249018059895179.16
743.50	248892677986522.81
744.50	248766056643388.72
745.50	248635724230093.41
746.50	248492062166772.16
747.50	248347121664188.62
748.50	248199969703168.09
749.50	248029114433208.00
750.50	247856918398055.47
751.50	247683381597710.41
752.50	247512969128053.09
753.50	247341780359727.22
754.50	247169264160326.28
755.50	246976935114915.81
756.50	246775296895969.75
757.50	246572261337978.59
758.50	246355285463094.75
759.50	246123807028408.75
760.50	245890863758530.12
761.50	245655502674618.75
762.50	245415652523364.72
763.50	245174327108171.78
764.50	244931526429039.97
765.50	244715232663155.75
766.50	244498403300268.44
767.50	244280174042757.31
768.50	244089427412786.12
769.50	243911600285049.47
770.50	243732485450696.97
771.50	243549036390170.41
772.50	243358626569804.09
773.50	243166906478099.56
774.50	242973876115057.03
775.50	242770466039567.00
776.50	242565630574172.75
777.50	242359461211259.56
778.50	242153821301278.81
779.50	241948096110116.72
780.50	241741044999814.84
781.50	241529704991577.69
782.50	241304383671622.56
783.50	241077696523058.12
784.50	240849643545884.19
785.50	240590519613365.12
786.50	240319503995141.38
787.50	240047020340636.31
788.50	239768511076340.91
789.50	239476184259721.19
790.50	239182346591596.56
791.50	238886998071967.00
792.50	238620346832138.84
793.50	238361295569641.53
794.50	238100832462174.06
795.50	237842737830550.44
796.50	237595912624169.62
797.50	237347716895703.44
798.50	237098150645151.94
799.50	236826789624891.84
800.50	236543934703447.28
801.50	236259633002377.16
802.50	235976082846591.59
803.50	235716403628813.06
804.50	235455346115051.03
805.50	235192910305305.56
806.50	234944019891763.81
807.50	234712050875331.34
808.50	234478785804106.78
809.50	234244224678090.12
810.50	233997929312681.19
811.50	233747699369260.09
812.50	233496141174302.31
813.50	233240777988476.47
814.50	232964016756091.00
815.50	232685871916761.12
816.50	232406343470486.75
817.50	232139384893935.84
818.50	231892032665097.69
819.50	231643382171680.00
820.50	231393433413682.81
821.50	231168794125329.78
822.50	230957266032660.66
823.50	230744539334512.97
824.50	230530614030886.75
825.50	230290193322162.41
826.50	230045058977188.06
827.50	229798656380791.72
828.50	229544633561389.19
829.50	229204834817921.06
830.50	228863548770644.16
831.50	228520775419558.38
832.50	228168121960335.38
833.50	227787351896122.25
834.50	227405010516044.97
835.50	227021097820103.66
836.50	226648322648137.44
837.50	226295671790948.84
838.50	225941531741544.09
839.50	225585902499923.19
840.50	225193297732397.53
841.50	224759055217345.06
842.50	224323143848356.97
843.50	223885563625433.12
844.50	223424620524389.44
845.50	222943455214648.12
846.50	222460525908001.66
847.50	221975832604449.97
848.50	221551595801694.47
849.50	221170850985518.19
850.50	220788595034476.06
851.50	220404827948568.03
852.50	220098549364727.69
853.50	219845907431740.12
854.50	219592068493364.06
855.50	219337032549599.50
856.50	219129073332031.06
857.50	218956489376323.62
858.50	218782906175314.41
859.50	218608323729003.53
860.50	218446412708733.16
861.50	218296684047408.09
862.50	218146018442322.06
863.50	217994415893475.12
864.50	217883418282220.19
865.50	217826710676658.22
866.50	217769289629999.12
867.50	217711155142242.78
868.50	217681330572444.31
869.50	217712605047964.50
870.50	217743374943635.72
871.50	217773640259457.97
872.50	217795675536662.53
873.50	217779426878611.88
874.50	217762569471370.97
875.50	217745103314939.94
876.50	217727028409318.78
877.50	217646985584107.38
878.50	217566194159744.75
879.50	217484654136230.94
880.50	217402365513565.97
881.50	217326105542377.84
882.50	217250915940035.53
883.50	217174997202633.41
884.50	217098349330171.41
885.50	217005879181889.75
886.50	216900773520387.38
887.50	216794877849658.94
888.50	216688192169704.50
889.50	216564195787741.03
890.50	216398879565312.22
891.50	216232645243930.19
892.50	216065492823595.00
893.50	215897422304306.72
894.50	215701639917398.00
895.50	215504879523724.75
896.50	215307141123286.84
897.50	215108424716084.38
898.50	214889991563505.41
899.50	214661298892877.53
900.50	214431565960022.50
901.50	214200792764940.19
902.50	213973819960382.41
903.50	213756603915275.41
904.50	213538382211839.03
905.50	213319154850073.19
906.50	213098921829977.88
907.50	212894269879884.41
908.50	212689898665374.72
909.50	212484561098743.28
910.50	212278257179990.19
911.50	212067570706499.62
912.50	211852624550304.78
913.50	211636697344376.62
914.50	211419789088715.12
915.50	211200747177769.72
916.50	210965391784497.97
917.50	210729019370343.56
918.50	210491629935306.53
919.50	210253223479386.88
920.50	210032855298062.25
921.50	209824767698870.19
922.50	209615733251768.88
923.50	209405751956758.16
924.50	209195621798848.59
925.50	208992623761876.41
926.50	208788698058174.16
927.50	208583844687741.91
928.50	208378063650579.62
929.50	208161044651417.25
930.50	207934966139255.34
931.50	207707920344997.00
932.50	207479907268642.16
933.50	207250926910190.88
934.50	207007519051773.09
935.50	206763115103944.00
936.50	206517715066703.56
937.50	206271318940051.78
938.50	206043810563648.66
939.50	205843992290100.56
940.50	205643281277529.88
941.50	205441677525936.50
942.50	205239181035320.59
943.50	205073932568251.19
944.50	204917417508515.12
945.50	204760110771660.47
946.50	204602012357687.09
947.50	204432991468842.88
948.50	204205689075916.69
949.50	203977452444074.09
950.50	203748281573315.12
951.50	203518176463639.84
952.50	203287137115048.19
953.50	203105049987841.41
954.50	202937903401263.84
955.50	202769960258159.72
956.50	202601220558529.06
957.50	202437133306868.09
958.50	202327413911300.72
959.50	202217024422902.62
960.50	202105964841673.91
961.50	201994235167614.47
962.50	201889040576490.25
963.50	201794472206929.66
964.50	201699272133753.28
965.50	201603440356961.19
966.50	201506976876553.16
967.50	201401773052211.91
968.50	201291922826323.31
969.50	201181415878838.00
970.50	201070252209756.06
971.50	200958431819077.50
972.50	200814563948534.06
973.50	200667242361592.28
974.50	200519193882587.16
975.50	200370418511518.69
976.50	200214923468917.81
977.50	200024695400269.97
978.50	199833658612906.34
979.50	199641813106826.72
980.50	199449158882031.12
981.50	199252179237470.41
982.50	199047846037869.28
983.50	198842683645344.75
984.50	198636692059897.03
985.50	198429871281525.97
986.50	198218755035235.81
987.50	198003599686720.09
988.50	197787601631011.53
989.50	197570760868110.00
990.50	197353077398015.66
991.50	197128003843150.03
992.50	196898990147683.44
993.50	196669114322943.41
994.50	196438376368929.94
995.50	196206776285643.09
996.50	195991407479800.47
997.50	195779488491612.28
998.50	195566750257760.12
999.50	195353192778244.00
1000.50	195138816053063.78
1001.50	194952593908014.59
1002.50	194768478782623.59
1003.50	194583607994931.47
1004.50	194397981544938.38
1005.50	194211599432644.25
1006.50	194055350315629.41
1007.50	193898719231303.34
1008.50	193741394483015.47
1009.50	193583376070765.78
1010.50	193424214149161.56
1011.50	193255802152540.12
1012.50	193086678685113.19
1013.50	192916843746880.56
1014.50	192746297337842.22
1015.50	192575124754512.59
1016.50	192404222744218.84
1017.50	192232611362984.31
1018.50	192060290610809.22
1019.50	191887260487693.34
1020.50	191715116585937.97
1021.50	191558415460490.53
1022.50	191401039709429.88
1023.50	191242989332755.97
1024.50	191084264330468.84
1025.50	190924076605754.78
1026.50	190755236413587.62
1027.50	190585704518028.03
1028.50	190415480919076.12
1029.50	190244565616731.81
1030.50	190071752824225.44
1031.50	189879336997190.78
1032.50	189686190463471.81
1033.50	189492313223068.56
1034.50	189297705275980.91
1035.50	189102247940790.31
1036.50	188894298862573.75
1037.50	188685596155139.06
1038.50	188476139818486.28
1039.50	188265929852615.41
1040.50	188054966257526.38
1041.50	187843498593204.66
1042.50	187631296581017.12
1043.50	187418341454914.56
1044.50	187204633214897.03
1045.50	186990171860964.38
1046.50	186761206786219.03
1047.50	186528840652326.53
1048.50	186295690119721.88
1049.50	186061755188405.03
1050.50	185827035858375.97
1051.50	185565448619587.28
1052.50	185293370869628.19
1053.50	185020440759310.31
1054.50	184746658288633.59
1055.50	184472023457598.22
1056.50	184190393108029.22
1057.50	183903799453634.25
1058.50	183616334056775.62
1059.50	183327996917453.12
1060.50	183038788035666.94
1061.50	182747310271410.78
1062.50	182453316466328.38
1063.50	182158445196199.38
1064.50	181862696461023.66
1065.50	181566070260801.22
1066.50	181271030381233.94
1067.50	180981155339912.22
1068.50	180690418765682.06
1069.50	180398820658543.66
1070.50	180106361018496.84
1071.50	179816527688726.06
1072.50	179554085495126.22
1073.50	179290840952314.34
1074.50	179026794060290.44
1075.50	178761944819054.62
1076.50	178496293228606.75
1077.50	178267916408255.31
1078.50	178042577279428.09
1079.50	177816513468188.34
1080.50	177589724974536.09
1081.50	177362211798471.47
1082.50	177167483086472.34
1083.50	176987160344116.81
1084.50	176806202644947.72
1085.50	176624609988965.00
1086.50	176442382376168.78
1087.50	176276523602720.25
1088.50	176130040476832.41
1089.50	175982990375325.03
1090.50	175835373298198.03
1091.50	175687189245451.59
1092.50	175543187908965.88
1093.50	175416512535497.16
1094.50	175289311591590.47
1095.50	175161585077245.69
1096.50	175033332992462.88
1097.50	174904555337242.03
1098.50	174789928299658.38
1099.50	174675575546172.09
1100.50	174560725349000.62
1101.50	174445377708144.09
1102.50	174329532623602.31
1103.50	174206314983744.28
1104.50	174079198121988.72
1105.50	173951565218703.59
1106.50	173823416273888.91
1107.50	173694751287544.69
1108.50	173560048782548.84
1109.50	173415410358713.47
1110.50	173270228968835.84
1111.50	173124504612916.16
1112.50	172978237290954.12
1113.50	172830933361684.75
1114.50	172676521313040.00
1115.50	172521553631953.25
1116.50	172366030318424.47
1117.50	172209951372453.75
1118.50	172053316794041.09
1119.50	171891953730322.12
1120.50	171728635385880.22
1121.50	171564751469195.03
1122.50	171400301980266.41
1123.50	171235286919094.53
1124.50	171065516610473.12
1125.50	170889138871642.41
1126.50	170712177385877.34
1127.50	170534632153177.88
1128.50	170356503173544.12
1129.50	170177760435665.50
1130.50	169998034823007.47
1131.50	169817724704259.81
1132.50	169636830079422.28
1133.50	169455350948495.09
1134.50	169273287311478.16
1135.50	169098676571234.12
1136.50	168926781255481.97
1137.50	168754321372496.53
1138.50	168581296922277.69
1139.50	168407707904825.53
1140.50	168234054090336.00
1141.50	168060807577792.44
1142.50	167886999075678.59
1143.50	167712628583994.44
1144.50	167537696102739.94
1145.50	167362201631915.16
1146.50	167172272583501.62
1147.50	166981327922286.75
1148.50	166789796323159.53
1149.50	166597677786119.78
1150.50	166404972311167.59
1151.50	166209683986864.81
1152.50	166012358687682.97
1153.50	165814440473642.75
1154.50	165615929344744.19
1155.50	165416825300987.16
1156.50	165218374751187.78
1157.50	165025016436334.88
1158.50	164831077181536.44
1159.50	164636556986792.72
1160.50	164441455852103.50
1161.50	164245773777468.91
1162.50	164048262858475.03
1163.50	163849795781288.59
1164.50	163650744975932.97
1165.50	163451110442408.09
1166.50	163250892180714.00
1167.50	163047919383487.88
1168.50	162840324186872.31
1169.50	162632134637150.78
1170.50	162423350734323.47
1171.50	162213972478390.44
1172.50	162003999869351.44
1173.50	161804058419091.47
1174.50	161604341176058.25
1175.50	161404049052065.00
1176.50	161203182047111.81
1177.50	161001740161198.72
1178.50	160812339110253.69
1179.50	160635526373069.66
1180.50	160458182448364.84
1181.50	160280307336139.31
1182.50	160101901036392.97
1183.50	159924260422283.31
1184.50	159770752222337.28
1185.50	159616756666662.84
1186.50	159462273755260.03
1187.50	159307303488128.91
1188.50	159151845865269.31
1189.50	159001300855331.09
1190.50	158853880574620.94
1191.50	158705988070503.12
1192.50	158557623342977.69
1193.50	158408786392044.56
1194.50	158262540987449.28
1195.50	158133204385549.50
1196.50	158003429758871.84
1197.50	157873217107416.34
1198.50	157742566431182.94
1199.50	157611477730171.66
1200.50	157501772627096.91
1201.50	157401943406327.28
1202.50	157301729622873.28
1203.50	157201131276734.94
1204.50	157100148367912.25
1205.50	156998501659152.16
1206.50	156895479080192.41
1207.50	156792069832766.16
1208.50	156688273916873.25
1209.50	156584091332513.78
1210.50	156479522079687.72
1211.50	156376227869611.53
1212.50	156273134060698.19
1213.50	156169657290385.12
1214.50	156065797558672.19
1215.50	155961554865559.50
1216.50	155855604775269.66
1217.50	155745685720616.72
1218.50	155635375639923.31
1219.50	155524674533189.38
1220.50	155413582400415.00
1221.50	155302099241600.09
1222.50	155183316382463.44
1223.50	155062181000366.19
1224.50	154940640101799.44
1225.50	154818693686763.22
1226.50	154696341755257.53
1227.50	154569802636413.44
1228.50	154434020752311.50
1229.50	154297812813133.84
1230.50	154161178818880.56
1231.50	154024118769551.56
1232.50	153886632665146.88
1233.50	153742350814549.19
1234.50	153596137244676.69
1235.50	153449484869317.12
1236.50	153302393688470.56
1237.50	153154863702137.00
1238.50	153006144772910.44
1239.50	152855314818023.28
1240.50	152704042150022.06
1241.50	152552326768906.69
1242.50	152400168674677.19
1243.50	152247567867333.53
1244.50	152079000789792.31
1245.50	151906555703449.41
1246.50	151733637480260.47
1247.50	151560246120225.59
1248.50	151386381623344.59
1249.50	151207118152355.72
1250.50	151016897878571.66
1251.50	150826179828899.62
1252.50	150634964003339.59
1253.50	150443250401891.62
1254.50	150251039024555.72
1255.50	150067131288277.22
1256.50	149884673353884.91
1257.50	149701734741868.72
1258.50	149518315452228.75
1259.50	149334415484964.94
1260.50	149154531614464.25
1261.50	148984191091147.28
1262.50	148813392906031.59
1263.50	148642137059117.31
1264.50	148470423550404.38
1265.50	148298252379892.81
1266.50	148133372816700.25
1267.50	147969866994039.06
1268.50	147805918617354.78
1269.50	147641527686647.50
1270.50	147476694201917.22
1271.50	147317032080516.75
1272.50	147170045678084.53
1273.50	147022646156246.41
1274.50	146874833515002.34
1275.50	146726607754352.44
1276.50	146577968874296.62
1277.50	146450843932441.06
1278.50	146328826254665.00
1279.50	146206438367576.16
1280.50	146083680271174.62
1281.50	145960551965460.31
1282.50	145845990290298.28
1283.50	145752969252051.81
1284.50	145659626061707.66
1285.50	145565960719265.91
1286.50	145471973224726.53
1287.50	145377663578089.59
1288.50	145280005307249.66
1289.50	145181165903816.03
1290.50	145081998325634.50
1291.50	144982502572705.09
1292.50	144882678645027.72
1293.50	144781766215060.72
1294.50	144678567795266.44
1295.50	144575037002107.31
1296.50	144471173835583.31
1297.50	144366978295694.56
1298.50	144262450382440.91
1299.50	144157110379438.72
1300.50	144051293862588.84
1301.50	143945144013531.00
1302.50	143838660832265.22
1303.50	143731844318791.56
1304.50	143623925429375.81
1305.50	143513481534010.22
1306.50	143402699771579.69
1307.50	143291580142084.19
1308.50	143180122645523.72
1309.50	143068327281898.22
1310.50	142953146882489.12
1311.50	142836660967545.84
1312.50	142719831066602.03
1313.50	142602657179657.69
1314.50	142485139306712.81
1315.50	142368907052675.38
1316.50	142256974922194.88
1317.50	142144708334731.28
1318.50	142032107290284.47
1319.50	141919171788854.53
1320.50	141805901830441.50
1321.50	141691337483447.16
1322.50	141576133860996.56
1323.50	141460593869995.84
1324.50	141344717510444.94
1325.50	141228504782343.91
1326.50	141112641469766.12
1327.50	140998396141017.72
1328.50	140883818420546.97
1329.50	140768908308353.94
1330.50	140653665804438.56
1331.50	140538090908800.86
1332.50	140422364331035.94
1333.50	140306362741796.95
1334.50	140190029117722.36
1335.50	140073363458812.14
1336.50	139956365765066.34
1337.50	139836368792581.42
1338.50	139708818967909.28
1339.50	139580922336541.91
1340.50	139452678898479.36
1341.50	139324088653721.52
1342.50	139195151602268.48
1343.50	139063432311040.17
1344.50	138930675159299.66
1345.50	138797566552780.44
1346.50	138664106491482.48
1347.50	138530294975405.73
1348.50	138396115938163.00
1349.50	138261546058195.36
1350.50	138126624641281.59
1351.50	137991351687421.77
1352.50	137855727196615.84
1353.50	137719751168863.86
1354.50	137584127007223.14
1355.50	137448317464844.78
1356.50	137312157667763.00
1357.50	137175647615977.80
1358.50	137038787309489.12
1359.50	136905153133340.11
1360.50	136778440450243.41
1361.50	136651393455849.47
1362.50	136524012150158.44
1363.50	136396296533170.33
1364.50	136268246604885.00
1365.50	136146883345307.16
1366.50	136026339845068.47
1367.50	135905473990955.16
1368.50	135784285782967.23
1369.50	135662775221104.73
1370.50	135542716060977.17
1371.50	135425233269419.31
1372.50	135307434935775.11
1373.50	135189321060044.59
1374.50	135070891642227.78
1375.50	134952146682324.61
1376.50	134831480933462.05
1377.50	134710357622061.39
1378.50	134588916233400.36
1379.50	134467156767478.94
1380.50	134345079224297.12
1381.50	134221499892132.00
1382.50	134096210188568.89
1383.50	133970598682394.22
1384.50	133844665373607.88
1385.50	133718410262209.92
1386.50	133591833348200.38
1387.50	133458512662821.31
1388.50	133324860917938.77
1389.50	133190878113552.66
1390.50	133056564249663.05
1391.50	132921919326269.95
1392.50	132782952736040.45
1393.50	132640381967637.56
1394.50	132497469718690.28
1395.50	132354215989198.62
1396.50	132210620779162.59
1397.50	132066663977984.80
1398.50	131922184542591.11
1399.50	131777363338844.89
1400.50	131632200366746.11
1401.50	131486695626294.73
1402.50	131340849117490.84
1403.50	131195065666992.31
1404.50	131049149720679.75
1405.50	130902892880077.67
1406.50	130756295145186.03
1407.50	130609356516004.83
1408.50	130461868171835.48
1409.50	130313297746926.05
1410.50	130164385079931.61
1411.50	130015130170852.09
1412.50	129865533019687.48
1413.50	129715593626437.88
1414.50	129573607877847.42
1415.50	129433498411689.86
1416.50	129293061551269.75
1417.50	129152297296587.05
1418.50	129011205647641.78
1419.50	128870833564901.47
1420.50	128731919481266.06
1421.50	128592681990156.25
1422.50	128453121091572.05
1423.50	128313236785513.36
1424.50	128173029071980.30
1425.50	128045589195854.02
1426.50	127918533775722.41
1427.50	127791174282045.22
1428.50	127663510714822.41
1429.50	127535543074054.03
1430.50	127413228474359.45
1431.50	127295696256372.59
1432.50	127177875388389.58
1433.50	127059765870410.45
1434.50	126941367702435.11
1435.50	126823456566290.81
1436.50	126710026082849.27
1437.50	126596314668790.78
1438.50	126482322324115.45
1439.50	126368049048823.30
1440.50	126253494842914.23
1441.50	126150777053771.55
1442.50	126052055546009.88
1443.50	125953075826734.67
1444.50	125853837895946.00
1445.50	125754341753643.86
1446.50	125654614693347.80
1447.50	125554680182282.31
1448.50	125454487567524.36
1449.50	125354036849073.77
1450.50	125253328026930.66
1451.50	125152361101094.91
1452.50	125041946568817.89
1453.50	124930878119928.69
1454.50	124819538386763.52
1455.50	124707927369322.38
1456.50	124596045067605.30
1457.50	124483489617674.33
1458.50	124370382879041.05
1459.50	124257003921482.98
1460.50	124143352745000.14
1461.50	124029429349592.52
1462.50	123913501310644.27
1463.50	123791152251097.36
1464.50	123668520203863.52
1465.50	123545605168942.67
1466.50	123422407146334.94
1467.50	123298926136040.19
1468.50	123150415105536.33
1469.50	122997556053497.72
1470.50	122844374823279.52
1471.50	122690871414881.73
1472.50	122537045828304.36
1473.50	122385012058571.73
1474.50	122234774409711.66
1475.50	122084220321375.86
1476.50	121933349793564.31
1477.50	121782162826277.00
1478.50	121633237424141.45
1479.50	121497542748375.72
1480.50	121361553428912.30
1481.50	121225269465751.17
1482.50	121088690858892.31
1483.50	120951817608335.81
1484.50	120830349065894.19
1485.50	120712055551417.39
1486.50	120593493187181.62
1487.50	120474661973186.81
1488.50	120355561909433.02
1489.50	120245231782818.61
1490.50	120144058976117.16
1491.50	120042642088376.22
1492.50	119940981119595.84
1493.50	119839076069775.94
1494.50	119740507200351.59
1495.50	119659190837371.48
1496.50	119577658577174.44
1497.50	119495910419760.42
1498.50	119413946365129.45
1499.50	119331766413281.53
1500.50	119279771177883.38
1501.50	119232968955440.45
1502.50	119185998507127.23
1503.50	119138859832943.73
1504.50	119091552932889.95
1505.50	119049100392007.70
1506.50	119010598414914.94
1507.50	118971940343433.48
1508.50	118933126177563.42
1509.50	118894155917304.73
1510.50	118850514151918.34
1511.50	118793155113184.16
1512.50	118735616065274.28
1513.50	118677897008188.66
1514.50	118619997941927.27
1515.50	118561918866490.17
1516.50	118500199526529.30
1517.50	118438151341538.52
1518.50	118375918393751.61
1519.50	118313500683168.61
1520.50	118250898209789.48
1521.50	118178755428678.53
1522.50	118102010084000.41
1523.50	118025061891538.53
1524.50	117947910851292.95
1525.50	117870556963263.64
1526.50	117779701728981.12
1527.50	117669476823315.67
1528.50	117559006573486.36
1529.50	117448290979493.25
1530.50	117337330041336.28
1531.50	117222711538177.48
1532.50	117086868763214.75
1533.50	116950748815154.47
1534.50	116814351693996.62
1535.50	116677677399741.30
1536.50	116540725932388.38
1537.50	116384294539506.12
1538.50	116225186076782.31
1539.50	116065772374455.14
1540.50	115906053432524.66
1541.50	115746029250990.83
1542.50	115566609783803.55
1543.50	115376115212499.97
1544.50	115185276726459.28
1545.50	114994094325681.42
1546.50	114802568010166.47
1547.50	114604836456681.61
1548.50	114398313375692.75
1549.50	114191427903830.64
1550.50	113984180041095.22
1551.50	113776569787486.55
1552.50	113566305343404.39
1553.50	113345228410740.44
1554.50	113123772684987.50
1555.50	112901938166145.50
1556.50	112679724854214.41
1557.50	112457132749194.28
1558.50	112242114213319.50
1559.50	112027058650538.22
1560.50	111811634925031.27
1561.50	111595843036798.62
1562.50	111379682985840.33
1563.50	111183124389268.33
1564.50	110992883971229.41
1565.50	110802309450146.55
1566.50	110611400826019.66
1567.50	110420158098848.73
1568.50	110245103005146.69
1569.50	110083261278033.72
1570.50	109921123751378.09
1571.50	109758690425179.81
1572.50	109595961299438.94
1573.50	109448180294642.78
1574.50	109327240392149.80
1575.50	109206058511815.52
1576.50	109084634653639.98
1577.50	108962968817623.23
1578.50	108844782160709.61
1579.50	108743320917217.05
1580.50	108641643889223.91
1581.50	108539751076730.16
1582.50	108437642479735.89
1583.50	108335455355288.84
1584.50	108246649648706.89
1585.50	108157645493531.89
1586.50	108068442889763.86
1587.50	107979041837402.75
1588.50	107889442336448.62
1589.50	107818137008536.25
1590.50	107749921957426.00
1591.50	107681535832400.84
1592.50	107612978633460.81
1593.50	107544250360605.86
1594.50	107476204056483.17
1595.50	107408353567414.56
1596.50	107340333532975.89
1597.50	107272143953167.12
1598.50	107203784827988.27
1599.50	107112125103248.61
1600.50	107001329670231.02
1601.50	106898510131568.64
1602.50	106812910383081.78
1603.50	106727120495761.62
1604.50	106641140469608.23
1605.50	106554970304621.59
1606.50	106468610000801.73
1607.50	106382059558148.56
1608.50	106295318976662.22
1609.50	106208388256342.58
1610.50	106121267397189.72
1611.50	106033956399203.58
1612.50	105946455262384.22
1613.50	105858763986731.61
1614.50	105770882572245.73
1615.50	105682811018926.64
1616.50	105594549326774.28
1617.50	105500714644755.12
1618.50	105403653442495.73
1619.50	105306391701768.14
1620.50	105208929422572.41
1621.50	105111266604908.48
1622.50	105013403248776.44
1623.50	104915339354176.19
1624.50	104817074921107.80
1625.50	104718609949571.25
1626.50	104619944439566.48
1627.50	104521078391093.59
1628.50	104422011804152.56
1629.50	104322744678743.31
1630.50	104223277014865.92
1631.50	104123608812520.36
1632.50	104022090667126.86
1633.50	103901390190804.77
1634.50	103780463917138.84
1635.50	103659311846129.12
1636.50	103537933977775.59
1637.50	103416330312078.25
1638.50	103294500849037.08
1639.50	103172445588652.11
1640.50	103050164530923.31
1641.50	102927657675850.72
1642.50	102804925023434.30
1643.50	102681966573674.08
1644.50	102558782326570.03
1645.50	102435372282122.19
1646.50	102311736440330.52
1647.50	102187874801195.05
1648.50	102066582454383.83
1649.50	101947011229999.58
1650.50	101827219955848.25
1651.50	101707208631929.84
1652.50	101586977258244.33
1653.50	101466525834791.75
1654.50	101345854361572.06
1655.50	101224962838585.30
1656.50	101103851265831.45
1657.50	100982519643310.50
1658.50	100860967971022.47
1659.50	100739196248967.34
1660.50	100617204477145.14
1661.50	100494992655555.84
1662.50	100372560784199.47
1663.50	100251337775517.09
1664.50	100135991776346.27
1665.50	100020434769298.11
1666.50	99904666754372.58
1667.50	99788687731569.72
1668.50	99672497700889.52
1669.50	99556096662331.97
1670.50	99439484615897.06
1671.50	99322661561584.81
1672.50	99205627499395.27
1673.50	99088382429328.34
1674.50	98970926351384.06
1675.50	98853259265562.48
1676.50	98735381171863.53
1677.50	98617292070287.23
1678.50	98498991960833.59
1679.50	98389441168057.92
1680.50	98280798152873.66
1681.50	98171956118833.09
1682.50	98062915065936.19
1683.50	97953674994182.97
1684.50	97844235903573.41
1685.50	97734597794107.52
1686.50	97624760665785.33
1687.50	97514724518606.78
1688.50	97404489352571.92
1689.50	97294055167680.73
1690.50	97183421963933.23
1691.50	97072589741329.39
1692.50	96961558499869.22
1693.50	96850328239552.73
1694.50	96707004876458.86
1695.50	96548427012129.42
1696.50	96389594769764.44
1697.50	96230508149363.88
1698.50	96071167150927.81
1699.50	95911571774456.22
1700.50	95751722019949.03
1701.50	95591617887406.36
1702.50	95431259376828.11
1703.50	95270646488214.31
1704.50	95109779221565.00
1705.50	94948657576880.16
1706.50	94787281554159.75
1707.50	94625651153403.80
1708.50	94463766374612.31
1709.50	94290631333862.94
1710.50	94108929057752.47
1711.50	93926949834405.64
1712.50	93744693663822.42
1713.50	93562160546002.80
1714.50	93379350480946.78
1715.50	93196263468654.39
1716.50	93012899509125.59
1717.50	92829258602360.42
1718.50	92645340748358.86
1719.50	92461145947120.91
1720.50	92276674198646.58
1721.50	92091925502935.84
1722.50	91906899859988.70
1723.50	91721597269805.20
1724.50	91567544695485.89
1725.50	91439061483356.33
1726.50	91310367803260.97
1727.50	91181463655199.84
1728.50	91052349039172.97
1729.50	90923023955180.31
1730.50	90793488403221.88
1731.50	90663742383297.69
1732.50	90533785895407.72
1733.50	90403618939551.98
1734.50	90273241515730.50
1735.50	90142653623943.22
1736.50	90011855264190.17
1737.50	89880846436471.36
1738.50	89749627140786.80
1739.50	89644104469219.66
1740.50	89552982233354.62
1741.50	89461696071439.80
1742.50	89370245983475.08
1743.50	89278631969460.53
1744.50	89186854029396.16
1745.50	89094912163281.92
1746.50	89002806371117.88
1747.50	88910536652903.97
1748.50	88818103008640.25
1749.50	88725505438326.67
1750.50	88632743941963.23
1751.50	88539818519549.98
1752.50	88446729171086.89
1753.50	88353475896573.94
1754.50	88237299060558.55
1755.50	88115590631424.50
1756.50	87993686246243.03
1757.50	87871585905014.14
1758.50	87749289607737.88
1759.50	87626797354414.14
1760.50	87504109145043.02
1761.50	87381224979624.48
1762.50	87258144858158.53
1763.50	87134868780645.16
1764.50	87011396747084.36
1765.50	86887728757476.16
1766.50	86763864811820.52
1767.50	86639804910117.47
1768.50	86514767937924.34
1769.50	86379150594950.42
1770.50	86243324676446.19
1771.50	86107290182411.67
1772.50	85971047112846.80
1773.50	85834595467751.61
1774.50	85697935247126.12
1775.50	85561066450970.33
1776.50	85423989079284.22
1777.50	85286703132067.80
1778.50	85149208609321.05
1779.50	85011505511043.98
1780.50	84873593837236.61
1781.50	84735473587898.94
1782.50	84597144763030.94
1783.50	84457110157974.12
1784.50	84314879519002.36
1785.50	84172436399962.81
1786.50	84029780800855.47
1787.50	83886912721680.30
1788.50	83743832162437.38
1789.50	83600539123126.66
1790.50	83457033603748.09
1791.50	83313315604301.78
1792.50	83169385124787.66
1793.50	83025242165205.73
1794.50	82880886725556.05
1795.50	82736318805838.53
1796.50	82591538406053.23
1797.50	82446545526200.12
1798.50	82326621853670.44
1799.50	82209963234968.00
1800.50	82093124084143.53
1801.50	81976104401197.00
1802.50	81858904186128.44
1803.50	81741523438937.84
1804.50	81623962159625.19
1805.50	81506220348190.48
1806.50	81388298004633.77
1807.50	81270195128954.98
1808.50	81151911721154.17
1809.50	81033447781231.30
1810.50	80914803309186.39
1811.50	80795978305019.44
1812.50	80691317141175.45
1813.50	80606311097809.33
1814.50	80521162208685.56
1815.50	80435870473804.14
1816.50	80350435893165.05
1817.50	80264858466768.33
1818.50	80179138194613.92
1819.50	80093275076701.86
1820.50	80007269113032.17
1821.50	79921120303604.80
1822.50	79834828648419.80
1823.50	79748394147477.11
1824.50	79661816800776.77
1825.50	79575096608318.80
1826.50	79487607487755.05
1827.50	79390160842251.38
1828.50	79292559925087.17
1829.50	79194804736262.44
1830.50	79096895275777.14
1831.50	78998831543631.36
1832.50	78900613539825.02
1833.50	78802241264358.16
1834.50	78703714717230.73
1835.50	78605033898442.80
1836.50	78506198807994.36
1837.50	78407209445885.36
1838.50	78308065812115.84
1839.50	78208767906685.78
1840.50	78109315729595.19
1841.50	77984818661569.36
1842.50	77853116045478.58
1843.50	77721224500056.50
1844.50	77589144025303.12
1845.50	77456874621218.45
1846.50	77324416287802.48
1847.50	77191769025055.25
1848.50	77058932832976.70
1849.50	76925907711566.86
1850.50	76792693660825.75
1851.50	76659290680753.31
1852.50	76525698771349.61
1853.50	76391917932614.59
1854.50	76257948164548.31
1855.50	76124773770491.39
1856.50	75992068063940.34
1857.50	75859175196320.53
1858.50	75726095167631.94
1859.50	75592827977874.62
1860.50	75459373627048.53
1861.50	75325732115153.69
1862.50	75191903442190.11
1863.50	75057887608157.75
1864.50	74923684613056.64
1865.50	74789294456886.78
1866.50	74654717139648.17
1867.50	74519952661340.80
1868.50	74385001021964.66
1869.50	74299133840410.08
1870.50	74262430183195.73
1871.50	74225644786937.55
1872.50	74188777651635.50
1873.50	74151828777289.62
1874.50	74114798163899.88
1875.50	74077685811466.31
1876.50	74040491719988.84
1877.50	74003215889467.55
1878.50	73965858319902.41
1879.50	73928419011293.44
1880.50	73890897963640.58
1881.50	73853295176943.89
1882.50	73815610651203.36
1883.50	73773158838747.09
1884.50	73725932276531.36
1885.50	73678614024546.69
1886.50	73631204082793.06
1887.50	73583702451270.52
1888.50	73536109129979.06
1889.50	73488424118918.64
1890.50	73440647418089.33
1891.50	73392779027491.05
1892.50	73344818947123.88
1893.50	73296767176987.75
1894.50	73248623717082.69
1895.50	73200388567408.72
1896.50	73152061727965.81
1897.50	73070158180537.34
1898.50	72963867098901.69
1899.50	72857423476071.52
1900.50	72750827312046.80
1901.50	72644078606827.58
1902.50	72537177360413.84
1903.50	72430123572805.58
1904.50	72322917244002.80
1905.50	72215558374005.48
1906.50	72108046962813.66
1907.50	72000383010427.33
1908.50	71892566516846.48
1909.50	71784597482071.09
1910.50	71676475906101.20
1911.50	71528122360000.45
1912.50	71366207538828.77
1913.50	71204084263055.72
1914.50	71041752532681.33
1915.50	70879212347705.59
1916.50	70716463708128.48
1917.50	70553506613950.05
1918.50	70390341065170.22
1919.50	70226967061789.05
1920.50	70063384603806.55
1921.50	69899593691222.66
1922.50	69735594324037.45
1923.50	69571386502250.89
1924.50	69408217771649.67
1925.50	69306003390446.85
1926.50	69203645379053.51
1927.50	69101143737469.65
1928.50	68998498465695.30
1929.50	68895709563730.45
1930.50	68792777031575.04
1931.50	68689700869229.16
1932.50	68586481076692.79
1933.50	68483117653965.88
1934.50	68379610601048.48
1935.50	68275959917940.56
1936.50	68172165604642.15
1937.50	68068227661153.22
1938.50	67995854407336.20
1939.50	67977387930890.65
1940.50	67958866241238.66
1941.50	67940289338380.20
1942.50	67921657222315.28
1943.50	67902969893043.94
1944.50	67884227350566.09
1945.50	67865429594881.81
1946.50	67846576625991.07
1947.50	67827668443893.87
1948.50	67808705048590.21
1949.50	67789686440080.11
1950.50	67770612618363.52
1951.50	67751483583440.48
1952.50	67696342593977.39
1953.50	67631546543380.09
1954.50	67566648657438.12
1955.50	67501648936151.48
1956.50	67436547379520.12
1957.50	67371343987544.09
1958.50	67306038760223.36
1959.50	67240631697557.94
1960.50	67175122799547.85
1961.50	67109512066193.05
1962.50	67043799497493.58
1963.50	66977985093449.40
1964.50	66912068854060.53
1965.50	66838250235828.70
1966.50	66746950511112.62
1967.50	66655523346326.80
1968.50	66563968741471.24
1969.50	66472286696545.95
1970.50	66380477211550.92
1971.50	66288540286486.15
1972.50	66196475921351.65
1973.50	66104284116147.41
1974.50	66011964870873.42
1975.50	65919518185529.68
1976.50	65826944060116.23
1977.50	65734242494633.02
1978.50	65641413489080.09
1979.50	65582994752760.73
1980.50	65527901014758.34
1981.50	65472718183265.34
1982.50	65417446258281.77
1983.50	65362085239807.59
1984.50	65306635127842.82
1985.50	65251095922387.47
1986.50	65195467623441.49
1987.50	65139750231004.93
1988.50	65083943745077.78
1989.50	65028048165660.05
1990.50	64972063492751.69
1991.50	64915989726352.77
1992.50	64856641096656.92
1993.50	64794892081142.63
1994.50	64733048458756.01
1995.50	64671110229497.05
1996.50	64609077393365.75
1997.50	64546949950362.09
1998.50	64484727900486.12
1999.50	64422411243737.80
2000.50	64359999980117.13
2001.50	64297494109624.14
2002.50	64234893632258.79
2003.50	64172198548021.10
2004.50	64109408856911.09
2005.50	64034654843057.22
2006.50	63937739635468.22
2007.50	63840696000539.27
2008.50	63743523938270.33
2009.50	63646223448661.41
2010.50	63548794531712.52
2011.50	63451237187423.68
2012.50	63353551415794.87
2013.50	63255737216826.07
2014.50	63157794590517.30
2015.50	63059723536868.56
2016.50	62961524055879.85
2017.50	62863196147551.16
2018.50	62771954917721.53
2019.50	62711366783559.20
2020.50	62650687848255.84
2021.50	62589918111811.41
2022.50	62529057574225.93
2023.50	62468106235499.41
2024.50	62407064095631.81
2025.50	62345931154623.17
2026.50	62284707412473.48
2027.50	62223392869182.73
2028.50	62161987524750.92
2029.50	62100491379178.06
2030.50	62038904432464.15
2031.50	61973091239479.76
2032.50	61876841648236.82
2033.50	61780467328171.05
2034.50	61683968279282.48
2035.50	61587344501571.11
2036.50	61490595995036.90
2037.50	61393722759679.90
2038.50	61296724795500.08
2039.50	61199602102497.45
2040.50	61102354680672.01
2041.50	61004982530023.75
2042.50	60907485650552.67
2043.50	60809864042258.80
2044.50	60712579763683.88
2045.50	60618561294932.93
2046.50	60524421864038.39
2047.50	60430161471000.27
2048.50	60335780115818.58
2049.50	60241277798493.33
2050.50	60146654519024.48
2051.50	60051910277412.05
2052.50	59957045073656.07
2053.50	59862058907756.49
2054.50	59766951779713.34
2055.50	59671723689526.62
2056.50	59576374637196.31
2057.50	59487561426922.14
2058.50	59425273883611.93
2059.50	59362897732006.00
2060.50	59300432972104.38
2061.50	59237879603907.06
2062.50	59175237627414.02
2063.50	59112507042625.30
2064.50	59049687849540.88
2065.50	58986780048160.71
2066.50	58923783638484.87
2067.50	58860698620513.31
2068.50	58797524994246.06
2069.50	58734262759683.11
2070.50	58670400597332.80
2071.50	58605578287206.98
2072.50	58540666033895.77
2073.50	58475663837399.12
2074.50	58410571697717.06
2075.50	58345389614849.60
2076.50	58280117588796.70
2077.50	58214755619558.41
2078.50	58149303707134.71
2079.50	58083761851525.58
2080.50	58018130052731.05
2081.50	57952408310751.10
2082.50	57886596625585.72
2083.50	57792153375728.63
2084.50	57679336104672.79
2085.50	57566383976062.96
2086.50	57453296989899.16
2087.50	57340075146181.36
2088.50	57226718444909.60
2089.50	57113226886083.87
2090.50	56999600469704.14
2091.50	56885839195770.44
2092.50	56771943064282.77
2093.50	56657912075241.08
2094.50	56543746228645.45
2095.50	56429445524495.84
2096.50	56369269214014.90
2097.50	56313730253996.13
2098.50	56258112699191.81
2099.50	56202416549601.88
2100.50	56146641805226.42
2101.50	56090788466065.37
2102.50	56034856532118.73
2103.50	55978846003386.54
2104.50	55922756879868.75
2105.50	55866589161565.41
2106.50	55810342848476.48
2107.50	55754017940601.98
2108.50	55698141060810.04
2109.50	55643358802255.23
2110.50	55588499560281.61
2111.50	55533563334889.24
2112.50	55478550126078.09
2113.50	55423459933848.16
2114.50	55368292758199.47
2115.50	55313048599131.98
2116.50	55257727456645.72
2117.50	55202329330740.68
2118.50	55146854221416.87
2119.50	55091302128674.28
2120.50	55035673052512.91
2121.50	54987526762682.91
2122.50	54941569793686.62
2123.50	54895545096876.38
2124.50	54849452672252.14
2125.50	54803292519813.93
2126.50	54757064639561.75
2127.50	54710769031495.57
2128.50	54664405695615.43
2129.50	54617974631921.33
2130.50	54571475840413.22
2131.50	54524909321091.16
2132.50	54478275073955.12
2133.50	54413303081474.36
2134.50	54305596212200.59
2135.50	54197764525768.16
2136.50	54089808022177.08
2137.50	53981726701427.34
2138.50	53873520563518.96
2139.50	53765189608451.90
2140.50	53656733836226.21
2141.50	53548153246841.86
2142.50	53439447840298.85
2143.50	53330617616597.18
2144.50	53221662575736.87
2145.50	53112582717717.88
2146.50	53019582829889.12
2147.50	52928076641622.15
2148.50	52836462228284.70
2149.50	52744739589876.76
2150.50	52652908726398.30
2151.50	52560969637849.40
2152.50	52468922324229.99
2153.50	52376766785540.10
2154.50	52284503021779.72
2155.50	52192131032948.84
2156.50	52099650819047.48
2157.50	52007062380075.64
2158.50	51948560929956.01
2159.50	51913756723710.88
2160.50	51878897994493.68
2161.50	51843984742304.37
2162.50	51809016967142.98
2163.50	51773994669009.52
2164.50	51738917847903.97
2165.50	51703786503826.31
2166.50	51668600636776.58
2167.50	51633360246754.77
2168.50	51598065333760.86
2169.50	51562715897794.88
2170.50	51534732038323.86
2171.50	51520487026683.95
2172.50	51506207027003.26
2173.50	51491892039281.77
2174.50	51477542063519.50
2175.50	51463157099716.45
2176.50	51448737147872.60
2177.50	51434282207987.96
2178.50	51419792280062.53
2179.50	51405267364096.32
2180.50	51390707460089.33
2181.50	51376112568041.53
2182.50	51354736823822.80
2183.50	51297887895938.41
2184.50	51240965343907.09
2185.50	51183969167728.87
2186.50	51126899367403.72
2187.50	51069755942931.66
2188.50	51012538894312.68
2189.50	50955248221546.77
2190.50	50897883924633.95
2191.50	50840446003574.22
2192.50	50782934458367.57
2193.50	50725349289013.99
2194.50	50667735009476.27
2195.50	50610744849564.45
2196.50	50553681741650.06
2197.50	50496545685733.12
2198.50	50439336681813.58
2199.50	50382054729891.47
2200.50	50324699829966.78
2201.50	50267271982039.52
2202.50	50209771186109.68
2203.50	50152197442177.27
2204.50	50094550750242.29
2205.50	50036831110304.71
2206.50	49978978847164.16
2207.50	49918128171896.62
2208.50	49857201844107.99
2209.50	49796199863798.33
2210.50	49735122230967.59
2211.50	49673968945615.77
2212.50	49612740007742.91
2213.50	49551435417348.98
2214.50	49490055174433.99
2215.50	49428599278997.95
2216.50	49367067731040.83
2217.50	49305460530562.64
2218.50	49244100808427.52
2219.50	49188807978899.44
2220.50	49133445322964.62
2221.50	49078012840623.00
2222.50	49022510531874.62
2223.50	48966938396719.48
2224.50	48911296435157.57
2225.50	48855584647188.90
2226.50	48799803032813.45
2227.50	48743951592031.25
2228.50	48688030324842.27
2229.50	48632039231246.52
2230.50	48573183614956.78
2231.50	48497080549648.86
2232.50	48420889758704.11
2233.50	48344611242122.52
2234.50	48268244999904.09
2235.50	48191791032048.83
2236.50	48115249338556.71
2237.50	48038619919427.78
2238.50	47961902774662.00
2239.50	47885097904259.38
2240.50	47808205308219.92
2241.50	47731224986543.63
2242.50	47655851142791.70
2243.50	47584345988869.08
2244.50	47512758145960.86
2245.50	47441087614067.02
2246.50	47369334393187.60
2247.50	47297498483322.59
2248.50	47225579884471.96
2249.50	47153578596635.76
2250.50	47081494619813.95
2251.50	47009327954006.53
2252.50	46937078599213.52
2253.50	46864746555434.92
2254.50	46794221074428.69
2255.50	46725290697744.75
2256.50	46656280794307.14
2257.50	46587191364115.88
2258.50	46518022407170.98
2259.50	46448773923472.42
2260.50	46379445913020.21
2261.50	46310038375814.33
2262.50	46240551311854.80
2263.50	46170984721141.64
2264.50	46101338603674.81
2265.50	46031612959454.33
2266.50	45996327731439.61
2267.50	45968574329420.62
2268.50	45940778548224.78
2269.50	45912940387852.09
2270.50	45885059848302.56
2271.50	45857136929576.19
2272.50	45829171631672.95
2273.50	45801163954592.87
2274.50	45773113898335.93
2275.50	45745021462902.16
2276.50	45716886648291.52
2277.50	45684546892260.34
2278.50	45631829080236.52
2279.50	45579047386809.48
2280.50	45526201811979.26
2281.50	45473292355745.84
2282.50	45420319018109.20
2283.50	45367281799069.38
2284.50	45314180698626.37
2285.50	45261015716780.12
2286.50	45207786853530.70
2287.50	45154494108878.08
2288.50	45101137482822.25
2289.50	45043083916624.30
2290.50	44981741432369.93
2291.50	44920328207012.03
2292.50	44858844240550.64
2293.50	44797289532985.75
2294.50	44735664084317.33
2295.50	44673967894545.41
2296.50	44612200963669.97
2297.50	44550363291691.03
2298.50	44488454878608.59
2299.50	44426475724422.62
2300.50	44365868584466.68
2301.50	44324368324966.95
2302.50	44282815242894.84
2303.50	44241209338250.41
2304.50	44199550611033.65
2305.50	44157839061244.55
2306.50	44116074688883.09
2307.50	44074257493949.31
2308.50	44032387476443.18
2309.50	43990464636364.72
2310.50	43948488973713.91
2311.50	43906460488490.77
2312.50	43850449834176.70
2313.50	43785464811422.79
2314.50	43720407216912.30
2315.50	43655277050645.21
2316.50	43590074312621.53
2317.50	43524799002841.26
2318.50	43459451121304.39
2319.50	43394030668010.92
2320.50	43328537642960.87
2321.50	43262972046154.23
2322.50	43197333877590.98
2323.50	43130710700288.06
2324.50	43060777769682.92
2325.50	42990768697326.92
2326.50	42920683483220.09
2327.50	42850522127362.39
2328.50	42780284629753.84
2329.50	42709970990394.43
2330.50	42639581209284.16
2331.50	42569115286423.05
2332.50	42498573221811.08
2333.50	42427955015448.27
2334.50	42357260667334.59
2335.50	42311072847021.41
2336.50	42268504781530.19
2337.50	42225884771198.44
2338.50	42183212816026.16
2339.50	42140488916013.32
2340.50	42097713071159.94
2341.50	42054885281466.01
2342.50	42012005546931.54
2343.50	41969073867556.52
2344.50	41926090243340.95
2345.50	41883054674284.84
2346.50	41837714477203.52
2347.50	41790817986442.77
2348.50	41743866350780.14
2349.50	41696859570215.63
2350.50	41649797644749.23
2351.50	41602680574380.91
2352.50	41555508359110.72
2353.50	41508280998938.63
2354.50	41460998493864.65
2355.50	41413660843888.79
2356.50	41366268049011.04
2357.50	41314545416020.91
2358.50	41256075116974.72
2359.50	41197540374403.66
2360.50	41138941188307.76
2361.50	41080277558686.98
2362.50	41021549485541.35
2363.50	40962756968870.88
2364.50	40903900008675.53
2365.50	40844978604955.34
2366.50	40785992757710.27
2367.50	40726942466940.37
2368.50	40666949125780.94
2369.50	40603774223280.75
2370.50	40540531504937.70
2371.50	40477220970751.83
2372.50	40413842620723.12
2373.50	40350396454851.58
2374.50	40286882473137.20
2375.50	40223300675579.98
2376.50	40159651062179.92
2377.50	40095933632937.03
2378.50	40032148387851.30
2379.50	39974370033304.33
2380.50	39957199858048.14
2381.50	39940001142856.32
2382.50	39922773887728.91
2383.50	39905518092665.90
2384.50	39888233757667.27
2385.50	39870920882733.05
2386.50	39853579467863.21
2387.50	39836209513057.77
2388.50	39818811018316.71
2389.50	39801383983640.06
2390.50	39788017156240.91
2391.50	39821665472460.27
2392.50	39855328009120.66
2393.50	39889004766222.07
2394.50	39922695743764.50
2395.50	39956400941747.95
2396.50	39990120360172.43
2397.50	40023853999037.91
2398.50	40057601858344.42
2399.50	40091363938091.96
