# λ (nm)	photon flux (γ/s/cm^2/nm)
0.5	153252.24449699823
1.5	12919403.18583374
2.5	17750814.403973766
3.5	20717771.471729156
4.5	31220654.979638606
5.5	51481373.67679575
6.5	77096549.85270588
7.5	70363749.22439998
8.5	72706658.41365905
9.5	65295452.57695999
10.5	52415436.370795816
11.5	37723905.40562752
12.5	22444199.953411117
13.5	24982109.66483121
14.5	57418090.166192204
15.5	59296911.250157535
16.5	89482423.99924666
17.5	551438327.5793062
18.5	507139509.2256765
19.5	423835585.1487169
20.5	322137122.51404154
21.5	249890304.73234415
22.5	308037063.0827335
23.5	182478630.11047935
24.5	238583694.71403298
25.5	424060140.4021261
26.5	137546169.01005408
27.5	191609384.02943984
28.5	286697738.94188434
29.5	102680736.14426246
30.5	2764819358.8675375
31.5	194944821.18715376
32.5	71496731.93067083
33.5	257450847.12876067
34.5	259051813.87362897
35.5	198811451.63624036
36.5	434462821.41149503
37.5	19516852.295936015
38.5	27644243.02170231
39.5	18009536.448837977
40.5	65212367.98146535
41.5	62933863.043642946
42.5	47105605.646677464
43.5	98667052.40292017
44.5	61143527.22587438
45.5	62286737.306764856
46.5	165499039.10593668
47.5	79781973.50099024
48.5	125573454.1208616
49.5	195054529.69974408
50.5	203318455.13952035
51.5	82371288.86006895
52.5	98685946.84305447
53.5	83708675.93531154
54.5	55855199.68627415
55.5	293503326.36335176
56.5	75052502.22158779
57.5	66932996.719640344
58.5	557130143.2934946
59.5	92329699.396494
60.5	233990568.2263174
61.5	193387114.08397156
62.5	446040483.71015996
63.5	385271302.2034857
64.5	53928947.553538874
65.5	49957505.54256753
66.5	56031184.973612614
67.5	46168221.83663066
68.5	96876841.4257566
69.5	73974521.39792338
70.5	162193397.585474
71.5	65231102.312494025
72.5	66704906.548377454
73.5	44615976.99381154
74.5	64115869.38195999
75.5	87196009.40080605
76.5	226045398.5088651
77.5	202699959.67949003
78.5	290438328.3343908
79.5	210346321.6376117
80.5	168647039.16208422
81.5	181704580.30247542
82.5	222710015.01215002
83.5	510904452.54708344
84.5	317729742.51538205
85.5	387912706.2542912
86.5	445348361.793567
87.5	538676950.6699873
88.5	644248030.9047246
89.5	750763924.9431689
90.5	905291177.990427
91.5	795012710.4084684
92.5	284582745.1103736
93.5	300552549.5867999
94.5	221720348.65722457
95.5	183700879.55094594
96.5	135039529.32195932
97.5	2264696143.003556
98.5	281042307.2532873
99.5	418786866.64974266
100.5	204904204.9757937
101.5	254867211.41566685
102.5	2044461738.6100118
103.5	1857828593.5388372
104.5	336516035.7471348
105.5	299912518.586817
106.5	323994922.24284613
107.5	369359626.6439839
108.5	566799424.3899816
109.5	419090231.7915743
110.5	484839117.3108575
111.5	458034667.84709615
112.5	481657376.4237551
113.5	326752399.5446948
114.5	399820360.44271034
115.5	424928114.4768301
116.5	523771269.3379557
117.5	1831366083.9694252
118.5	722479005.793465
119.5	1219787502.4240472
120.5	3705971537.06224
121.5	158548399877.47968
122.5	1543097453.0757158
123.5	993186778.9307808
124.5	742906461.3757113
125.5	663192937.922326
126.5	931047982.7563509
127.5	481127658.1810919
128.5	386636193.7739239
129.5	457684587.13618886
130.5	3898566256.986049
131.5	632475549.6405203
132.5	510022871.34313715
133.5	4895961623.304356
134.5	480624839.9686042
135.5	1092827459.4261382
136.5	693850857.0473276
137.5	752395459.9524136
138.5	747289518.6229186
139.5	2092820162.0292106
140.5	1800015669.0419052
141.5	1065611165.1981822
142.5	1159100454.2187984
143.5	1330991810.375855
144.5	1320012676.202496
145.5	1403632101.1126695
146.5	1748424878.5312898
147.5	2162386109.2799244
148.5	2237085446.069303
149.5	2031321569.1720543
150.5	2285710096.7521253
151.5	2486789371.1644588
152.5	3130517045.7430234
153.5	3473965030.340053
154.5	5912060894.277686
155.5	5313570066.444443
156.5	5347621828.203568
157.5	4737821613.366995
158.5	4744972028.146436
159.5	4697990832.532269
160.5	5318165129.509666
161.5	6302210083.728688
162.5	7330365673.6624565
163.5	7860203497.356357
164.5	9207397636.33101
165.5	14677939675.667122
166.5	10031008256.429802
167.5	12068216370.62458
168.5	13181955920.709295
169.5	17554985715.116093
170.5	20383922659.07853
171.5	20712095441.197422
172.5	22858054121.194473
173.5	23206291458.144554
174.5	28727056055.241665
175.5	35473542843.55484
176.5	38610613573.93951
177.5	47253888294.65385
178.5	52962981528.46596
179.5	53090197250.69422
180.5	66526094280.942665
181.5	78898854534.77693
182.5	76574187192.48305
183.5	82615508947.46573
184.5	71799229859.9759
185.5	82434764188.88159
186.5	96416942825.96638
187.5	108721443700.8296
188.5	117306993012.00449
189.5	130667926758.70033
190.5	138117130810.75085
191.5	147976496015.16162
192.5	159720855092.74658
193.5	123971243062.97568
194.5	203826111610.84164
195.5	199801119899.04724
196.5	226325792825.60617
197.5	231532240717.64557
198.5	234081177913.5834
199.5	255215760521.17188
200.5	279759878944.64276
201.5	313590389020.5933
202.5	311280011689.84814
203.5	362121791174.013
204.5	402172311435.57074
205.5	415263366724.67334
206.5	432149591079.73126
207.5	501243027760.96643
208.5	577514674440.6874
209.5	834622084176.3534
210.5	1091782316425.4009
211.5	1322988208853.6743
212.5	1269139346272.5974
213.5	1150165766314.456
214.5	1638837807829.064
215.5	1350763454444.7764
216.5	1306045921112.345
217.5	1264112849365.3823
218.5	1803183527611.73
219.5	1900650077090.7625
220.5	1884106049772.359
221.5	1343520834702.439
222.5	1990286163947.7554
223.5	2540351095306.7734
224.5	2355473585941.957
225.5	2082327016542.4985
226.5	1473472378241.886
227.5	1496242041745.397
228.5	2155381801059.6821
229.5	1834815202648.8796
230.5	2248785259045.493
231.5	1949022719780.8496
232.5	2111067951651.748
233.5	1784943093148.8584
234.5	1449518358262.2937
235.5	2344442025190.764
236.5	1810629003165.006
237.5	2209998178810.1494
238.5	1522692364680.7878
239.5	1889792293085.5354
240.5	1742484574159.13
241.5	2043523490032.4277
242.5	3075956792082.9043
243.5	2812970331106.923
244.5	2684484478447.729
245.5	2128344648187.248
246.5	2134439451683.7686
247.5	2475875458538.729
248.5	1924623804150.6548
249.5	2460466085553.7925
250.5	2599846011477.891
251.5	2024071483734.2693
252.5	1792019196171.6396
253.5	2305875601557.433
254.5	2582067920104.606
255.5	3682683034906.085
256.5	4436609795973.679
257.5	5535738517086.535
258.5	5890145907031.88
259.5	4964731605106.221
260.5	4038626961013.733
261.5	3953789328497.2227
262.5	5029723736624.712
263.5	7377312476339.834
264.5	11558552894598.557
265.5	12073516443592.508
266.5	11763986128166.473
267.5	11825414015270.355
268.5	11838730831740.127
269.5	10573442366379.729
270.5	13357450193402.17
271.5	11169555551419.262
272.5	8903125861411.826
273.5	10185678629709.664
274.5	6001567370681.912
275.5	8649094801114.895
276.5	12066689898654.633
277.5	12021246319191.725
278.5	7940667222632.738
279.5	3791663168125.265
280.5	4402706008103.6455
281.5	10354616345642.617
282.5	14483808861724.139
283.5	16099709561554.389
284.5	12350354342750.943
285.5	6305917897815.693
286.5	16832327741925.057
287.5	18423052938867.31
288.5	15244015812915.459
289.5	22767248640963.375
290.5	30506660094344.812
291.5	28405770141604.688
292.5	24835061920628.133
293.5	28186966717280.74
294.5	25475155363521.395
295.5	28608493264303.125
296.5	25475137025453.94
297.5	27349088926674.742
298.5	20312636891936.26
299.5	28309135864954.793
300.5	18749001324275.977
301.5	25564170173142.688
302.5	25184530127873.812
303.5	33052892615599.156
304.5	31149620608918.133
305.5	32669649248798.6
306.5	29759426646356.418
307.5	34474062400913.31
308.5	34691951150700.65
309.5	26332290390035.254
310.5	34865373964716.098
311.5	39899479498496.02
312.5	37220255607686.234
313.5	38607824260105.016
314.5	37955867682090.65
315.5	35275805795009.266
316.5	36987264166743.41
317.5	41855470508849.766
318.5	38733595904731.92
319.5	41104449897276.17
320.5	43867477759651.88
321.5	41335104496324.51
322.5	39324072044585.97
323.5	39599625308898.016
324.5	44581194927342.41
325.5	51544961195248.84
326.5	56838751139439.26
327.5	56169316892160.38
328.5	56307075730850.24
329.5	60917393699708.51
330.5	60856461705241.195
331.5	58122547449657.32
332.5	57065565640041.13
333.5	56383452466857.805
334.5	57788651829641.18
335.5	56327220151729.78
336.5	51879583686695.414
337.5	52619342080548.484
338.5	56574767627021.875
339.5	60201464560327.26
340.5	61276966099799.44
341.5	60527613806579.87
342.5	61339889003536.07
343.5	58507491422274.96
344.5	55091671629059.26
345.5	57333796285196.31
346.5	59170998364267.32
347.5	58536482039968.45
348.5	58300478433053.93
349.5	60470109546749.73
350.5	64194596894417.86
351.5	63856875120627.91
352.5	63063369759660.01
353.5	67185101566403.36
354.5	70662198054636.33
355.5	68242965533791.63
356.5	61660056070067.54
357.5	54793752862929.03
358.5	54770819393836.75
359.5	61220182530045.35
360.5	63931019254408.914
361.5	63775345547277.305
362.5	65266157984200.234
363.5	67652737959436.625
364.5	71581294820401.8
365.5	76845045774524.7
366.5	80560871195365.66
367.5	80696020979137.4
368.5	80038771920354.12
369.5	81221646707852.62
370.5	80873045432206.19
371.5	78477602264619.66
372.5	72779361427994.94
373.5	67938620026014.03
374.5	67064278568322.86
375.5	71011477817718.28
376.5	78561484009826.97
377.5	84664710852401.47
378.5	86155196479034.64
379.5	83912629181185.67
380.5	79668213259420.86
381.5	71839108851105.62
382.5	63484458850902.27
383.5	60060073518749.61
384.5	63524855405164.6
385.5	68286393938907.34
386.5	70635515709258.31
387.5	71968308608694.44
388.5	75319506719287.0
389.5	81443379819862.2
390.5	85262689110072.98
391.5	81612848093514.75
392.5	73388543683641.7
393.5	68633110241374.87
394.5	69863702639380.664
395.5	73430979801303.1
396.5	77429403137620.17
397.5	85512082471735.97
398.5	98927527769905.8
399.5	112753633654308.88
400.5	122403783563471.78
401.5	126454995572185.81
402.5	127451140849996.66
403.5	126640556992106.53
404.5	125000785007820.88
405.5	123469860498786.2
406.5	123696961924253.47
407.5	124499062835448.5
408.5	125952926772463.58
409.5	127544995276305.84
410.5	128801614510725.25
411.5	131313162940768.14
412.5	132942017317639.89
413.5	134431100303817.86
414.5	135007280501653.03
415.5	134564832233680.88
416.5	134236168813627.61
417.5	133098313051257.78
418.5	133044239280885.56
419.5	133136837903666.52
420.5	133387230558472.1
421.5	133893994285416.1
422.5	133223442568860.06
423.5	132705749639090.0
424.5	131976581442527.7
425.5	130948655107916.95
426.5	129379523194751.52
427.5	125465479450484.48
428.5	121518158703941.1
429.5	118717899930483.19
430.5	118296627133199.64
431.5	121483169401723.5
432.5	126812919922970.9
433.5	132279619962476.42
434.5	136983360243830.81
435.5	139744417008718.67
436.5	141172852063321.47
437.5	141431280679496.34
438.5	142055662824662.44
439.5	143756807410315.16
440.5	146353617609993.3
441.5	149809190844633.47
442.5	152902227643872.12
443.5	154985108182706.88
444.5	156596173224351.6
445.5	157777431552135.9
446.5	159533092018238.38
447.5	162355043850145.44
448.5	165055633898138.88
449.5	167079357503646.47
450.5	168576031770123.44
451.5	168746581750437.4
452.5	168141308536722.44
453.5	167938077718270.4
454.5	168297034896097.1
455.5	168863855748692.28
456.5	169874123441653.7
457.5	171028671944350.9
458.5	171935828517120.88
459.5	172777199069976.62
460.5	173550988077370.4
461.5	174132797966012.75
462.5	174324163856293.6
463.5	174051986374195.16
464.5	173479079034952.78
465.5	172804508405831.62
466.5	172048999951935.22
467.5	171736798714500.56
468.5	171971999761147.75
469.5	172508629958372.3
470.5	173373481675447.84
471.5	174557556324678.0
472.5	175796808675483.62
473.5	176973819378576.44
474.5	178186840047455.3
475.5	179337477831557.88
476.5	180318893486136.97
477.5	181306054359113.16
478.5	182194838500728.84
479.5	182643113229442.97
480.5	182500583737659.34
481.5	181117147892760.47
482.5	178964677343024.12
483.5	176386727943952.53
484.5	173777186087829.34
485.5	171604023181775.84
486.5	170338965294313.3
487.5	170330150380343.47
488.5	171312677195966.6
489.5	172784455830460.88
490.5	174464754305473.06
491.5	176067598260286.44
492.5	177468363816727.16
493.5	178365279551063.6
494.5	178952380882854.7
495.5	179061685042340.94
496.5	178794797138912.9
497.5	178399372833935.25
498.5	177809750348922.12
499.5	177220641817996.56
500.5	176838903905472.84
501.5	176742682492457.66
502.5	177043124210992.53
503.5	177673491056433.66
504.5	178497537375856.12
505.5	179350432277590.78
506.5	180059343773906.5
507.5	180432856732554.5
508.5	180502073603117.6
509.5	180327234924578.5
510.5	179813867398663.97
511.5	178566442123039.7
512.5	176843247335103.84
513.5	175170060370827.84
514.5	173653714693365.28
515.5	172311195166154.1
516.5	171236626383849.6
517.5	170683842137564.12
518.5	171386099090320.6
519.5	172564862257679.62
520.5	173818661447079.22
521.5	175074453705877.78
522.5	176429677998982.25
523.5	177887535670289.56
524.5	179199214413344.1
525.5	180144780597007.22
526.5	180813434083315.6
527.5	181501119336885.88
528.5	182600818932965.03
529.5	183600959401767.03
530.5	184416980591327.8
531.5	185003484071673.28
532.5	185407556897622.5
533.5	185723153774148.06
534.5	185894489992997.5
535.5	185883312284313.9
536.5	185617179104390.06
537.5	185354454732867.03
538.5	185152429787713.5
539.5	185061188746570.03
540.5	185126533344450.88
541.5	185295569234318.1
542.5	185552902359893.7
543.5	185889659346967.94
544.5	186303563221899.84
545.5	186710074131564.88
546.5	187076407319814.06
547.5	187513393742752.5
548.5	187870831171756.78
549.5	188141445399005.28
550.5	188241326568965.06
551.5	188214133486009.3
552.5	188115265067576.97
553.5	188018597616016.53
554.5	187889203433482.6
555.5	187732512458261.7
556.5	187527938848786.8
557.5	187331238589907.38
558.5	187181298443453.3
559.5	187208558646423.2
560.5	187347632105359.75
561.5	187535695951808.4
562.5	187701438313731.06
563.5	187942458326982.16
564.5	188238842843715.72
565.5	188655782904323.94
566.5	189081075264181.28
567.5	189515792967366.75
568.5	189897309631553.94
569.5	190265067885481.47
570.5	190615053701442.75
571.5	191003378202972.5
572.5	191408436467088.66
573.5	191804617355432.75
574.5	192154683879204.25
575.5	192445736648642.2
576.5	192651782386099.53
577.5	192832713388333.84
578.5	192999212245515.66
579.5	193046843836885.25
580.5	192954388386618.62
581.5	192759756095975.34
582.5	192533699819429.84
583.5	192292401503088.9
584.5	192038568256160.03
585.5	191764702051852.1
586.5	191517479108398.56
587.5	191284468114852.8
588.5	191139023131765.5
589.5	191031640211419.38
590.5	191097615118676.94
591.5	191180659238868.9
592.5	191291002566829.47
593.5	191421067071717.5
594.5	191564131349898.97
595.5	191703709827700.34
596.5	191841997703776.97
597.5	191934407867346.53
598.5	192006122716180.47
599.5	191979545135833.6
600.5	191921285366618.78
601.5	191799690345070.44
602.5	191666022127648.44
603.5	191518871672476.44
604.5	191304824490207.22
605.5	191045377219575.44
606.5	190697377885523.0
607.5	190313437836620.3
608.5	189947072144567.5
609.5	189583141980063.56
610.5	189260136446251.88
611.5	188939855286995.34
612.5	188623844509788.1
613.5	188306546231848.97
614.5	188035701591534.7
615.5	187770603217083.94
616.5	187686988830136.25
617.5	187609806002493.03
618.5	187652098123453.28
619.5	187690912634046.34
620.5	187687572969688.8
621.5	187681768614046.88
622.5	187639457869659.62
623.5	187596495121299.78
624.5	187597461345464.62
625.5	187597467088375.25
626.5	187628049712927.7
627.5	187659088688404.4
628.5	187587194725286.03
629.5	187501483952441.03
630.5	187390483482972.28
631.5	187272159258283.66
632.5	187183753511630.06
633.5	187108185586579.53
634.5	187035938168285.22
635.5	186965927123169.7
636.5	186864582804999.34
637.5	186721919750006.6
638.5	186575101329765.44
639.5	186419359209837.9
640.5	186264150072708.12
641.5	186127130672510.6
642.5	185988777429946.88
643.5	185635511389904.16
644.5	185253809282893.4
645.5	184840134938866.16
646.5	184410199413284.0
647.5	183998334415422.28
648.5	183610175141254.47
649.5	183230776457208.06
650.5	182895596125185.4
651.5	182558517896645.12
652.5	182251367945043.97
653.5	181945570115918.25
654.5	181744578143235.62
655.5	181607554401104.6
656.5	181559327856044.4
657.5	181720576335078.88
658.5	181881474067348.12
659.5	182138246432295.53
660.5	182397940418844.66
661.5	182641324772900.44
662.5	182874198781921.66
663.5	183098977320137.25
664.5	183296895820903.34
665.5	183494579435975.62
666.5	183670960228446.1
667.5	183843023954327.9
668.5	183956458753116.72
669.5	183988752998316.88
670.5	184020321676067.94
671.5	183903630552314.7
672.5	183782759057600.97
673.5	183650559010145.8
674.5	183507383988778.12
675.5	183362788729935.0
676.5	183210899421014.2
677.5	183057758562019.22
678.5	182895032866527.4
679.5	182723327455558.5
680.5	182550323256340.5
681.5	182373046291773.38
682.5	182194461811218.06
683.5	182013065941078.84
684.5	181828441333180.28
685.5	181642499208139.1
686.5	181438883334553.25
687.5	181231454698035.03
688.5	181020207482498.38
689.5	180800957221113.84
690.5	180580308352179.66
691.5	180364344250734.7
692.5	180150279536984.62
693.5	179934922136258.47
694.5	179726011005914.72
695.5	179515751077060.72
696.5	179307148295399.88
697.5	179103048795578.5
698.5	178897625884229.84
699.5	178698785147367.38
700.5	178502906542085.72
701.5	178305739299944.34
702.5	178112509641359.47
703.5	177918340288230.5
704.5	177720753823579.56
705.5	177513299075164.84
706.5	177304541081291.72
707.5	177092258092220.28
708.5	176875716304305.8
709.5	176657856664968.62
710.5	176440977655426.75
711.5	176224026650167.1
712.5	176005767747390.3
713.5	175777441378183.78
714.5	175545985914539.53
715.5	175313192970484.0
716.5	175097795074120.44
717.5	174881301467869.75
718.5	174667695102182.2
719.5	174480774208344.6
720.5	174292657980596.88
721.5	174107149865867.78
722.5	173932517902346.6
723.5	173756734534771.34
724.5	173577049640259.1
725.5	173390353672517.1
726.5	173202482576403.44
727.5	173022684016007.78
728.5	172856844784336.0
729.5	172689897327270.25
730.5	172532535588797.56
731.5	172389504815761.38
732.5	172245437228119.03
733.5	172094303555728.72
734.5	171933779142806.34
735.5	171772178773068.88
736.5	171613476726841.75
737.5	171459679030888.16
738.5	171304832358976.97
739.5	171162882999721.25
740.5	171045857656949.34
741.5	170927891104383.28
742.5	170818442510816.66
743.5	170732434522622.03
744.5	170645576321928.1
745.5	170556172445529.9
746.5	170457624854585.1
747.5	170358200295103.44
748.5	170257258745705.3
749.5	170140057482786.3
750.5	170021936497731.34
751.5	169902895790540.34
752.5	169785998274498.6
753.5	169668568242343.2
754.5	169550227634830.78
755.5	169418296047216.44
756.5	169279978663627.8
757.5	169140702750045.62
758.5	168991864223933.56
759.5	168833077404597.88
760.5	168673285755065.3
761.5	168511835562262.78
762.5	168347306012516.66
763.5	168181764478786.6
764.5	168015210961072.56
765.5	167866840339967.06
766.5	167718102316409.2
767.5	167568404009812.34
768.5	167437557908691.88
769.5	167315574173821.7
770.5	167192707113305.84
771.5	167066866911946.88
772.5	166936251851467.22
773.5	166804737986662.5
774.5	166672325317532.75
775.5	166532792496897.8
776.5	166392281904275.12
777.5	166250856300521.3
778.5	166109793884583.47
779.5	165968672968476.62
780.5	165826642514152.2
781.5	165681670012709.94
782.5	165527106777595.97
783.5	165371606627641.78
784.5	165215169562847.34
785.5	165037418814211.62
786.5	164851510748665.78
787.5	164664595657078.47
788.5	164473547189462.1
789.5	164273020321892.12
790.5	164071457058403.6
791.5	163868857398996.44
792.5	163685943157755.44
793.5	163508242258435.66
794.5	163329572878520.6
795.5	163152528197452.44
796.5	162983213982474.88
797.5	162812959633082.44
798.5	162641765149275.03
799.5	162455620148954.62
800.5	162261590699211.03
801.5	162066568804813.44
802.5	161872062446497.97
803.5	161693930789894.34
804.5	161514853666229.72
805.5	161334831075504.12
806.5	161164100194318.38
807.5	161004976851559.84
808.5	160844964456573.22
809.5	160684063009358.4
810.5	160515112248379.53
811.5	160343462492443.12
812.5	160170901598339.25
813.5	159995730601923.44
814.5	159805881228414.7
815.5	159615082744695.28
816.5	159423335150765.12
817.5	159240210086339.94
818.5	159070534350774.84
819.5	158899968047137.97
820.5	158728511175429.25
821.5	158574415792229.5
822.5	158429314270869.06
823.5	158283390544399.78
824.5	158136644612821.7
825.5	157971723678858.4
826.5	157803569340847.53
827.5	157634545022833.16
828.5	157460293475010.44
829.5	157227202380530.03
830.5	156993091043099.1
831.5	156757959462717.56
832.5	156516050443444.53
833.5	156254854330395.5
834.5	155992580344806.94
835.5	155729228486678.94
836.5	155473516614581.1
837.5	155231609380220.6
838.5	154988680607522.4
839.5	154744730296486.5
840.5	154475415954630.0
841.5	154177539446699.34
842.5	153878518158224.72
843.5	153578352089206.06
844.5	153262159831345.22
845.5	152932095783641.84
846.5	152600821690353.53
847.5	152268337551480.38
848.5	151977324642886.66
849.5	151716145849185.2
850.5	151453930465188.56
851.5	151190678490896.75
852.5	150980581156237.38
853.5	150807276852428.97
854.5	150633151441122.44
855.5	150458204922317.84
856.5	150315551535387.75
857.5	150197164449211.28
858.5	150078091912645.44
859.5	149958333925690.16
860.5	149847268132632.56
861.5	149744559049052.25
862.5	149641207251951.34
863.5	149537212741329.9
864.5	149461071922126.0
865.5	149422172314343.75
866.5	149382783308735.97
867.5	149342904905302.6
868.5	149322446202172.1
869.5	149343899494358.78
870.5	149365006660871.1
871.5	149385767701709.0
872.5	149400883198689.25
873.5	149389737137788.0
874.5	149378173494368.44
875.5	149366192268430.62
876.5	149353793459974.56
877.5	149298886636178.22
878.5	149243466297253.12
879.5	149187532443199.4
880.5	149131085074016.97
881.5	149078773167363.47
882.5	149027195499580.94
883.5	148975117668415.3
884.5	148922539673866.47
885.5	148859108103020.3
886.5	148787008973324.78
887.5	148714367922510.72
888.5	148641184950578.1
889.5	148556127389480.34
890.5	148442725736407.7
891.5	148328694296751.16
892.5	148214033070510.84
893.5	148098742057686.72
894.5	147964441588006.44
895.5	147829470236895.5
896.5	147693828004353.8
897.5	147557514890381.4
898.5	147407676718274.66
899.5	147250800844184.5
900.5	147093211383402.97
901.5	146934908335930.03
902.5	146779212235080.2
903.5	146630208959859.3
904.5	146480515835116.66
905.5	146330132860852.22
906.5	146179060037066.03
907.5	146038675330083.38
908.5	145898483198752.47
909.5	145757628180703.97
910.5	145616110275937.84
911.5	145471586078476.44
912.5	145324139874613.34
913.5	145176020701940.16
914.5	145027228560456.78
915.5	144876972799537.12
916.5	144715526510331.75
917.5	144553382577255.66
918.5	144390541000308.94
919.5	144227001779491.53
920.5	144075836239415.2
921.5	143933094786788.2
922.5	143789703826710.88
923.5	143645663359183.22
924.5	143501520776457.4
925.5	143362270601096.88
926.5	143222384075962.88
927.5	143081861201055.53
928.5	142940701976374.7
929.5	142791833868383.75
930.5	142636751223579.16
931.5	142481005054123.9
932.5	142324595360018.1
933.5	142167522141261.66
934.5	142000552117933.56
935.5	141832898809056.12
936.5	141664562214629.38
937.5	141495542334653.34
938.5	141339478848608.56
939.5	141202409889485.47
940.5	141064728539881.62
941.5	140926434799797.03
942.5	140787528669231.75
943.5	140674173494173.45
944.5	140566809157848.38
945.5	140458901756283.69
946.5	140350451289479.28
947.5	140234508353467.66
948.5	140078586165514.78
949.5	139922023119478.38
950.5	139764819215358.44
951.5	139606974453155.0
952.5	139448488832868.08
953.5	139323582874304.98
954.5	139208925649836.19
955.5	139093722013009.64
956.5	138977971963825.34
957.5	138865413345480.89
958.5	138790149341448.66
959.5	138714425675118.38
960.5	138638242346489.98
961.5	138561599355563.53
962.5	138489439222985.3
963.5	138424568339299.48
964.5	138359264127091.97
965.5	138293526586362.73
966.5	138227355717111.72
967.5	138155189250841.3
968.5	138079835501383.72
969.5	138004031261867.86
970.5	137927776532293.8
971.5	137851071312661.52
972.5	137752382544529.92
973.5	137651324637162.83
974.5	137549768105036.62
975.5	137447712948151.3
976.5	137341048311030.52
977.5	137210557926429.73
978.5	137079512786597.45
979.5	136947912891533.58
980.5	136815758241238.08
981.5	136680636491014.94
982.5	136540470436698.22
983.5	136399735582496.95
984.5	136258431928411.27
985.5	136116559474441.12
986.5	135971740466553.9
987.5	135824150763434.4
988.5	135675982990072.77
989.5	135527237146468.95
990.5	135377913232623.02
991.5	135223519956453.81
992.5	135066423869568.7
993.5	134908736389514.05
994.5	134750457516289.72
995.5	134591587249895.81
996.5	134443851121861.81
997.5	134298481458649.4
998.5	134152549819054.98
999.5	134006056203078.53
1000.5	133859000610720.03
1001.5	133731258161872.28
1002.5	133604961061271.58
1003.5	133478145600446.72
1004.5	133350811779397.84
1005.5	133222959598124.86
1006.5	133115777690019.89
1007.5	133008333764528.62
1008.5	132900414007695.5
1009.5	132792018419520.56
1010.5	132682838420419.67
1011.5	132567313165042.16
1012.5	132451299863396.23
1013.5	132334798515481.81
1014.5	132217809121298.9
1015.5	132100390191534.42
1016.5	131983156866238.11
1017.5	131865436935113.62
1018.5	131747230398161.12
1019.5	131628537255380.44
1020.5	131510452032172.27
1021.5	131402960060706.84
1022.5	131295005317599.22
1023.5	131186587802849.27
1024.5	131077707516457.1
1025.5	130967823849157.89
1026.5	130852004865300.44
1027.5	130735711394989.14
1028.5	130618943438224.11
1029.5	130501700995005.3
1030.5	130383156934087.36
1031.5	130251165817048.17
1032.5	130118673458541.62
1033.5	129985679858567.72
1034.5	129852185017126.38
1035.5	129718107522551.78
1036.5	129575461090893.5
1037.5	129432297693641.14
1038.5	129288617330794.73
1039.5	129144420002354.27
1040.5	128999705708319.7
1041.5	128854645638877.17
1042.5	128709081830232.94
1043.5	128563001409476.16
1044.5	128416404376606.72
1045.5	128269290731624.7
1046.5	128112227997002.81
1047.5	127952832244339.39
1048.5	127792898419190.89
1049.5	127632426521557.31
1050.5	127471416551438.58
1051.5	127291976053310.03
1052.5	127105339399288.17
1053.5	126918118053260.38
1054.5	126730312015226.62
1055.5	126541921285187.08
1056.5	126348731852672.0
1057.5	126152137751433.58
1058.5	125954945662683.83
1059.5	125757155586422.58
1060.5	125558767522649.98
1061.5	125358823077906.77
1062.5	125157152709447.78
1063.5	124954880427968.16
1064.5	124752006233467.89
1065.5	124548530125946.89
1066.5	124346142183773.23
1067.5	124147297155817.53
1068.5	123947861143779.6
1069.5	123747834147659.47
1070.5	123547216167457.16
1071.5	123348399752294.3
1072.5	123168372782448.36
1073.5	122987795426647.22
1074.5	122806667684890.97
1075.5	122624989557179.58
1076.5	122442761043513.02
1077.5	122286101832633.2
1078.5	122131526381201.2
1079.5	121976453820760.06
1080.5	121820884151309.78
1081.5	121664817372850.36
1082.5	121531239690533.56
1083.5	121407544043673.98
1084.5	121283412836702.83
1085.5	121158846069620.03
1086.5	121033843742425.69
1087.5	120920069916667.19
1088.5	120819587166826.45
1089.5	120718715489803.81
1090.5	120617454885599.27
1091.5	120515805354212.89
1092.5	120417025032704.0
1093.5	120330129768924.7
1094.5	120242873980596.77
1095.5	120155257667720.12
1096.5	120067280830294.8
1097.5	119978943468320.83
1098.5	119900312978476.39
1099.5	119821870638769.9
1100.5	119743087068569.62
1101.5	119663962267875.61
1102.5	119584496236687.8
1103.5	119499972867823.44
1104.5	119412774757167.98
1105.5	119325222658490.97
1106.5	119237316571792.44
1107.5	119149056497072.36
1108.5	119056654877224.45
1109.5	118957437534124.22
1110.5	118857847733645.94
1111.5	118757885475789.7
1112.5	118657550760555.42
1113.5	118556504965788.11
1114.5	118450583227961.12
1115.5	118344280344010.1
1116.5	118237596313934.95
1117.5	118130531137735.81
1118.5	118023084815412.64
1119.5	117912394903063.1
1120.5	117800363730533.89
1121.5	117687944593494.1
1122.5	117575137491943.69
1123.5	117461942425882.7
1124.5	117345485411819.17
1125.5	117224495911486.03
1126.5	117103105979384.25
1127.5	116981315615513.84
1128.5	116859124819874.83
1129.5	116736513005665.84
1130.5	116613226970723.36
1131.5	116489539983255.94
1132.5	116365452043263.44
1133.5	116240963150745.97
1134.5	116116073305703.48
1135.5	115996295910012.95
1136.5	115878381208870.22
1137.5	115760079232621.7
1138.5	115641389981267.33
1139.5	115522313454807.2
1140.5	115403192479647.22
1141.5	115284350900624.48
1142.5	115165123814690.55
1143.5	115045511221845.38
1144.5	114925513122088.98
1145.5	114805129515421.39
1146.5	114674844249159.11
1147.5	114543862304924.98
1148.5	114412477740013.14
1149.5	114280690554423.47
1150.5	114148500748156.02
1151.5	114014539189657.06
1152.5	113879180331394.27
1153.5	113743414752459.53
1154.5	113607242452852.86
1155.5	113470663432574.19
1156.5	113334532688296.38
1157.5	113201895054690.25
1158.5	113068858914820.23
1159.5	112935424268686.5
1160.5	112801591116288.89
1161.5	112667359457627.53
1162.5	112531873270097.12
1163.5	112395731188559.22
1164.5	112259188688124.97
1165.5	112122245768794.36
1166.5	111984902430567.38
1167.5	111845669568867.2
1168.5	111703265888694.27
1169.5	111560454501257.44
1170.5	111417235406556.83
1171.5	111273608604592.47
1172.5	111129574095364.22
1173.5	110992420640947.55
1174.5	110855420985533.6
1175.5	110718026980126.48
1176.5	110580238624726.22
1177.5	110442055919332.9
1178.5	110312132842484.73
1179.5	110190844947162.75
1180.5	110069192674152.56
1181.5	109947176023454.23
1182.5	109824794995067.72
1183.5	109702939202593.7
1184.5	109597637476130.72
1185.5	109492001439190.42
1186.5	109386031091772.73
1187.5	109279726433877.77
1188.5	109173087465505.42
1189.5	109069818392827.53
1190.5	108968692784684.81
1191.5	108867243246353.9
1192.5	108765469777834.75
1193.5	108663372379127.39
1194.5	108563052698507.27
1195.5	108474331916948.44
1196.5	108385310664370.08
1197.5	108295988940772.2
1198.5	108206366746154.81
1199.5	108116444080517.88
1200.5	108041189880679.5
1201.5	107972710220946.72
1202.5	107903966763484.5
1203.5	107834959508292.84
1204.5	107765688455371.78
1205.5	107695962056876.6
1206.5	107625291855330.73
1207.5	107554356411556.06
1208.5	107483155725552.52
1209.5	107411689797320.14
1210.5	107339958626858.9
1211.5	107269102095035.34
1212.5	107198383032014.4
1213.5	107127401269694.16
1214.5	107056156808074.55
1215.5	106984649647155.61
1216.5	106911971266259.03
1217.5	106836570302465.55
1218.5	106760901107286.6
1219.5	106684963680722.17
1220.5	106608758022772.22
1221.5	106532284133436.81
1222.5	106450802882626.12
1223.5	106367707876137.38
1224.5	106284334698291.27
1225.5	106200683349087.78
1226.5	106116753828526.94
1227.5	106029952031072.02
1228.5	105936809991602.11
1229.5	105843375691946.38
1230.5	105749649132104.89
1231.5	105655630312077.56
1232.5	105561319231864.45
1233.5	105462346486626.44
1234.5	105362048643610.22
1235.5	105261449794032.9
1236.5	105160549937894.52
1237.5	105059349075195.03
1238.5	104957332635612.06
1239.5	104853868099792.3
1240.5	104750099876903.95
1241.5	104646027966947.02
1242.5	104541652369921.48
1243.5	104436973085827.36
1244.5	104321341449887.73
1245.5	104203049623663.81
1246.5	104084433240662.1
1247.5	103965492300882.62
1248.5	103846226804325.3
1249.5	103723257783820.16
1250.5	103592772746247.17
1251.5	103461946250299.89
1252.5	103330778295978.3
1253.5	103199268883282.42
1254.5	103067418012212.27
1255.5	102941263173924.6
1256.5	102816102853465.3
1257.5	102690612803495.23
1258.5	102564793024014.47
1259.5	102438643515022.95
1260.5	102315248920250.69
1261.5	102198400757102.45
1262.5	102081238652565.1
1263.5	101963762606638.6
1264.5	101845972619322.98
1265.5	101727868690618.25
1266.5	101614766571847.14
1267.5	101502606795242.22
1268.5	101390143440700.1
1269.5	101277376508220.83
1270.5	101164305997804.39
1271.5	101054782877605.48
1272.5	100953954896115.66
1273.5	100852843527896.72
1274.5	100751448772948.64
1275.5	100649770631271.45
1276.5	100547809102865.14
1277.5	100460605449518.92
1278.5	100376905216350.03
1279.5	100292951031406.56
1280.5	100208742894688.55
1281.5	100124280806196.0
1282.5	100045695152886.97
1283.5	99981885689104.73
1284.5	99917855239263.92
1285.5	99853603803364.53
1286.5	99789131381406.6
1287.5	99724437973390.12
1288.5	99657447516030.55
1289.5	99589646839403.55
1290.5	99521621045372.11
1291.5	99453370133936.2
1292.5	99384894105095.83
1293.5	99315671398420.66
1294.5	99244880575673.69
1295.5	99173861755404.98
1296.5	99102614937614.6
1297.5	99031140122302.55
1298.5	98959437309468.78
1299.5	98887177428982.64
1300.5	98814590675203.31
1301.5	98741775266166.5
1302.5	98668731201872.23
1303.5	98595458482320.55
1304.5	98521429568051.19
1305.5	98445668580277.39
1306.5	98369675826478.92
1307.5	98293451306655.78
1308.5	98216995020807.97
1309.5	98140306968935.44
1310.5	98061296890537.42
1311.5	97981391270144.14
1312.5	97901249686331.66
1313.5	97820872139099.95
1314.5	97740258628449.05
1315.5	97660527011342.42
1316.5	97583745141771.81
1317.5	97506733845383.88
1318.5	97429493122178.55
1319.5	97352022972155.84
1320.5	97274323395315.81
1321.5	97195735909215.08
1322.5	97116709900551.7
1323.5	97037453153797.03
1324.5	96957965668951.0
1325.5	96878247446013.62
1326.5	96798768910974.78
1327.5	96720400261210.39
1328.5	96641803601331.61
1329.5	96562978931338.53
1330.5	96483926251231.06
1331.5	96404645561009.27
1332.5	96325260821688.62
1333.5	96245687433272.84
1334.5	96165886279555.61
1335.5	96085857360536.94
1336.5	96005600676216.83
1337.5	95923286582393.6
1338.5	95835791472993.94
1339.5	95748058465268.5
1340.5	95660087559217.36
1341.5	95571878754840.42
1342.5	95483432052137.77
1343.5	95393076821735.1
1344.5	95302009652140.94
1345.5	95210701395784.06
1346.5	95119152052664.48
1347.5	95027361622782.16
1348.5	94935319085108.17
1349.5	94843008441797.34
1350.5	94750456655359.6
1351.5	94657663725794.97
1352.5	94564629653103.44
1353.5	94471354437285.03
1354.5	94378320590390.34
1355.5	94285159578225.42
1356.5	94191758302511.19
1357.5	94098116763247.58
1358.5	94004234960434.61
1359.5	93912566180083.48
1360.5	93825645323090.0
1361.5	93738495139215.05
1362.5	93651115628458.69
1363.5	93563506790820.97
1364.5	93475668626301.77
1365.5	93392417303133.3
1366.5	93309728308711.6
1367.5	93226818189818.75
1368.5	93143686946454.75
1369.5	93060334578619.66
1370.5	92977977826058.11
1371.5	92897388380119.19
1372.5	92816582482378.48
1373.5	92735560132836.1
1374.5	92654321331491.92
1375.5	92572866078346.0
1376.5	92490093225269.47
1377.5	92407006498893.39
1378.5	92323701581667.08
1379.5	92240178473590.5
1380.5	92156437174663.64
1381.5	92071665696418.83
1382.5	91985720957975.77
1383.5	91899555473210.39
1384.5	91813169242122.69
1385.5	91726562264712.69
1386.5	91639734540980.36
1387.5	91548280805293.44
1388.5	91456599973351.77
1389.5	91364692045155.3
1390.5	91272557020704.11
1391.5	91180194899998.16
1392.5	91084868253753.98
1393.5	90987069256298.11
1394.5	90889036014086.02
1395.5	90790768527117.67
1396.5	90692266795393.11
1397.5	90593517023684.23
1398.5	90494408741581.42
1399.5	90395066017295.14
1400.5	90295488850825.39
1401.5	90195677242172.17
1402.5	90095631191335.5
1403.5	89995628396484.02
1404.5	89895534713732.27
1405.5	89795207188376.4
1406.5	89694645820416.4
1407.5	89593850609852.28
1408.5	89492678312348.58
1409.5	89390763741988.17
1410.5	89288614404478.97
1411.5	89186230299820.89
1412.5	89083611428013.98
1413.5	88980757789058.25
1414.5	88883360096524.77
1415.5	88787249473864.98
1416.5	88690914269188.78
1417.5	88594354482496.12
1418.5	88497570113787.06
1419.5	88401279344532.03
1420.5	88305988716135.83
1421.5	88210476240532.66
1422.5	88114741917722.47
1423.5	88018785747705.3
1424.5	87922607730481.16
1425.5	87835188042275.31
1426.5	87748032078613.17
1427.5	87660667530202.25
1428.5	87573094397042.55
1429.5	87485312679134.05
1430.5	87401408767004.31
1431.5	87320785416112.39
1432.5	87239964060534.39
1433.5	87158944700270.36
1434.5	87077727335320.22
1435.5	86996844058664.2
1436.5	86919034366777.22
1437.5	86841031965452.0
1438.5	86762836854688.6
1439.5	86684449034486.97
1440.5	86605868504847.12
1441.5	86535407379389.44
1442.5	86467687575431.16
1443.5	86399790646614.58
1444.5	86331716592939.7
1445.5	86263465414406.53
1446.5	86195055833498.53
1447.5	86126503947982.8
1448.5	86057775011570.53
1449.5	85988869024261.64
1450.5	85919785986056.19
1451.5	85850525896954.11
1452.5	85774785051322.03
1453.5	85698595639761.55
1454.5	85622220135844.89
1455.5	85545658539572.03
1456.5	85468910850943.0
1457.5	85391701404120.55
1458.5	85314113790840.81
1459.5	85236339444065.64
1460.5	85158378363795.03
1461.5	85080230550028.95
1462.5	85000707614765.52
1463.5	84916780064276.77
1464.5	84832658393265.36
1465.5	84748342601731.3
1466.5	84663832689674.61
1467.5	84579128657095.25
1468.5	84477254829401.69
1469.5	84372398397687.84
1470.5	84267320962024.03
1471.5	84162022522410.25
1472.5	84056503078846.52
1473.5	83952212764458.45
1474.5	83849154531671.78
1475.5	83745879231502.86
1476.5	83642386863951.67
1477.5	83538677429018.22
1478.5	83436519355608.61
1479.5	83343437138274.39
1480.5	83250152804766.08
1481.5	83156666355083.75
1482.5	83062977789227.33
1483.5	82969087107196.9
1484.5	82885763563343.6
1485.5	82804617987353.81
1486.5	82723287989008.8
1487.5	82641773568308.52
1488.5	82560074725253.0
1489.5	82484391779211.95
1490.5	82414990462406.0
1491.5	82345421713795.97
1492.5	82275685533381.94
1493.5	82205781921163.81
1494.5	82138166822234.02
1495.5	82082386392169.0
1496.5	82026457863502.83
1497.5	81970381236235.42
1498.5	81914156510366.84
1499.5	81857783685897.06
1500.5	81822116613667.7
1501.5	81790011782608.02
1502.5	81757791553969.69
1503.5	81725455927752.69
1504.5	81693004903957.05
1505.5	81663883815642.47
1506.5	81637472688018.47
1507.5	81610954484625.05
1508.5	81584329205462.28
1509.5	81557596850530.16
1510.5	81527659992155.84
1511.5	81488313522005.78
1512.5	81448843571305.6
1513.5	81409250140055.22
1514.5	81369533228254.67
1515.5	81329692835903.98
1516.5	81287355338256.81
1517.5	81244792263413.12
1518.5	81202102447187.39
1519.5	81159285889579.6
1520.5	81116342590589.78
1521.5	81066854944942.88
1522.5	81014210087564.3
1523.5	80961426083079.28
1524.5	80908502931487.83
1525.5	80855440632789.95
1526.5	80793116841412.62
1527.5	80717506073584.77
1528.5	80641727007489.86
1529.5	80565779643127.92
1530.5	80489663980498.9
1531.5	80411039344997.58
1532.5	80317855536340.3
1533.5	80224481595783.14
1534.5	80130917523326.11
1535.5	80037163318969.25
1536.5	79943218982712.48
1537.5	79835912039179.2
1538.5	79726768711164.3
1539.5	79617415998522.22
1540.5	79507853901252.94
1541.5	79398082419356.47
1542.5	79275006390437.31
1543.5	79144333193519.22
1544.5	79013424082066.36
1545.5	78882279056078.7
1546.5	78750898115556.25
1547.5	78615260579805.86
1548.5	78473592336739.86
1549.5	78331675505099.31
1550.5	78189510084884.16
1551.5	78047096076094.45
1552.5	77902861377339.53
1553.5	77751209656461.86
1554.5	77599298095613.03
1555.5	77447126694793.05
1556.5	77294695454001.83
1557.5	77142004373239.48
1558.5	76994508519225.73
1559.5	76846987265935.7
1560.5	76699213464764.56
1561.5	76551187115712.27
1562.5	76402908218778.86
1563.5	76268075294039.69
1564.5	76137576438150.7
1565.5	76006848398235.36
1566.5	75875891174293.58
1567.5	75744704766325.4
1568.5	75624622558342.73
1569.5	75513604298179.88
1570.5	75402383128970.17
1571.5	75290959050713.69
1572.5	75179332063410.4
1573.5	75077959010056.02
1574.5	74994998096337.72
1575.5	74911871193542.2
1576.5	74828578301669.5
1577.5	74745119420719.64
1578.5	74664047145608.19
1579.5	74594447970368.0
1580.5	74524700773846.48
1581.5	74454805556043.6
1582.5	74384762316959.38
1583.5	74314665210548.5
1584.5	74253747329769.94
1585.5	74192693319589.38
1586.5	74131503180006.81
1587.5	74070176911022.22
1588.5	74008714512635.66
1589.5	73959801333158.47
1590.5	73913007984951.69
1591.5	73866097285498.53
1592.5	73819069234799.05
1593.5	73771923832853.16
1594.5	73725246239694.86
1595.5	73678702969414.9
1596.5	73632043396421.53
1597.5	73585267520714.75
1598.5	73538375342294.56
1599.5	73475499696136.25
1600.5	73399497564751.3
1601.5	73328966642370.1
1602.5	73270247946537.34
1603.5	73211398821532.62
1604.5	73152419267355.94
1605.5	73093309284007.28
1606.5	73034068871486.67
1607.5	72974698029794.08
1608.5	72915196758929.55
1609.5	72855565058893.05
1610.5	72795802929684.58
1611.5	72735910371304.14
1612.5	72675887383751.75
1613.5	72615733967027.38
1614.5	72555450121131.06
1615.5	72495035846062.78
1616.5	72434491141822.53
1617.5	72370123544376.97
1618.5	72303542657010.17
1619.5	72236824206653.72
1620.5	72169968193307.61
1621.5	72102974616971.88
1622.5	72035843477646.5
1623.5	71968574775331.45
1624.5	71901168510026.77
1625.5	71833624681732.44
1626.5	71765943290448.44
1627.5	71698124336174.81
1628.5	71630167818911.56
1629.5	71562073738658.61
1630.5	71493842095416.05
1631.5	71425472889183.83
1632.5	71355834681055.44
1633.5	71273038006049.89
1634.5	71190086441272.05
1635.5	71106979986721.92
1636.5	71023718642399.5
1637.5	70940302408304.78
1638.5	70856731284437.78
1639.5	70773005270798.5
1640.5	70689124367386.9
1641.5	70605088574203.03
1642.5	70520897891246.89
1643.5	70436552318518.42
1644.5	70352051856017.695
1645.5	70267396503744.67
1646.5	70182586261699.34
1647.5	70097621129881.734
1648.5	70014418450608.21
1649.5	69932396406395.73
1650.5	69850223415065.18
1651.5	69767899476616.57
1652.5	69685424591049.88
1653.5	69602798758365.125
1654.5	69520021978562.28
1655.5	69437094251641.38
1656.5	69354015577602.42
1657.5	69270785956445.37
1658.5	69187405388170.26
1659.5	69103873872777.06
1660.5	69020191410265.805
1661.5	68936358000636.484
1662.5	68852373643889.09
1663.5	68769218528359.26
1664.5	68690094853809.27
1665.5	68610826434589.05
1666.5	68531413270698.55
1667.5	68451855362137.82
1668.5	68372152708906.86
1669.5	68292305311005.625
1670.5	68212313168434.14
1671.5	68132176281192.414
1672.5	68051894649280.45
1673.5	67971468272698.23
1674.5	67890897151445.766
1675.5	67810181285523.06
1676.5	67729320674930.1
1677.5	67648315319666.88
1678.5	67567165219733.43
1679.5	67492016871835.92
1680.5	67417491230397.43
1681.5	67342829068374.555
1682.5	67268030385767.234
1683.5	67193095182575.51
1684.5	67118023458799.35
1685.5	67042815214438.77
1686.5	66967470449493.79
1687.5	66891989163964.38
1688.5	66816371357850.55
1689.5	66740617031152.3
1690.5	66664726183869.63
1691.5	66588698816002.54
1692.5	66512534927551.016
1693.5	66436234518515.1
1694.5	66337919265117.766
1695.5	66229139910669.13
1696.5	66120186061005.75
1697.5	66011057716127.59
1698.5	65901754876034.69
1699.5	65792277540727.03
1700.5	65682625710204.6
1701.5	65572799384467.42
1702.5	65462798563515.484
1703.5	65352623247348.78
1704.5	65242273435967.31
1705.5	65131749129371.12
1706.5	65021050327560.13
1707.5	64910177030534.41
1708.5	64799129238293.914
1709.5	64680364125364.73
1710.5	64555722162372.484
1711.5	64430890222413.91
1712.5	64305868305489.02
1713.5	64180656411597.81
1714.5	64055254540740.266
1715.5	63929662692916.42
1716.5	63803880868126.25
1717.5	63677909066369.76
1718.5	63551747287646.95
1719.5	63425395531957.83
1720.5	63298853799302.375
1721.5	63172122089680.6
1722.5	63045200403092.51
1723.5	62918088739538.1
1724.5	62812413589626.96
1725.5	62724278206217.42
1726.5	62635998448499.74
1727.5	62547574316473.94
1728.5	62459005810139.984
1729.5	62370292929497.88
1730.5	62281435674547.65
1731.5	62192434045289.3
1732.5	62103288041722.8
1733.5	62013997663848.14
1734.5	61924562911665.375
1735.5	61834983785174.45
1736.5	61745260284375.39
1737.5	61655392409268.2
1738.5	61565380159852.88
1739.5	61492994974560.42
1740.5	61430488028617.96
1741.5	61367868634636.47
1742.5	61305136792615.914
1743.5	61242292502556.32
1744.5	61179335764457.7
1745.5	61116266578320.03
1746.5	61053084944143.336
1747.5	60989790861927.59
1748.5	60926384331672.82
1749.5	60862865353378.984
1750.5	60799233927046.125
1751.5	60735490052674.23
1752.5	60671633730263.29
1753.5	60607664959813.305
1754.5	60527971357701.31
1755.5	60444483259232.21
1756.5	60360860741167.85
1757.5	60277103803508.24
1758.5	60193212446253.39
1759.5	60109186669403.29
1760.5	60025026472957.945
1761.5	59940731856917.37
1762.5	59856302821281.52
1763.5	59771739366050.44
1764.5	59687041491224.1
1765.5	59602209196802.54
1766.5	59517242482785.7
1767.5	59432141349173.625
1768.5	59346369976385.3
1769.5	59253340806878.43
1770.5	59160168561213.734
1771.5	59066853239391.27
1772.5	58973394841410.984
1773.5	58879793367272.88
1774.5	58786048816977.0
1775.5	58692161190523.29
1776.5	58598130487911.79
1777.5	58503956709142.47
1778.5	58409639854215.35
1779.5	58315179923130.42
1780.5	58220576915887.68
1781.5	58125830832487.16
1782.5	58030941672928.81
1783.5	57934882402595.2
1784.5	57837316723075.01
1785.5	57739605289008.88
1786.5	57641748100396.86
1787.5	57543745157238.9
1788.5	57445596459535.04
1789.5	57347302007285.26
1790.5	57248861800489.54
1791.5	57150275839147.93
1792.5	57051544123260.39
1793.5	56952666652826.93
1794.5	56853643427847.56
1795.5	56754474448322.266
1796.5	56655159714251.06
1797.5	56555699225633.914
1798.5	56473435413240.86
1799.5	56393411323580.055
1800.5	56313263394644.6
1801.5	56232991626434.5
1802.5	56152596018949.766
1803.5	56072076572190.375
1804.5	55991433286156.35
1805.5	55910666160847.68
1806.5	55829775196264.36
1807.5	55748760392406.4
1808.5	55667621749273.805
1809.5	55586359266866.55
1810.5	55504972945184.66
1811.5	55423462784228.14
1812.5	55351668565741.625
1813.5	55293357132675.61
1814.5	55234947711978.29
1815.5	55176440303649.65
1816.5	55117834907689.71
1817.5	55059131524098.48
1818.5	55000330152875.914
1819.5	54941430794022.05
1820.5	54882433447536.88
1821.5	54823338113420.39
1822.5	54764144791672.61
1823.5	54704853482293.516
1824.5	54645464185283.1
1825.5	54585976900641.4
1826.5	54525962155856.89
1827.5	54459116866724.67
1828.5	54392165752156.37
1829.5	54325108812152.01
1830.5	54257946046711.586
1831.5	54190677455835.11
1832.5	54123303039522.56
1833.5	54055822797773.96
1834.5	53988236730589.29
1835.5	53920544837968.555
1836.5	53852747119911.78
1837.5	53784843576418.93
1838.5	53716834207490.01
1839.5	53648719013125.05
1840.5	53580497993324.0
1841.5	53495096977565.2
1842.5	53404753185774.766
1843.5	53314279794492.11
1844.5	53223676803717.234
1845.5	53132944213450.13
1846.5	53042082023690.82
1847.5	52951090234439.28
1848.5	52859968845695.54
1849.5	52768717857459.55
1850.5	52677337269731.36
1851.5	52585827082510.94
1852.5	52494187295798.305
1853.5	52402417909593.45
1854.5	52310518923896.38
1855.5	52219165539388.05
1856.5	52128133659552.14
1857.5	52036973393195.68
1858.5	51945684740318.67
1859.5	51854267700921.12
1860.5	51762722275003.01
1861.5	51671048462564.36
1862.5	51579246263605.164
1863.5	51487315678125.42
1864.5	51395256706125.125
1865.5	51303069347604.28
1866.5	51210753602562.9
1867.5	51118309471000.95
1868.5	51025736952918.47
1869.5	50966834806535.51
1870.5	50941657268960.75
1871.5	50916423661010.336
1872.5	50891133982684.27
1873.5	50865788233982.56
1874.5	50840386414905.18
1875.5	50814928525452.164
1876.5	50789414565623.48
1877.5	50763844535419.15
1878.5	50738218434839.16
1879.5	50712536263883.52
1880.5	50686798022552.23
1881.5	50661003710845.27
1882.5	50635153328762.68
1883.5	50606032740125.09
1884.5	50573636825522.63
1885.5	50541178014664.67
1886.5	50508656307551.164
1887.5	50476071704182.16
1888.5	50443424204557.66
1889.5	50410713808677.62
1890.5	50377940516542.08
1891.5	50345104328151.01
1892.5	50312205243504.445
1893.5	50279243262602.35
1894.5	50246218385444.74
1895.5	50213130612031.63
1896.5	50179979942363.01
1897.5	50123796722504.45
1898.5	50050884432426.23
1899.5	49977867503956.414
1900.5	49904745937094.98
1901.5	49831519731841.96
1902.5	49758188888197.34
1903.5	49684753406161.125
1904.5	49611213285733.3
1905.5	49537568526913.875
1906.5	49463819129702.85
1907.5	49389965094100.234
1908.5	49316006420106.02
1909.5	49241943107720.21
1910.5	49167775156942.79
1911.5	49066009358524.18
1912.5	48954940958169.586
1913.5	48843729564610.57
1914.5	48732375177847.18
1915.5	48620877797879.38
1916.5	48509237424707.18
1917.5	48397454058330.586
1918.5	48285527698749.586
1919.5	48173458345964.19
1920.5	48061245999974.4
1921.5	47948890660780.21
1922.5	47836392328381.625
1923.5	47723751002778.65
1924.5	47611822460569.695
1925.5	47541706656894.164
1926.5	47471492327491.414
1927.5	47401179472361.445
1928.5	47330768091504.266
1929.5	47260258184919.88
1930.5	47189649752608.26
1931.5	47118942794569.445
1932.5	47048137310803.43
1933.5	46977233301310.18
1934.5	46906230766089.734
1935.5	46835129705142.07
1936.5	46763930118467.195
1937.5	46692632006065.11
1938.5	46642986263496.61
1939.5	46630318849950.7
1940.5	46617613561907.13
1941.5	46604870399365.85
1942.5	46592089362326.9
1943.5	46579270450790.266
1944.5	46566413664755.94
1945.5	46553519004223.92
1946.5	46540586469194.23
1947.5	46527616059666.84
1948.5	46514607775641.77
1949.5	46501561617119.03
1950.5	46488477584098.58
1951.5	46475355676580.45
1952.5	46437530717448.75
1953.5	46393082694487.92
1954.5	46348564815730.38
1955.5	46303977081176.125
1956.5	46259319490825.13
1957.5	46214592044677.43
1958.5	46169794742732.99
1959.5	46124927584991.83
1960.5	46079990571453.96
1961.5	46034983702119.36
1962.5	45989906976988.04
1963.5	45944760396059.99
1964.5	45899543959335.22
1965.5	45848906742902.12
1966.5	45786278045271.78
1967.5	45723561927820.43
1968.5	45660758390548.06
1969.5	45597867433454.68
1970.5	45534889056540.28
1971.5	45471823259804.87
1972.5	45408670043248.43
1973.5	45345429406870.984
1974.5	45282101350672.51
1975.5	45218685874653.016
1976.5	45155182978812.5
1977.5	45091592663150.984
1978.5	45027914927668.45
1979.5	44987841538791.66
1980.5	44950048992654.12
1981.5	44912195331225.16
1982.5	44874280554504.77
1983.5	44836304662492.96
1984.5	44798267655189.71
1985.5	44760169532595.05
1986.5	44722010294708.94
1987.5	44683789941531.41
1988.5	44645508473062.45
1989.5	44607165889302.08
1990.5	44568762190250.26
1991.5	44530297375907.02
1992.5	44489586109848.4
1993.5	44447228255718.59
1994.5	44404805504293.43
1995.5	44362317855572.91
1996.5	44319765309557.016
1997.5	44277147866245.75
1998.5	44234465525639.13
1999.5	44191718287737.15
2000.5	44148906152539.805
2001.5	44106029120047.09
2002.5	44063087190259.01
2003.5	44020080363175.57
2004.5	43977008638796.77
2005.5	43925729770816.98
2006.5	43859249031135.15
2007.5	43792680194396.445
2008.5	43726023260600.836
2009.5	43659278229748.33
2010.5	43592445101838.93
2011.5	43525523876872.66
2012.5	43458514554849.484
2013.5	43391417135769.41
2014.5	43324231619632.445
2015.5	43256958006438.59
2016.5	43189596296187.84
2017.5	43122146488880.2
2018.5	43059557916875.305
2019.5	43017996390307.305
2020.5	42976372577054.164
2021.5	42934686477115.88
2022.5	42892938090492.44
2023.5	42851127417183.85
2024.5	42809254457190.12
2025.5	42767319210511.23
2026.5	42725321677147.195
2027.5	42683261857098.01
2028.5	42641139750363.68
2029.5	42598955356944.2
2030.5	42556708676839.57
2031.5	42511562926659.89
2032.5	42445538778550.54
2033.5	42379429070449.03
2034.5	42313233802355.39
2035.5	42246952974269.6
2036.5	42180586586191.66
2037.5	42114134638121.57
2038.5	42047597130059.34
2039.5	41980974062004.96
2040.5	41914265433958.44
2041.5	41847471245919.77
2042.5	41780591497888.945
2043.5	41713626189865.98
2044.5	41646892279265.48
2045.5	41582398609986.836
2046.5	41517821964537.8
2047.5	41453162342918.36
2048.5	41388419745128.52
2049.5	41323594171168.31
2050.5	41258685621037.695
2051.5	41193694094736.7
2052.5	41128619592265.31
2053.5	41063462113623.52
2054.5	40998221658811.34
2055.5	40932898227828.77
2056.5	40867491820675.81
2057.5	40806568792603.85
2058.5	40763841525591.35
2059.5	40721053476115.625
2060.5	40678204644176.7
2061.5	40635295029774.56
2062.5	40592324632909.195
2063.5	40549293453580.625
2064.5	40506201491788.836
2065.5	40463048747533.805
2066.5	40419835220815.586
2067.5	40376560911634.13
2068.5	40333225819989.48
2069.5	40289829945881.61
2070.5	40246022540456.305
2071.5	40201556504296.88
2072.5	40157028769982.52
2073.5	40112439337513.195
2074.5	40067788206888.914
2075.5	40023075378109.68
2076.5	39978300851175.47
2077.5	39933464626086.31
2078.5	39888566702842.2
2079.5	39843607081443.125
2080.5	39798585761889.09
2081.5	39753502744180.1
2082.5	39708358028316.14
2083.5	39643572972754.16
2084.5	39566183924995.164
2085.5	39488702369257.66
2086.5	39411128305541.664
2087.5	39333461733847.16
2088.5	39255702654174.15
2089.5	39177851066522.65
2090.5	39099906970892.63
2091.5	39021870367284.125
2092.5	38943741255697.11
2093.5	38865519636131.57
2094.5	38787205508587.555
2095.5	38708798873065.03
2096.5	38667519844400.49
2097.5	38629421890167.5
2098.5	38591270022419.71
2099.5	38553064241157.07
2100.5	38514804546379.64
2101.5	38476490938087.39
2102.5	38438123416280.33
2103.5	38399701980958.46
2104.5	38361226632121.76
2105.5	38322697369770.25
2106.5	38284114193903.92
2107.5	38245477104522.79
2108.5	38207147348108.98
2109.5	38169568466932.664
2110.5	38131936777587.71
2111.5	38094252280074.164
2112.5	38056514974392.01
2113.5	38018724860541.234
2114.5	37980881938521.85
2115.5	37942986208333.85
2116.5	37905037669977.234
2117.5	37867036323452.0
2118.5	37828982168758.164
2119.5	37790875205895.71
2120.5	37752715434864.65
2121.5	37719688616468.836
2122.5	37688163602300.11
2123.5	37656592129012.31
2124.5	37624974196605.43
2125.5	37593309805079.46
2126.5	37561598954434.42
2127.5	37529841644670.29
2128.5	37498037875787.07
2129.5	37466187647784.8
2130.5	37434290960663.414
2131.5	37402347814422.97
2132.5	37370358209063.44
2133.5	37325789495585.15
2134.5	37251906020367.3
2135.5	37177936924561.734
2136.5	37103882208168.45
2137.5	37029741871187.46
2138.5	36955515913618.75
2139.5	36881204335462.33
2140.5	36806807136718.19
2141.5	36732324317386.336
2142.5	36657755877466.76
2143.5	36583101816959.48
2144.5	36508362135864.47
2145.5	36433536834181.75
2146.5	36369741878911.125
2147.5	36306971553873.48
2148.5	36244126989891.12
2149.5	36181208186964.05
2150.5	36118215145092.24
2151.5	36055147864275.74
2152.5	35992006344514.52
2153.5	35928790585808.59
2154.5	35865500588157.945
2155.5	35802136351562.586
2156.5	35738697876022.51
2157.5	35675185161537.72
2158.5	35635055033633.48
2159.5	35611180458808.984
2160.5	35587268482965.56
2161.5	35563319106103.195
2162.5	35539332328221.91
2163.5	35515308149321.68
2164.5	35491246569402.52
2165.5	35467147588464.42
2166.5	35443011206507.4
2167.5	35418837423531.44
2168.5	35394626239536.55
2169.5	35370377654522.72
2170.5	35351181619936.75
2171.5	35341409996533.6
2172.5	35331614372451.0
2173.5	35321794747688.945
2174.5	35311951122247.44
2175.5	35302083496126.484
2176.5	35292191869326.06
2177.5	35282276241846.19
2178.5	35272336613686.86
2179.5	35262372984848.086
2180.5	35252385355329.85
2181.5	35242373725132.164
2182.5	35227710646733.38
2183.5	35188714096347.805
2184.5	35149667042146.906
2185.5	35110569484130.69
2186.5	35071421422299.156
2187.5	35032222856652.31
2188.5	34992973787190.14
2189.5	34953674213912.656
2190.5	34914324136819.848
2191.5	34874923555911.727
2192.5	34835472471188.297
2193.5	34795970882649.54
2194.5	34756449325453.4
2195.5	34717355894403.957
2196.5	34678212423352.64
2197.5	34639018912299.453
2198.5	34599775361244.387
2199.5	34560481770187.445
2200.5	34521138139128.62
2201.5	34481744468067.93
2202.5	34442300757005.36
2203.5	34402807005940.918
2204.5	34363263214874.594
2205.5	34323669383806.395
2206.5	34283984577453.18
2207.5	34242242956065.117
2208.5	34200449439461.793
2209.5	34158604027643.234
2210.5	34116706720609.418
2211.5	34074757518360.336
2212.5	34032756420896.008
2213.5	33990703428216.43
2214.5	33948598540321.61
2215.5	33906441757211.535
2216.5	33864233078886.195
2217.5	33821972505345.6
2218.5	33779881694050.92
2219.5	33741952577480.098
2220.5	33703975562222.53
2221.5	33665950648278.176
2222.5	33627877835647.074
2223.5	33589757124329.188
2224.5	33551588514324.55
2225.5	33513372005633.133
2226.5	33475107598254.965
2227.5	33436795292190.023
2228.5	33398435087438.312
2229.5	33360026983999.836
2230.5	33319653909404.92
2231.5	33267449635178.105
2232.5	33215185183963.9
2233.5	33162860555762.28
2234.5	33110475750573.26
2235.5	33058030768396.85
2236.5	33005525609233.027
2237.5	32952960273081.812
2238.5	32900334759943.195
2239.5	32847649069817.168
2240.5	32794903202703.754
2241.5	32742097158602.926
2242.5	32690393107092.85
2243.5	32641342853349.41
2244.5	32592235877600.59
2245.5	32543072179846.37
2246.5	32493851760086.797
2247.5	32444574618321.84
2248.5	32395240754551.496
2249.5	32345850168775.785
2250.5	32296402860994.695
2251.5	32246898831208.22
2252.5	32197338079416.367
2253.5	32147720605619.145
2254.5	32099342376233.36
2255.5	32052058337510.26
2256.5	32004719745971.98
2257.5	31957326601618.516
2258.5	31909878904449.895
2259.5	31862376654466.082
2260.5	31814819851667.098
2261.5	31767208496052.938
2262.5	31719542587623.594
2263.5	31671822126379.086
2264.5	31624047112319.4
2265.5	31576217545444.527
2266.5	31552013005036.29
2267.5	31532975056908.13
2268.5	31513908038017.03
2269.5	31494811948363.016
2270.5	31475686787946.07
2271.5	31456532556766.19
2272.5	31437349254823.38
2273.5	31418136882117.652
2274.5	31398895438648.98
2275.5	31379624924417.383
2276.5	31360325339422.863
2277.5	31338141298800.46
2278.5	31301978562064.508
2279.5	31265772004724.508
2280.5	31229521626780.48
2281.5	31193227428232.43
2282.5	31156889409080.336
2283.5	31120507569324.207
2284.5	31084081908964.05
2285.5	31047612427999.848
2286.5	31011099126431.625
2287.5	30974542004259.355
2288.5	30937941061483.055
2289.5	30898118167656.37
2290.5	30856039180997.785
2291.5	30813911668199.656
2292.5	30771735629261.984
2293.5	30729511064184.777
2294.5	30687237972968.016
2295.5	30644916355611.72
2296.5	30602546212115.875
2297.5	30560127542480.496
2298.5	30517660346705.57
2299.5	30475144624791.098
2300.5	30433570060855.184
2301.5	30405102207180.14
2302.5	30376598118906.113
2303.5	30348057796033.113
2304.5	30319481238561.16
2305.5	30290868446490.223
2306.5	30262219419820.32
2307.5	30233534158551.457
2308.5	30204812662683.605
2309.5	30176054932216.8
2310.5	30147260967151.023
2311.5	30118430767486.266
2312.5	30080009246019.246
2313.5	30035431594189.39
2314.5	29990804160450.402
2315.5	29946126944802.28
2316.5	29901399947245.01
2317.5	29856623167778.617
2318.5	29811796606403.08
2319.5	29766920263118.395
2320.5	29721994137924.58
2321.5	29677018230821.63
2322.5	29631992541809.53
2323.5	29586291168235.273
2324.5	29538319409515.38
2325.5	29490295419984.21
2326.5	29442219199641.77
2327.5	29394090748488.05
2328.5	29345910066523.055
2329.5	29297677153746.785
2330.5	29249392010159.227
2331.5	29201054635760.4
2332.5	29152665030550.293
2333.5	29104223194528.918
2334.5	29055729127696.266
2335.5	29024045756890.99
2336.5	28994845422381.242
2337.5	28965609455368.54
2338.5	28936337855852.867
2339.5	28907030623834.215
2340.5	28877687759312.61
2341.5	28848309262288.027
2342.5	28818895132760.477
2343.5	28789445370729.953
2344.5	28759959976196.473
2345.5	28730438949160.016
2346.5	28699337020842.746
2347.5	28667167524725.293
2348.5	28634960200964.914
2349.5	28602715049561.605
2350.5	28570432070515.363
2351.5	28538111263826.18
2352.5	28505752629494.07
2353.5	28473356167519.027
2354.5	28440921877901.05
2355.5	28408449760640.145
2356.5	28375939815736.312
2357.5	28340459740059.67
2358.5	28300350980797.72
2359.5	28260198015334.22
2360.5	28220000843669.17
2361.5	28179759465802.562
2362.5	28139473881734.4
2363.5	28099144091464.69
2364.5	28058770094993.426
2365.5	28018351892320.605
2366.5	27977889483446.23
2367.5	27937382868370.312
2368.5	27896229350821.477
2369.5	27852893383721.75
2370.5	27809510897117.938
2371.5	27766081891010.066
2372.5	27722606365398.12
2373.5	27679084320282.11
2374.5	27635515755662.023
2375.5	27591900671537.87
2376.5	27548239067909.645
2377.5	27504530944777.348
2378.5	27460776302140.99
2379.5	27421142194724.406
2380.5	27409364002427.293
2381.5	27397566232645.098
2382.5	27385748885377.836
2383.5	27373911960625.508
2384.5	27362055458388.105
2385.5	27350179378665.637
2386.5	27338283721458.1
2387.5	27326368486765.496
2388.5	27314433674587.812
2389.5	27302479284925.07
2390.5	27021332537958.28
2391.5	26986382673924.977
2392.5	26951477045632.105
2393.5	26916615608407.785
2394.5	26881798317598.094
2395.5	26847025128567.34
2396.5	26812295996698.008
2397.5	26777610877390.883
2398.5	26742969726065.105
2399.5	26708372498158.29
