# wavelength (nm)	photon flux (phot/s/cm^2/nm)
0.50	28194.48
1.50	2597357.16
2.50	9095313.62
3.50	11061541.95
4.50	22236789.26
5.50	40144070.56
6.50	98996656.83
7.50	90932113.42
8.50	93033880.34
9.50	81973368.58
10.50	65422979.54
11.50	46593752.07
12.50	28053148.02
13.50	30807795.18
14.50	71729759.48
15.50	76039028.77
16.50	110817812.40
17.50	663802819.22
18.50	632365921.40
19.50	541138847.36
20.50	419739238.84
21.50	326313024.54
22.50	387460375.03
23.50	226236921.97
24.50	297806445.00
25.50	533338322.64
26.50	176568504.35
27.50	245334084.89
28.50	381143594.37
29.50	123701597.70
30.50	3150245768.53
31.50	228556257.20
32.50	79353540.06
33.50	307032907.07
34.50	321062611.65
35.50	241835076.73
36.50	520558824.35
37.50	62089957.78
38.50	62463055.93
39.50	38449585.90
40.50	70229270.19
41.50	87458653.93
42.50	30201166.39
43.50	131920971.18
44.50	55668554.09
45.50	44901523.20
46.50	186180333.91
47.50	63459323.80
48.50	114454892.50
49.50	301407829.08
50.50	190622585.97
51.50	43332797.22
52.50	120543546.57
53.50	96161806.35
54.50	37679633.58
55.50	353039306.75
56.50	60144955.34
57.50	39490492.27
58.50	659450589.58
59.50	70867215.03
60.50	279002738.09
61.50	118277626.41
62.50	686028043.81
63.50	229776914.10
64.50	16208930.97
65.50	20713732.33
66.50	28464736.24
67.50	29287686.42
68.50	91030219.39
69.50	41694021.79
70.50	209700992.59
71.50	56720986.27
72.50	48459957.31
73.50	55058872.01
74.50	73188743.93
75.50	87990287.75
76.50	304990126.74
77.50	278535839.38
78.50	376685870.20
79.50	258402782.14
80.50	203397425.30
81.50	240710107.60
82.50	282307093.73
83.50	751492621.17
84.50	392071847.45
85.50	453185981.83
86.50	488759574.87
87.50	555638240.90
88.50	653590702.39
89.50	773282373.34
90.50	1034284880.85
91.50	757816755.48
92.50	215273121.97
93.50	220957061.38
94.50	258841274.95
95.50	211389021.56
96.50	165142886.75
97.50	2924605438.45
98.50	329427819.07
99.50	484808085.28
100.50	231688866.60
101.50	295716459.60
102.50	2456560614.27
103.50	2228636749.46
104.50	415508957.46
105.50	351155301.33
106.50	378206696.65
107.50	437949974.03
108.50	651124479.71
109.50	488692305.84
110.50	569451302.67
111.50	538846047.92
112.50	568229668.54
113.50	377266757.07
114.50	464798286.54
115.50	553802792.73
116.50	654788061.77
117.50	2126600271.60
118.50	838609327.03
119.50	1385118669.79
120.50	4067607249.45
121.50	176167474577.86
122.50	1764581567.16
123.50	1147066663.24
124.50	841704410.29
125.50	758176671.07
126.50	1036212246.76
127.50	552278359.78
128.50	439374910.60
129.50	511210436.88
130.50	4386027503.71
131.50	716277839.17
132.50	574833729.80
133.50	5393839178.40
134.50	546199885.60
135.50	1236925961.10
136.50	781385802.72
137.50	850398817.83
138.50	843397800.30
139.50	2282935310.57
140.50	1975491630.93
141.50	1203792652.97
142.50	1307800734.16
143.50	1504482733.94
144.50	1480461112.19
145.50	1593044427.65
146.50	1980372343.57
147.50	2478776537.05
148.50	2557253093.61
149.50	2321735396.15
150.50	2616785555.63
151.50	2862536858.32
152.50	3594327270.57
153.50	4003282007.79
154.50	6883563798.77
155.50	6143097411.21
156.50	6191395611.19
157.50	5530395581.15
158.50	5535875859.63
159.50	5531349437.58
160.50	6240786567.85
161.50	7402359862.05
162.50	8601800497.05
163.50	9261056121.62
164.50	10775735292.78
165.50	17227080926.37
166.50	11827125256.96
167.50	14069655080.08
168.50	15554054703.37
169.50	20607404868.62
170.50	23831627867.51
171.50	24013116681.97
172.50	26475694838.95
173.50	26841562675.49
174.50	33018187869.45
175.50	40545014133.13
176.50	44057375812.90
177.50	53519143912.87
178.50	59934863266.37
179.50	59866097600.16
180.50	80235796787.16
181.50	95079044552.85
182.50	91368083933.23
183.50	98233831869.82
184.50	85530485773.68
185.50	97427565288.53
186.50	112673933520.43
187.50	126723371423.24
188.50	136382541221.26
189.50	64980143338.32
190.50	165094222064.30
191.50	176879322282.61
192.50	190917594104.34
193.50	148185354066.40
194.50	243637506334.33
195.50	238826351689.19
196.50	270531833960.76
197.50	276755207262.89
198.50	279802003854.91
199.50	305064601287.77
200.50	334402686386.93
201.50	374840984737.34
202.50	372079343615.37
203.50	432851559075.05
204.50	480724762399.21
205.50	496372767655.82
206.50	516557215863.93
207.50	599146009242.99
208.50	690315063365.65
209.50	997640791521.98
210.50	1305029659505.38
211.50	1581394776005.17
212.50	1517028132818.44
213.50	1374816587341.81
214.50	1958936240456.91
215.50	1614595093276.39
216.50	1561143314088.56
217.50	1511019858596.88
218.50	2155382029605.94
219.50	2271885783116.29
220.50	2252110370002.01
221.50	1605937842252.93
222.50	2379029625025.52
223.50	3036533450905.05
224.50	2815545595114.79
225.50	2489047932443.78
226.50	1761271571391.12
227.50	1788488614351.04
228.50	2576371805645.76
229.50	2193192015609.81
230.50	2688018863065.54
231.50	2329706589031.07
232.50	2523402558082.24
233.50	2133578866449.52
234.50	1732638842991.46
235.50	2802359345663.45
236.50	2164281758315.56
237.50	2641655875360.75
238.50	1820105224562.50
239.50	2258907252551.96
240.50	2082827333156.99
241.50	2442665286171.54
242.50	3676753858926.89
243.50	3362400780974.77
244.50	3208819022024.80
245.50	2544053745647.65
246.50	2551338988513.52
247.50	2959464407899.03
248.50	2300542067790.77
249.50	2941045270240.20
250.50	3107648937046.37
251.50	2419413906501.73
252.50	2142037076643.55
253.50	2756260113293.28
254.50	3086398422010.10
255.50	4401986105476.67
256.50	5303170132260.88
257.50	6616981099050.35
258.50	7040611477073.75
259.50	5934444896818.49
260.50	4827453136498.15
261.50	4726044984881.67
262.50	6012131316528.79
263.50	8818251994211.00
264.50	13816173903420.80
265.50	14431720331395.19
266.50	14061732435392.63
267.50	14135158441094.74
268.50	14151076303292.89
269.50	12638651206931.48
270.50	15966432516354.88
271.50	13351197449158.49
272.50	10642087838071.11
273.50	12175149307677.52
274.50	7173795823972.57
275.50	10338439333112.24
276.50	14423560423067.45
277.50	14369240786138.95
278.50	9491641406802.39
279.50	4532252280343.40
280.50	5262644243469.39
281.50	12377084003435.76
282.50	17312791994143.31
283.50	19244311041821.60
284.50	14762630315777.23
285.50	7537592213436.09
286.50	20120024487709.70
287.50	22021450743567.21
288.50	18221482860208.12
289.50	27214156425495.66
290.50	36465232708584.16
291.50	33953996120086.02
292.50	29685855792377.65
293.50	33692455926543.59
294.50	30450972533382.95
295.50	34196315201288.21
296.50	30450950613517.09
297.50	32690923522756.60
298.50	24280108963050.21
299.50	33838487199254.75
300.50	22411063493312.89
301.50	30557373749947.21
302.50	30103582264631.75
303.50	39508796347820.98
304.50	37233776518815.73
305.50	39050697738822.67
306.50	35572049335370.99
307.50	41207549563663.70
308.50	41467996428086.29
309.50	31475523503821.71
310.50	41675292253014.15
311.50	47692661221008.30
312.50	44490130286627.58
313.50	46148719383339.84
314.50	45369422395086.67
315.50	42165889786679.43
316.50	44211630867588.80
317.50	50030697149814.22
318.50	46299056794097.95
319.50	49132986902763.90
320.50	52435690432755.03
321.50	49408693047048.18
322.50	47004864961299.96
323.50	47334239395462.02
324.50	53288811112877.31
325.50	61612742893743.44
326.50	67940517931334.34
327.50	67140329528715.82
328.50	67304995476904.02
329.50	72815802529366.25
330.50	72742969274241.70
331.50	69475065831948.41
332.50	68211633927662.70
333.50	67396290146442.56
334.50	69075953590666.94
335.50	67329074513838.25
336.50	62012723979263.41
337.50	62896972267884.87
338.50	67624973057468.80
339.50	71960037834389.61
340.50	73245606749308.72
341.50	72349890677196.72
342.50	73320819778868.83
343.50	69935197209747.80
344.50	65852198177241.84
345.50	68532255485870.27
346.50	70728300583525.45
347.50	69969850286069.16
348.50	69687750363639.48
349.50	72281154663160.56
350.50	76733110315889.41
351.50	76329424595003.50
352.50	75380931460923.36
353.50	80307721513667.62
354.50	84463965828892.45
355.50	81572207879121.66
356.50	73703522000304.69
357.50	65496089802821.44
358.50	65468676959701.97
359.50	73177732190812.20
360.50	76418050589587.62
361.50	76231970633944.94
362.50	78013969130965.70
363.50	80866696827327.80
364.50	85562580929388.41
365.50	91854449749787.56
366.50	96296051624800.95
367.50	96457598916458.28
368.50	95671975718051.42
369.50	97085890065208.86
370.50	96669199853968.30
371.50	93805877803108.22
372.50	86994654368799.97
373.50	81208417489396.91
374.50	80163299321007.78
375.50	84881467049996.08
376.50	93906143363137.66
377.50	101201454826256.91
378.50	102983062680276.09
379.50	100302476272985.86
380.50	95229039396562.12
381.50	85870751295992.91
382.50	75884267835856.16
383.50	71791030240044.84
384.50	75932554660675.56
385.50	81624118737072.33
386.50	84432071877525.41
387.50	86025186400058.67
388.50	90030941817970.80
389.50	97350932174165.47
390.50	101916230427821.62
391.50	97553501056381.72
392.50	87722822337545.17
393.50	82038555801445.75
394.50	83509507981196.66
395.50	87773547094073.28
396.50	92552944018394.88
397.50	102214335397060.86
398.50	118250090644411.89
399.50	134776716862066.69
400.50	146311737772978.56
401.50	151154234073547.16
402.50	152344946831174.25
403.50	151376039421566.81
404.50	149415986540947.56
405.50	147586041266421.34
406.50	147857500229890.44
407.50	148816267800382.91
408.50	150554101002244.97
409.50	152457132940224.22
410.50	153959195528114.03
411.50	156961300566068.38
412.50	158908303407983.38
413.50	160688234657272.75
414.50	161376954593547.66
415.50	160848087159249.09
416.50	160455229073244.97
417.50	159095126884565.56
418.50	159030491404511.16
419.50	159141176426003.50
420.50	159440475870707.31
421.50	160046220884226.75
422.50	159244696747800.94
423.50	158625887835344.69
424.50	157754298225432.84
425.50	156525596922735.66
426.50	154649981559169.47
427.50	149971445281357.34
428.50	145253132324351.28
429.50	141905925927367.62
430.50	141402369964858.69
431.50	145211308898131.25
432.50	151582068346557.81
433.50	158116526345961.97
434.50	163739002993024.53
435.50	167039350430006.34
436.50	168746787970336.91
437.50	169055692963483.72
438.50	169802029670030.84
439.50	171835442472183.94
440.50	174939462641499.16
441.50	179069979772939.16
442.50	182767149712606.16
443.50	185256859281529.78
444.50	187182598168400.94
445.50	188594580328309.44
446.50	190693157073705.31
447.50	194066293625680.16
448.50	197294363963305.28
449.50	199713362043870.97
450.50	201502367305254.84
451.50	201706229173494.75
452.50	200982733762258.94
453.50	200739807821972.75
454.50	201168876654201.09
455.50	201846409174314.38
456.50	203054002742665.44
457.50	204434058104150.44
458.50	205518400848550.41
459.50	206524108222256.75
460.50	207449033996979.25
461.50	208144483217440.84
462.50	208373226767209.81
463.50	208047887474345.19
464.50	207363079652665.56
465.50	206556751628122.50
466.50	205653676971656.19
467.50	205280496468128.28
468.50	205561637073909.72
469.50	206203082088202.66
470.50	207236856976179.44
471.50	208652205542524.72
472.50	210133509140395.97
473.50	211540414027920.12
474.50	212990362361634.72
475.50	214365743161460.97
476.50	215538849300166.38
477.50	216718822815541.72
478.50	217781204618449.19
479.50	218317036540048.78
480.50	218146668132964.81
481.50	216493019065331.00
482.50	213920127137739.78
483.50	210838651667879.16
484.50	207719413090072.22
485.50	205121787167148.09
486.50	203609637685248.50
487.50	203599101038882.66
488.50	204773535371035.72
489.50	206532782375997.28
490.50	208541277397140.44
491.50	210457189451329.94
492.50	212131553076446.97
493.50	213203654737901.28
494.50	213905428928228.03
495.50	214036082418297.22
496.50	213717065866648.81
497.50	213244407133931.16
498.50	212539619357762.81
499.50	211835445921392.62
500.50	211379146812581.06
501.50	211264131396068.84
502.50	211623255506930.50
503.50	212376745847718.38
504.50	213361745212036.25
505.50	214381227874888.84
506.50	215228604238050.09
507.50	215675071891823.06
508.50	215757808228237.38
509.50	215548819991581.06
510.50	214935181322529.50
511.50	213444108461012.25
512.50	211384338602562.56
513.50	209384344115175.09
514.50	207571825215225.81
515.50	205967084256229.50
516.50	204682630284967.75
517.50	204021876006521.62
518.50	204861298058109.41
519.50	206270297701896.16
520.50	207768989432485.38
521.50	209270063519557.19
522.50	210889990744220.53
523.50	212632597738096.97
524.50	214200474079081.66
525.50	215330728614386.78
526.50	216129983757500.91
527.50	216951987959998.00
528.50	218266481305272.38
529.50	219461969596135.72
530.50	220437376359132.53
531.50	221138435925438.75
532.50	221621432411579.31
533.50	221998671791734.88
534.50	222203473466924.25
535.50	222190112523869.97
536.50	221871998108611.56
537.50	221557958311525.44
538.50	221316473776175.50
539.50	221207411499689.59
540.50	221285519229628.09
541.50	221487571274691.31
542.50	221795166805592.47
543.50	222197699297249.28
544.50	222692447036651.06
545.50	223178357813959.09
546.50	223616243341810.09
547.50	224138582121396.69
548.50	224565834366876.50
549.50	224889305069351.06
550.50	225008695067945.66
551.50	224976190621540.22
552.50	224858011185491.97
553.50	224742462610013.81
554.50	224587795105847.72
555.50	224400499188920.19
556.50	224155968183150.78
557.50	223920848353851.38
558.50	223741621840168.88
559.50	223774206516495.50
560.50	223940443857063.91
561.50	224165240406526.03
562.50	224363355630496.41
563.50	224651451765682.88
564.50	225005726220522.78
565.50	225504103174558.06
566.50	226012463802152.81
567.50	226532090734769.38
568.50	226988125380933.94
569.50	227427714318841.19
570.50	227846059499344.84
571.50	228310231692267.12
572.50	228794406092737.41
573.50	229267969184976.38
574.50	229686410837170.88
575.50	230034312145777.22
576.50	230280602816134.41
577.50	230496873331499.50
578.50	230695892809674.78
579.50	230752827821839.41
580.50	230642313937372.09
581.50	230409665992662.19
582.50	230139456317005.31
583.50	229851027520462.22
584.50	229547615465854.75
585.50	229220257608907.44
586.50	228924746984799.31
587.50	228646224194135.66
588.50	228472370840862.22
589.50	228344013847102.84
590.50	228422874998688.59
591.50	228522139328461.59
592.50	228654034957792.34
593.50	228809503711933.28
594.50	228980511360100.56
595.50	229147352360013.25
596.50	229312650677374.59
597.50	229423110429729.69
598.50	229508832650494.06
599.50	229477063926904.44
600.50	229407424837099.22
601.50	229262079829050.06
602.50	229102303483853.28
603.50	228926411545029.88
604.50	228670556584574.50
605.50	228360433972989.47
606.50	227944463274807.22
607.50	227485531907489.91
608.50	227047607527179.78
609.50	226612594382598.59
610.50	226226499283358.75
611.50	225843660684562.75
612.50	225465926560484.75
613.50	225086653460535.41
614.50	224762907340626.19
615.50	224446029849444.97
616.50	224346083868193.56
617.50	224253825660890.22
618.50	224304378295225.97
619.50	224350774070996.53
620.50	224346782102108.81
621.50	224339844037484.50
622.50	224289269142186.75
623.50	224237914893249.09
624.50	224239069840690.41
625.50	224239076705308.56
626.50	224275632739882.47
627.50	224312734260019.22
628.50	224226797940299.31
629.50	224124346106248.69
630.50	223991664982276.97
631.50	223850229624391.53
632.50	223744556433208.69
633.50	223654228551895.19
634.50	223567869739998.09
635.50	223484184110551.47
636.50	223363045181073.56
637.50	223192517123163.00
638.50	223017022072461.19
639.50	222830860341608.88
640.50	222645335695959.94
641.50	222481553613675.56
642.50	222316177162419.62
643.50	221893911063202.00
644.50	221437654753450.00
645.50	220943181377017.66
646.50	220429270678778.12
647.50	219936960050702.16
648.50	219472985357413.81
649.50	219019482376087.88
650.50	218618834492355.34
651.50	218215918014225.47
652.50	217848775415628.00
653.50	217483249036589.34
654.50	217242999234291.66
655.50	217079211962005.66
656.50	217021565789566.22
657.50	217214309383709.66
658.50	217406633723094.47
659.50	217713558965385.31
660.50	218023976481535.78
661.50	218314898761484.66
662.50	218593257811753.62
663.50	218861940180737.22
664.50	219098516199398.44
665.50	219334811454401.50
666.50	219545643011276.91
667.50	219751314290452.78
668.50	219886905217886.06
669.50	219925507187512.69
670.50	219963241871576.28
671.50	219823758592530.69
672.50	219679278430856.50
673.50	219521257019150.69
674.50	219350116997395.34
675.50	219177279336833.12
676.50	218995722949519.19
677.50	218812670558888.00
678.50	218618161217799.03
679.50	218412918239743.09
680.50	218206122793616.38
681.50	217994220023964.72
682.50	217780754353797.94
683.50	217563928172349.47
684.50	217343242614837.38
685.50	217120982202226.28
686.50	216877595997689.06
687.50	216629652319893.19
688.50	216377144216752.38
689.50	216115069909762.34
690.50	215851323818656.75
691.50	215593177525632.94
692.50	215337301609441.16
693.50	215079880518154.59
694.50	214830164785267.44
695.50	214578836806024.88
696.50	214329489648604.28
697.50	214085525355768.75
698.50	213839979162156.00
699.50	213602300775888.47
700.50	213368163085884.41
701.50	213132485061972.28
702.50	212901513711955.34
703.50	212669419125893.59
704.50	212433239996769.62
705.50	212185265106891.53
706.50	211935732421149.56
707.50	211681986236787.72
708.50	211423149423350.44
709.50	211162737355242.34
710.50	210903497453919.34
711.50	210644171494647.25
712.50	210383282178810.56
713.50	210110359015118.69
714.50	209833695581056.75
715.50	209555433429393.88
716.50	209297963932846.34
717.50	209039184711934.03
718.50	208783856668525.03
719.50	208560426313618.75
720.50	208335567151722.09
721.50	208113825520484.59
722.50	207905084374503.28
723.50	207694966931783.94
724.50	207480185914381.75
725.50	207257024418222.81
726.50	207032458267165.50
727.50	206817541382615.72
728.50	206619310368259.41
729.50	206419754669497.81
730.50	206231656975581.56
731.50	206060689376797.41
732.50	205888482452378.44
733.50	205707829292813.56
734.50	205515951189654.44
735.50	205322786973380.19
736.50	205133087182282.00
737.50	204949249661044.03
738.50	204764158277459.97
739.50	204594483314613.00
740.50	204454600536761.09
741.50	204313592711655.16
742.50	204182766576585.25
743.50	204079959474968.28
744.50	203976136097018.72
745.50	203869269821004.69
746.50	203751473876592.53
747.50	203632629673810.75
748.50	203511972182057.00
749.50	203371879123267.09
750.50	203230686701858.94
751.50	203088394917832.44
752.50	202948664933876.97
753.50	202808298422555.12
754.50	202666843481946.47
755.50	202509142965761.09
756.50	202343809377469.09
757.50	202177330038735.59
758.50	201999420314305.12
759.50	201809619192182.09
760.50	201618616976040.69
761.50	201425632269318.12
762.50	201228966744466.34
763.50	201031091574528.53
764.50	200832006759504.78
765.50	200654656331467.19
766.50	200476866739788.53
767.50	200297929302217.41
768.50	200141526290166.50
769.50	199995716645159.56
770.50	199848851143001.22
771.50	199698431784983.75
772.50	199542304940520.69
773.50	199385103736925.16
774.50	199226828174197.28
775.50	199060041749226.41
776.50	198892086573466.03
777.50	198723037666247.56
778.50	198554422884829.28
779.50	198385738176966.50
780.50	198215966279530.69
781.50	198042677693199.44
782.50	197857925107397.09
783.50	197672052608186.69
784.50	197485060195568.06
785.50	197272591102160.88
786.50	197050371401558.91
787.50	196826947982200.66
788.50	196598583854213.41
789.50	196358890001538.34
790.50	196117957323694.22
791.50	195875785820680.94
792.50	195657144699301.59
793.50	195444735191797.91
794.50	195231168039695.66
795.50	195019542923245.62
796.50	194817158190504.22
797.50	194613649695931.38
798.50	194409017439527.16
799.50	194186514525959.06
800.50	193954587169265.91
801.50	193721473523246.16
802.50	193488976108014.94
803.50	193276051707548.62
804.50	193061997171030.41
805.50	192846812498460.22
806.50	192642734395720.50
807.50	192452531020289.94
808.50	192261264942607.19
809.50	192068936162672.28
810.50	191866985873904.66
811.50	191661809421443.59
812.50	191455543866956.88
813.50	191246158403968.03
814.50	191019227577611.94
815.50	190791162260472.75
816.50	190561962452550.47
817.50	190343069329921.28
818.50	190140252464251.72
819.50	189936371084411.12
820.50	189731425190399.53
821.50	189547231837527.78
822.50	189373789031058.12
823.50	189199363426060.72
824.50	189023955022535.56
825.50	188826821668150.34
826.50	188625823359992.03
827.50	188423785147000.41
828.50	188215498719658.47
829.50	187936880182714.69
830.50	187657042128573.88
831.50	187375984557235.94
832.50	187086825775028.50
833.50	186774612736450.84
834.50	186461111294853.59
835.50	186146321450236.84
836.50	185840663836667.94
837.50	185551507188002.81
838.50	185261129473737.97
839.50	184969530693873.34
840.50	184647613770906.84
841.50	184291555908573.84
842.50	183934129666719.59
843.50	183575335045343.94
844.50	183197383993741.06
845.50	182802851708954.09
846.50	182406873032011.97
847.50	182009447962914.62
848.50	181661594300787.94
849.50	181349401964379.50
850.50	181035970570459.75
851.50	180721300119028.53
852.50	180470166491941.41
853.50	180263012324679.91
854.50	180054876670887.16
855.50	179845759530563.12
856.50	179675243029084.88
857.50	179533732531581.56
858.50	179391402701254.41
859.50	179248253538103.47
860.50	179115494331514.38
861.50	178992724070120.34
862.50	178869185560153.06
863.50	178744878801612.47
864.50	178653866128238.66
865.50	178607368634063.12
866.50	178560286152690.03
867.50	178512618684119.28
868.50	178488163979203.62
869.50	178513807536693.50
870.50	178539037363108.81
871.50	178563853458449.44
872.50	178581921320129.03
873.50	178568598206314.16
874.50	178554775947602.47
875.50	178540454543994.06
876.50	178525633995488.88
877.50	178460002749694.28
878.50	178393757688798.03
879.50	178326898812800.12
880.50	178259426121700.59
881.50	178196896633265.94
882.50	178135244795521.66
883.50	178072995102289.44
884.50	178010147553569.12
885.50	177934326503843.47
886.50	177848144944331.47
887.50	177761315615459.03
888.50	177673838517226.19
889.50	177572167480493.16
890.50	177436616172810.03
891.50	177300312068384.66
892.50	177163255167217.00
893.50	177025445469307.19
894.50	176864913380097.22
895.50	176703579372636.78
896.50	176541443446925.88
897.50	176378505602964.53
898.50	176199400981298.19
899.50	176011884050982.97
900.50	175823514155948.72
901.50	175634291296195.25
902.50	175448184572884.66
903.50	175270077920485.88
904.50	175091146676890.72
905.50	174911390842099.16
906.50	174730810416111.16
907.50	174563005714022.62
908.50	174395431201536.38
909.50	174227064327043.16
910.50	174057905090543.09
911.50	173885152371099.06
912.50	173708906917836.22
913.50	173531857051235.66
914.50	173354002771297.47
915.50	173174398997210.22
916.50	172981418956536.97
917.50	172787605007923.16
918.50	172592957151368.84
919.50	172397475386874.00
920.50	172216784135214.38
921.50	172046162367013.31
922.50	171874764229316.31
923.50	171702589722123.25
924.50	171530293154552.16
925.50	171363844581239.69
926.50	171196635366070.59
927.50	171028665509044.97
928.50	170859935010162.72
929.50	170681989925909.38
930.50	170496616479115.34
931.50	170310449907780.06
932.50	170123490211903.53
933.50	169935737391485.75
934.50	169736154718810.75
935.50	169535755300989.44
936.50	169334539138021.81
937.50	169132506229907.88
938.50	168945960363584.41
939.50	168782119042506.00
940.50	168617545718602.00
941.50	168452240391872.38
942.50	168286203062317.19
943.50	168150707310752.16
944.50	168022372530852.00
945.50	167893388614000.19
946.50	167763755560196.62
947.50	167625166605210.88
948.50	167438789635377.12
949.50	167251646634811.78
950.50	167063737603514.91
951.50	166875062541486.53
952.50	166685621448726.62
953.50	166536318810168.16
954.50	166399266692399.62
955.50	166261561436800.91
956.50	166123203043371.94
957.50	165988659432285.31
958.50	165898694833960.62
959.50	165808180791920.53
960.50	165717117306165.06
961.50	165625504376694.19
962.50	165539249899192.94
963.50	165461708409488.75
964.50	165383648953368.88
965.50	165305071530833.34
966.50	165225976141882.00
967.50	165139714093589.31
968.50	165049642220728.22
969.50	164959031867916.91
970.50	164867883035155.50
971.50	164776195722444.00
972.50	164658231026062.50
973.50	164537434449256.44
974.50	164416041856111.03
975.50	164294053246626.19
976.50	164166554831448.78
977.50	164010577014605.34
978.50	163853936087524.69
979.50	163696632050206.62
980.50	163538664902651.19
981.50	163377151120066.06
982.50	163209607777966.44
983.50	163041384537769.47
984.50	162872481399475.31
985.50	162702898363083.91
986.50	162529793250728.06
987.50	162353376269878.66
988.50	162176268309884.50
989.50	161998469370745.50
990.50	161819979452461.78
991.50	161635430022050.88
992.50	161447649866892.72
993.50	161259162807423.03
994.50	161069968843641.75
995.50	160880067975548.97
996.50	160703475970014.28
997.50	160529712648122.75
998.50	160355277584405.53
999.50	160180170778862.69
1000.50	160004392231494.09
1001.50	159851699078274.69
1002.50	159700733579279.34
1003.50	159549148473740.97
1004.50	159396943761659.69
1005.50	159244119443035.50
1006.50	159116002723305.72
1007.50	158987572808852.75
1008.50	158858574123496.72
1009.50	158729006667237.72
1010.50	158598501588608.16
1011.50	158460411895799.03
1012.50	158321738831336.19
1013.50	158182482395219.47
1014.50	158042642587448.84
1015.50	157902289347041.25
1016.50	157762157963438.12
1017.50	157621444929968.81
1018.50	157480150246633.47
1019.50	157338273913431.94
1020.50	157197124238888.28
1021.50	157068636894102.97
1022.50	156939596388939.75
1023.50	156810002723398.66
1024.50	156679855897479.69
1025.50	156548509709908.00
1026.50	156410068917458.97
1027.50	156271060961678.97
1028.50	156131485842568.12
1029.50	155991343560126.34
1030.50	155849645427514.47
1031.50	155691873754594.06
1032.50	155533502937529.53
1033.50	155374532976320.97
1034.50	155214963870968.25
1035.50	155054698308447.59
1036.50	154884190120747.53
1037.50	154713063993534.22
1038.50	154541319926807.62
1039.50	154368957920567.78
1040.50	154195977974814.66
1041.50	154022584716667.56
1042.50	153848589328783.59
1043.50	153673976423910.00
1044.50	153498746002046.78
1045.50	153322898063193.84
1046.50	153135157774675.78
1047.50	152944628782132.66
1048.50	152753456620579.16
1049.50	152561641290015.25
1050.50	152369182790440.91
1051.50	152154693905018.34
1052.50	151931603307758.22
1053.50	151707813816224.09
1054.50	151483325430415.94
1055.50	151258138150333.94
1056.50	151027214883358.28
1057.50	150792221946451.25
1058.50	150556514222881.59
1059.50	150320091712649.09
1060.50	150082954415753.91
1061.50	149843956744956.72
1062.50	149602896042358.00
1063.50	149361115860855.34
1064.50	149118616200448.69
1065.50	148875397061138.03
1066.50	148633478628050.00
1067.50	148395795112551.19
1068.50	148157405181731.34
1069.50	147918308835590.50
1070.50	147678506074128.59
1071.50	147440856760084.44
1072.50	147225666853062.41
1073.50	147009819058488.22
1074.50	146793313376361.88
1075.50	146576149806683.41
1076.50	146358328349452.75
1077.50	146171070401089.72
1078.50	145986303212873.47
1079.50	145800941820124.62
1080.50	145614986222843.28
1081.50	145428436421029.47
1082.50	145268768294289.56
1083.50	145120912365983.28
1084.50	144972535803796.44
1085.50	144823638607729.03
1086.50	144674220777781.09
1087.50	144538224604499.62
1088.50	144418115525209.75
1089.50	144297541553330.84
1090.50	144176502688862.81
1091.50	144054998931805.84
1092.50	143936924799806.12
1093.50	143833057119595.09
1094.50	143728758497041.56
1095.50	143624028932145.44
1096.50	143518868424906.75
1097.50	143413276975325.53
1098.50	143319288347881.56
1099.50	143225524620133.00
1100.50	143131353012619.06
1101.50	143036773525339.78
1102.50	142941786158295.00
1103.50	142840753652428.41
1104.50	142736523973172.56
1105.50	142631871164818.31
1106.50	142526795227365.62
1107.50	142421296160814.56
1108.50	142310846620944.12
1109.50	142192250108127.28
1110.50	142073208389413.69
1111.50	141953721464803.47
1112.50	141833789334296.47
1113.50	141713007235927.84
1114.50	141586396823420.75
1115.50	141459330819181.66
1116.50	141331809223210.56
1117.50	141203832035507.50
1118.50	141075399256072.47
1119.50	140943089347356.28
1120.50	140809176203004.88
1121.50	140674799316765.05
1122.50	140539958688636.80
1123.50	140404654318620.16
1124.50	140265450875659.14
1125.50	140120829659462.48
1126.50	139975729799009.69
1127.50	139830151294300.75
1128.50	139684094145335.77
1129.50	139537533744291.38
1130.50	139390167433459.81
1131.50	139242321855901.50
1132.50	139093997011616.30
1133.50	138945192900604.31
1134.50	138795909522865.52
1135.50	138652737160057.69
1136.50	138511791314015.03
1137.50	138370382550143.58
1138.50	138228510868443.28
1139.50	138086176268914.20
1140.50	137943788538948.05
1141.50	137801734776880.44
1142.50	137659220210543.05
1143.50	137516244839935.88
1144.50	137372808665058.91
1145.50	137228911685912.17
1146.50	137073179051200.22
1147.50	136916613663106.30
1148.50	136759567014308.64
1149.50	136602039104807.08
1150.50	136444029934601.70
1151.50	136283902952835.69
1152.50	136122105750177.11
1153.50	135959822386008.11
1154.50	135797052860328.67
1155.50	135633797173138.72
1156.50	135471077319391.02
1157.50	135312532852038.44
1158.50	135153512042024.84
1159.50	134994014889350.44
1160.50	134834041394015.03
1161.50	134673591556018.72
1162.50	134511642154090.88
1163.50	134348908748685.05
1164.50	134185696714409.62
1165.50	134022006051264.59
1166.50	133857836759249.92
1167.50	133691408881308.61
1168.50	133521190859407.62
1169.50	133350485496702.73
1170.50	133179292793194.08
1171.50	133007612748881.70
1172.50	132835445363765.41
1173.50	132671503043740.11
1174.50	132507744562798.05
1175.50	132343514707270.06
1176.50	132178813477156.25
1177.50	132013640872456.61
1178.50	131858341170134.81
1179.50	131713363276324.98
1180.50	131567949834436.38
1181.50	131422100844469.08
1182.50	131275816306422.98
1183.50	131130159593570.36
1184.50	131004290293286.00
1185.50	130878021384872.94
1186.50	130751352868331.16
1187.50	130624284743660.75
1188.50	130496817010861.56
1189.50	130373377383083.47
1190.50	130252499882160.17
1191.50	130131235180879.38
1192.50	130009583279241.06
1193.50	129887544177245.27
1194.50	129767630017919.05
1195.50	129661580259091.81
1196.50	129555171341129.62
1197.50	129448403264032.52
1198.50	129341276027800.48
1199.50	129233789632433.48
1200.50	129143836753261.59
1201.50	129061981619981.27
1202.50	128979811163897.23
1203.50	128897325385009.53
1204.50	128814524283318.19
1205.50	128731178897779.58
1206.50	128646705365214.47
1207.50	128561914783206.14
1208.50	128476807151754.50
1209.50	128391382470859.58
1210.50	128305640740521.39
1211.50	128220944483576.91
1212.50	128136412545894.53
1213.50	128051566598384.44
1214.50	127966406641046.50
1215.50	127880932673880.81
1216.50	127794058723599.78
1217.50	127703930414480.48
1218.50	127613481482918.05
1219.50	127522711928912.45
1220.50	127431621752463.73
1221.50	127340210953571.88
1222.50	127242814753430.36
1223.50	127143489598229.42
1224.50	127043831939134.30
1225.50	126943841776145.02
1226.50	126843519109261.59
1227.50	126739763151253.47
1228.50	126628428572714.91
1229.50	126516744649618.38
1230.50	126404711381963.83
1231.50	126292328769751.31
1232.50	126179596812980.77
1233.50	126061292672974.92
1234.50	125941404616581.86
1235.50	125821156760910.08
1236.50	125700549105959.62
1237.50	125579581651730.50
1238.50	125457639321826.52
1239.50	125333966052970.27
1240.50	125209929780770.11
1241.50	125085530505226.00
1242.50	124960768226337.98
1243.50	124835642944105.98
1244.50	124697426092442.36
1245.50	124556029461102.23
1246.50	124414244880429.31
1247.50	124272072350423.64
1248.50	124129511871085.09
1249.50	123982524494073.03
1250.50	123826553068640.94
1251.50	123670173491053.19
1252.50	123513385761309.80
1253.50	123356189879410.77
1254.50	123198585845356.12
1255.50	123047790395403.66
1256.50	122898183712885.33
1257.50	122748182897961.03
1258.50	122597787950630.83
1259.50	122446998870894.72
1260.50	122299502796285.53
1261.50	122159831804849.78
1262.50	122019785552871.67
1263.50	121879364040351.28
1264.50	121738567267288.58
1265.50	121597395233683.55
1266.50	121462201965457.25
1267.50	121328135098032.50
1268.50	121193705357710.73
1269.50	121058912744492.08
1270.50	120923757258376.52
1271.50	120792842040103.77
1272.50	120672320298385.97
1273.50	120551459818733.86
1274.50	120430260601147.36
1275.50	120308722645626.55
1276.50	120186845952171.39
1277.50	120082609647624.31
1278.50	119982561052634.64
1279.50	119882208903911.86
1280.50	119781553201455.98
1281.50	119680593945267.05
1282.50	119586658911847.88
1283.50	119510386158992.16
1284.50	119433849256995.69
1285.50	119357048205858.45
1286.50	119279983005580.50
1287.50	119202653656161.83
1288.50	119122578596836.53
1289.50	119041535065904.05
1290.50	118960222447548.88
1291.50	118878640741770.98
1292.50	118796789948570.33
1293.50	118714046636132.27
1294.50	118629428922586.53
1295.50	118544538678955.20
1296.50	118459375905238.31
1297.50	118373940601435.92
1298.50	118288232767547.94
1299.50	118201859059338.88
1300.50	118115094632818.97
1301.50	118028056890008.50
1302.50	117940745830907.50
1303.50	117853161455516.03
1304.50	117764673185163.03
1305.50	117674114532040.70
1306.50	117583278844264.42
1307.50	117492166121834.16
1308.50	117400776364749.88
1309.50	117309109573011.56
1310.50	117214667215631.34
1311.50	117119154398647.98
1312.50	117023359529779.38
1313.50	116927282609025.50
1314.50	116830923636386.41
1315.50	116735618809078.75
1316.50	116643839875133.39
1317.50	116551786702636.28
1318.50	116459459291587.30
1319.50	116366857641986.52
1320.50	116273981753833.97
1321.50	116180044529641.52
1322.50	116085583130490.34
1323.50	115990845925394.92
1324.50	115895832914355.14
1325.50	115800544097371.05
1326.50	115705541784218.27
1327.50	115611866139559.72
1328.50	115517917949763.38
1329.50	115423697214829.20
1330.50	115329203934757.23
1331.50	115234438109547.45
1332.50	115139547912328.70
1333.50	115044432219000.81
1334.50	114949044273164.97
1335.50	114853384074821.12
1336.50	114757451623969.36
1337.50	114659059909596.92
1338.50	114554475221687.62
1339.50	114449606169059.84
1340.50	114344452751713.62
1341.50	114239014969648.88
1342.50	114133292822865.66
1343.50	114025289374016.11
1344.50	113916434929737.58
1345.50	113807292309536.92
1346.50	113697861513414.06
1347.50	113588142541368.98
1348.50	113478122219741.16
1349.50	113367781425980.11
1350.50	113257152388923.59
1351.50	113146235108571.67
1352.50	113035029584924.30
1353.50	112923535817981.53
1354.50	112812330564233.70
1355.50	112700973307246.06
1356.50	112589328858339.95
1357.50	112477397217515.39
1358.50	112365178384772.34
1359.50	112255604822891.83
1360.50	112151706550590.16
1361.50	112047534159192.06
1362.50	111943087648697.69
1363.50	111838367019107.02
1364.50	111733372270419.97
1365.50	111633860266705.11
1366.50	111535020426004.72
1367.50	111435916270716.19
1368.50	111336547800839.55
1369.50	111236915016374.83
1370.50	111138472311142.83
1371.50	111042142103544.55
1372.50	110945553166695.09
1373.50	110848705500594.53
1374.50	110751599105242.84
1375.50	110654233980640.00
1376.50	110555293901979.97
1377.50	110455978644166.48
1378.50	110356402578381.75
1379.50	110256565704625.73
1380.50	110156468022898.45
1381.50	110055138946831.50
1382.50	109952407448931.94
1383.50	109849412088453.28
1384.50	109746152865395.47
1385.50	109642629779758.56
1386.50	109538842831542.53
1387.50	109429526316932.95
1388.50	109319938349540.56
1389.50	109210078929365.33
1390.50	109099948056407.30
1391.50	108989545730666.47
1392.50	108875599847116.05
1393.50	108758698711761.81
1394.50	108641517578875.22
1395.50	108524056448456.28
1396.50	108406315320504.97
1397.50	108288277705304.02
1398.50	108169811555320.67
1399.50	108051065171816.17
1400.50	107932038554790.56
1401.50	107812731704243.75
1402.50	107693144620175.83
1403.50	107573609240868.80
1404.50	107453965221401.78
1405.50	107334041685103.03
1406.50	107213838631972.52
1407.50	107093356062010.27
1408.50	106972422752341.97
1409.50	106850602188796.36
1410.50	106728501003291.91
1411.50	106606119195828.55
1412.50	106483456766406.27
1413.50	106360513715025.14
1414.50	106244092267625.50
1415.50	106129209281083.64
1416.50	106014057847079.30
1417.50	105898637965612.45
1418.50	105782949636683.12
1419.50	105667851317243.56
1420.50	105553948486561.05
1421.50	105439780477389.55
1422.50	105325347289729.05
1423.50	105210648923579.50
1424.50	105095685378940.97
1425.50	104991190843522.16
1426.50	104887011543426.66
1427.50	104782582917728.78
1428.50	104677904966428.53
1429.50	104572977689525.95
1430.50	104472685632922.27
1431.50	104376314898042.48
1432.50	104279707484124.97
1433.50	104182863391169.81
1434.50	104085782619176.88
1435.50	103989101189732.50
1436.50	103896093678819.58
1437.50	103802855818386.61
1438.50	103709387608433.66
1439.50	103615689048960.73
1440.50	103521760139967.78
1441.50	103437536520313.00
1442.50	103356589658130.08
1443.50	103275431074993.22
1444.50	103194060770902.44
1445.50	103112478745857.75
1446.50	103030707379225.25
1447.50	102948765912994.19
1448.50	102866612814217.20
1449.50	102784248082894.17
1450.50	102701671719025.20
1451.50	102618883722610.19
1452.50	102528349145800.50
1453.50	102437278388992.28
1454.50	102345985192197.11
1455.50	102254469555414.97
1456.50	102162731478645.89
1457.50	102070441452894.94
1458.50	101977699397068.47
1459.50	101884734134888.22
1460.50	101791545666354.17
1461.50	101698133991466.34
1462.50	101603078605819.95
1463.50	101502758293803.84
1464.50	101402205945569.75
1465.50	101301421561117.64
1466.50	101200405140447.59
1467.50	101099156683559.48
1468.50	100977384820554.12
1469.50	100852047790161.00
1470.50	100726446589241.19
1471.50	100600581217794.69
1472.50	100474451675821.48
1473.50	100349791337008.55
1474.50	100226603730450.52
1475.50	100103156658825.44
1476.50	99979450122133.28
1477.50	99855484120374.05
1478.50	99733372492669.73
1479.50	99622109420749.48
1480.50	99510604755246.12
1481.50	99398858496159.64
1482.50	99286870643490.02
1483.50	99174641197237.33
1484.50	99075042866665.64
1485.50	98978047905480.48
1486.50	98880832500494.55
1487.50	98783396651707.81
1488.50	98685740359120.30
1489.50	98595274990872.08
1490.50	98512318182103.59
1491.50	98429161238686.53
1492.50	98345804160620.91
1493.50	98262246947906.64
1494.50	98181425241778.75
1495.50	98114749756602.23
1496.50	98047897246148.66
1497.50	97980867710417.95
1498.50	97913661149410.17
1499.50	97846277563125.30
1500.50	97803643984593.42
1501.50	97765268425550.22
1502.50	97726754929428.81
1503.50	97688103496229.17
1504.50	97649314125951.34
1505.50	97614505095436.89
1506.50	97582935336180.16
1507.50	97551237587073.44
1508.50	97519411848116.80
1509.50	97487458119310.23
1510.50	97451673982213.39
1511.50	97404642344340.02
1512.50	97357463107647.84
1513.50	97310136272136.81
1514.50	97262661837806.91
1515.50	97215039804658.20
1516.50	97164432930643.53
1517.50	97113556419607.31
1518.50	97062528412013.44
1519.50	97011348907861.89
1520.50	96960017907152.69
1521.50	96900864315473.56
1522.50	96837936844249.80
1523.50	96774843047653.09
1524.50	96711582925683.48
1525.50	96648156478340.95
1526.50	96573659579997.22
1527.50	96483280487838.62
1528.50	96392700225330.56
1529.50	96301918792473.05
1530.50	96210936189266.05
1531.50	96116954559637.72
1532.50	96005570053538.02
1533.50	95893958278902.44
1534.50	95782119235730.97
1535.50	95670052924023.70
1536.50	95557759343780.50
1537.50	95429493166654.36
1538.50	95299031921721.47
1539.50	95168320395075.27
1540.50	95037358586715.73
1541.50	94906146496642.91
1542.50	94759031210292.11
1543.50	94602834874159.08
1544.50	94446356544573.34
1545.50	94289596221534.89
1546.50	94132553905043.78
1547.50	93970423593503.25
1548.50	93801084654568.55
1549.50	93631448572643.05
1550.50	93461515347726.69
1551.50	93291284979819.53
1552.50	93118878304081.02
1553.50	92937605910598.42
1554.50	92756022925101.33
1555.50	92574129347589.67
1556.50	92391925178063.44
1557.50	92209410416522.67
1558.50	92033105615422.53
1559.50	91856770454049.69
1560.50	91680133417046.19
1561.50	91503194504412.02
1562.50	91325953716147.19
1563.50	91164785172550.89
1564.50	91008797229803.98
1565.50	90852535338718.31
1566.50	90695999499293.78
1567.50	90539189711530.42
1568.50	90395653000376.00
1569.50	90262950610824.94
1570.50	90130005679953.81
1571.50	89996818207762.58
1572.50	89863388194251.31
1573.50	89742214917022.17
1574.50	89643050045643.30
1575.50	89543686764136.64
1576.50	89444125072502.22
1577.50	89344364970740.09
1578.50	89247457627589.08
1579.50	89164264314600.72
1580.50	89080894068757.25
1581.50	88997346890058.66
1582.50	88913622778504.98
1583.50	88829834278237.62
1584.50	88757017893492.98
1585.50	88684038790499.03
1586.50	88610896969255.78
1587.50	88537592429763.22
1588.50	88464125172021.38
1589.50	88405658251465.78
1590.50	88349725208441.84
1591.50	88293651893080.83
1592.50	88237438305382.78
1593.50	88181084445347.64
1594.50	88125289766692.88
1595.50	88069655646912.84
1596.50	88013882508128.58
1597.50	87957970350340.06
1598.50	87901919173547.30
1599.50	87826762631933.94
1600.50	87735915734937.36
1601.50	87651608685597.05
1602.50	87581421031449.95
1603.50	87511077472654.67
1604.50	87440578009211.27
1605.50	87369922641119.73
1606.50	87299111368380.09
1607.50	87228144190992.28
1608.50	87157021108956.39
1609.50	87085742122272.33
1610.50	87014307230940.14
1611.50	86942716434959.81
1612.50	86870969734331.39
1613.50	86799067129054.81
1614.50	86727008619130.11
1615.50	86654794204557.28
1616.50	86582423885336.31
1617.50	86505483983934.91
1618.50	86425898491971.34
1619.50	86346148568161.91
1620.50	86266234212506.64
1621.50	86186155425005.55
1622.50	86105912205658.62
1623.50	86025504554465.84
1624.50	85944932471427.27
1625.50	85864195956542.83
1626.50	85783295009812.53
1627.50	85702229631236.42
1628.50	85620999820814.52
1629.50	85539605578546.70
1630.50	85458046904433.09
1631.50	85376323798473.66
1632.50	85293083828678.30
1633.50	85194115275180.89
1634.50	85094961578781.14
1635.50	84995622739479.03
1636.50	84896098757274.59
1637.50	84796389632167.80
1638.50	84696495364158.66
1639.50	84596415953247.17
1640.50	84496151399433.34
1641.50	84395701702717.17
1642.50	84295066863098.66
1643.50	84194246880577.80
1644.50	84093241755154.59
1645.50	83992051486829.05
1646.50	83890676075601.14
1647.50	83789115521470.91
1648.50	83689661662795.33
1649.50	83591619041276.22
1650.50	83493395989589.73
1651.50	83394992507735.88
1652.50	83296408595714.61
1653.50	83197644253525.98
1654.50	83098699481169.95
1655.50	82999574278646.55
1656.50	82900268645955.77
1657.50	82800782583097.58
1658.50	82701116090072.03
1659.50	82601269166879.08
1660.50	82501241813518.75
1661.50	82401034029991.05
1662.50	82300645816295.97
1663.50	82201248811532.84
1664.50	82106670670356.44
1665.50	82011919512924.98
1666.50	81916995339238.45
1667.50	81821898149296.88
1668.50	81726627943100.23
1669.50	81631184720648.52
1670.50	81535568481941.75
1671.50	81439779226979.91
1672.50	81343816955763.05
1673.50	81247681668291.09
1674.50	81151373364564.08
1675.50	81054892044582.03
1676.50	80958237708344.89
1677.50	80861410355852.70
1678.50	80764409987105.45
1679.50	80674583634916.34
1680.50	80585501616451.97
1681.50	80496256412150.00
1682.50	80406848022010.41
1683.50	80317276446033.19
1684.50	80227541684218.36
1685.50	80137643736565.91
1686.50	80047582603075.86
1687.50	79957358283748.17
1688.50	79866970778582.89
1689.50	79776420087579.97
1690.50	79685706210739.45
1691.50	79594829148061.31
1692.50	79503788899545.55
1693.50	79412585465192.17
1694.50	79295067238586.89
1695.50	79165041058677.62
1696.50	79034806301080.94
1697.50	78904362965796.83
1698.50	78773711052825.34
1699.50	78642850562166.47
1700.50	78511781493820.17
1701.50	78380503847786.52
1702.50	78249017624065.44
1703.50	78117322822656.95
1704.50	77985419443561.08
1705.50	77853307486777.83
1706.50	77720986952307.17
1707.50	77588457840149.11
1708.50	77455720150303.64
1709.50	77313757789716.47
1710.50	77164770710445.55
1711.50	77015556547833.98
1712.50	76866115301881.77
1713.50	76716446972588.92
1714.50	76566551559955.42
1715.50	76416429063981.27
1716.50	76266079484666.48
1717.50	76115502822011.05
1718.50	75964699076014.98
1719.50	75813668246678.27
1720.50	75662410334000.91
1721.50	75510925337982.91
1722.50	75359213258624.23
1723.50	75207274095924.95
1724.50	75080958434980.52
1725.50	74975608414494.83
1726.50	74870085820455.45
1727.50	74764390652862.41
1728.50	74658522911715.67
1729.50	74552482597015.27
1730.50	74446269708761.17
1731.50	74339884246953.42
1732.50	74233326211591.97
1733.50	74126595602676.84
1734.50	74019692420208.05
1735.50	73912616664185.55
1736.50	73805368334609.38
1737.50	73697947431479.53
1738.50	73590353954796.03
1739.50	73503830467197.56
1740.50	73429114640468.39
1741.50	73354264402305.84
1742.50	73279279752709.88
1743.50	73204160691680.52
1744.50	73128907219217.80
1745.50	73053519335321.66
1746.50	72977997039992.16
1747.50	72902340333229.25
1748.50	72826549215032.98
1749.50	72750623685403.31
1750.50	72674563744340.22
1751.50	72598369391843.78
1752.50	72522040627913.94
1753.50	72445577452550.69
1754.50	72350318065341.09
1755.50	72250523039282.58
1756.50	72150567338741.62
1757.50	72050450963718.25
1758.50	71950173914212.47
1759.50	71849736190224.23
1760.50	71749137791753.58
1761.50	71648378718800.52
1762.50	71547458971365.00
1763.50	71446378549447.08
1764.50	71345137453046.72
1765.50	71243735682163.92
1766.50	71142173236798.69
1767.50	71040450116951.03
1768.50	70937925846552.73
1769.50	70826726183781.95
1770.50	70715355499163.03
1771.50	70603813792696.02
1772.50	70492101064380.84
1773.50	70380217314217.53
1774.50	70268162542206.13
1775.50	70155936748346.60
1776.50	70043539932638.95
1777.50	69930972095083.16
1778.50	69818233235679.24
1779.50	69705323354427.20
1780.50	69592242451327.05
1781.50	69478990526378.77
1782.50	69365567579582.36
1783.50	69250745975522.82
1784.50	69134123729853.42
1785.50	69017327260804.02
1786.50	68900356568374.56
1787.50	68783211652565.05
1788.50	68665892513375.54
1789.50	68548399150805.98
1790.50	68430731564856.36
1791.50	68312889755526.73
1792.50	68194873722817.07
1793.50	68076683466727.36
1794.50	67958318987257.64
1795.50	67839780284407.86
1796.50	67721067358178.05
1797.50	67602180208568.20
1798.50	67503848596614.24
1799.50	67408194170900.34
1800.50	67312391717576.91
1801.50	67216441236643.93
1802.50	67120342728101.45
1803.50	67024096191949.45
1804.50	66927701628187.91
1805.50	66831159036816.84
1806.50	66734468417836.27
1807.50	66637629771246.16
1808.50	66540643097046.54
1809.50	66443508395237.37
1810.50	66346225665818.70
1811.50	66248794908790.49
1812.50	66162977815862.42
1813.50	66093276971202.69
1814.50	66023458999929.70
1815.50	65953523902043.48
1816.50	65883471677544.02
1817.50	65813302326431.32
1818.50	65743015848705.36
1819.50	65672612244366.16
1820.50	65602091513413.73
1821.50	65531453655848.05
1822.50	65460698671669.13
1823.50	65389826560876.96
1824.50	65318837323471.54
1825.50	65247730959452.90
1826.50	65175994111572.96
1827.50	65096092574789.15
1828.50	65016064542704.29
1829.50	64935910015318.40
1830.50	64855628992631.44
1831.50	64775221474643.46
1832.50	64694687461354.42
1833.50	64614026952764.36
1834.50	64533239948873.23
1835.50	64452326449681.05
1836.50	64371286455187.87
1837.50	64290119965393.62
1838.50	64208826980298.33
1839.50	64127407499901.99
1840.50	64045861524204.61
1841.50	63943779949113.67
1842.50	63835790173070.49
1843.50	63727645484112.27
1844.50	63619345882239.05
1845.50	63510891367450.80
1846.50	63402281939747.52
1847.50	63293517599129.23
1848.50	63184598345595.92
1849.50	63075524179147.59
1850.50	62966295099784.26
1851.50	62856911107505.88
1852.50	62747372202312.49
1853.50	62637678384204.09
1854.50	62527829653180.68
1855.50	62418633090380.58
1856.50	62309820828669.53
1857.50	62200855103933.20
1858.50	62091735916171.63
1859.50	61982463265384.81
1860.50	61873037151572.73
1861.50	61763457574735.40
1862.50	61653724534872.83
1863.50	61543838031984.99
1864.50	61433798066071.91
1865.50	61323604637133.57
1866.50	61213257745169.98
1867.50	61102757390181.15
1868.50	60992103572167.05
1869.50	60921696635837.50
1870.50	60891601411914.16
1871.50	60861439165927.76
1872.50	60831209897878.31
1873.50	60800913607765.83
1874.50	60770550295590.28
1875.50	60740119961351.70
1876.50	60709622605050.04
1877.50	60679058226685.35
1878.50	60648426826257.62
1879.50	60617728403766.84
1880.50	60586962959212.99
1881.50	60556130492596.11
1882.50	60525231003916.18
1883.50	60490422570675.81
1884.50	60451699073540.02
1885.50	60412900395227.83
1886.50	60374026535739.23
1887.50	60335077495074.23
1888.50	60296053273232.86
1889.50	60256953870215.07
1890.50	60217779286020.90
1891.50	60178529520650.30
1892.50	60139204574103.36
1893.50	60099804446379.98
1894.50	60060329137480.21
1895.50	60020778647404.06
1896.50	59981152976151.51
1897.50	59913996028123.64
1898.50	59826842481429.38
1899.50	59739563858332.54
1900.50	59652160158833.07
1901.50	59564631382931.02
1902.50	59476977530626.38
1903.50	59389198601919.12
1904.50	59301294596809.27
1905.50	59213265515296.82
1906.50	59125111357381.76
1907.50	59036832123064.11
1908.50	58948427812343.88
1909.50	58859898425221.03
1910.50	58771243961695.59
1911.50	58649601228284.80
1912.50	58516838905140.45
1913.50	58383905659303.84
1914.50	58250801490775.02
1915.50	58117526399553.98
1916.50	57984080385640.71
1917.50	57850463449035.22
1918.50	57716675589737.48
1919.50	57582716807747.53
1920.50	57448587103065.37
1921.50	57314286475690.96
1922.50	57179814925624.34
1923.50	57045172452865.51
1924.50	56911381984628.10
1925.50	56827571135139.15
1926.50	56743642515839.94
1927.50	56659596126730.48
1928.50	56575431967810.77
1929.50	56491150039080.84
1930.50	56406750340540.62
1931.50	56322232872190.19
1932.50	56237597634029.50
1933.50	56152844626058.55
1934.50	56067973848277.38
1935.50	55982985300685.95
1936.50	55897878983284.28
1937.50	55812654896072.36
1938.50	55753312327919.95
1939.50	55738170710275.20
1940.50	55722983820471.27
1941.50	55707751658508.14
1942.50	55692474224385.85
1943.50	55677151518104.40
1944.50	55661783539663.73
1945.50	55646370289063.91
1946.50	55630911766304.90
1947.50	55615407971386.70
1948.50	55599858904309.34
1949.50	55584264565072.80
1950.50	55568624953677.05
1951.50	55552940070122.15
1952.50	55507727125385.99
1953.50	55454597497439.49
1954.50	55401384369435.12
1955.50	55348087741372.87
1956.50	55294707613252.73
1957.50	55241243985074.73
1958.50	55187696856838.84
1959.50	55134066228545.07
1960.50	55080352100193.45
1961.50	55026554471783.91
1962.50	54972673343316.53
1963.50	54918708714791.25
1964.50	54864660586208.09
1965.50	54804132889133.50
1966.50	54729271530129.84
1967.50	54654305676432.00
1968.50	54579235328039.98
1969.50	54504060484953.80
1970.50	54428781147173.45
1971.50	54353397314698.94
1972.50	54277908987530.25
1973.50	54202316165667.38
1974.50	54126618849110.35
1975.50	54050817037859.12
1976.50	53974910731913.75
1977.50	53898899931274.20
1978.50	53822784635940.48
1979.50	53774884097294.34
1980.50	53729709896470.88
1981.50	53684462643293.69
1982.50	53639142337762.80
1983.50	53593748979878.18
1984.50	53548282569639.84
1985.50	53502743107047.80
1986.50	53457130592102.02
1987.50	53411445024802.53
1988.50	53365686405149.33
1989.50	53319854733142.41
1990.50	53273950008781.75
1991.50	53227972232067.40
1992.50	53179309225822.28
1993.50	53128678019288.92
1994.50	53077969239695.45
1995.50	53027182887041.87
1996.50	52976318961328.16
1997.50	52925377462554.31
1998.50	52874358390720.36
1999.50	52823261745826.28
2000.50	52772087527872.09
2001.50	52720835736857.77
2002.50	52669506372783.32
2003.50	52618099435648.76
2004.50	52566614925454.09
2005.50	52505320249205.25
2006.50	52425854465811.09
2007.50	52346283378208.91
2008.50	52266606986398.71
2009.50	52186825290380.49
2010.50	52106938290154.25
2011.50	52026945985720.01
2012.50	51946848377077.74
2013.50	51866645464227.45
2014.50	51786337247169.14
2015.50	51705923725902.81
2016.50	51625404900428.47
2017.50	51544780770746.10
2018.50	51469967374720.51
2019.50	51420288034755.42
2020.50	51370534242245.85
2021.50	51320705997191.75
2022.50	51270803299593.14
2023.50	51220826149450.02
2024.50	51170774546762.38
2025.50	51120648491530.23
2026.50	51070447983753.58
2027.50	51020173023432.41
2028.50	50969823610566.73
2029.50	50919399745156.53
2030.50	50868901427201.82
2031.50	50814937791687.00
2032.50	50736017781507.33
2033.50	50656995499724.84
2034.50	50577870946339.55
2035.50	50498644121351.46
2036.50	50419315024760.54
2037.50	50339883656566.83
2038.50	50260350016770.31
2039.50	50180714105370.98
2040.50	50100975922368.84
2041.50	50021135467763.89
2042.50	49941192741556.13
2043.50	49861147743745.57
2044.50	49781379339991.27
2045.50	49704288742357.73
2046.50	49627098961616.19
2047.50	49549809997766.66
2048.50	49472421850809.13
2049.50	49394934520743.63
2050.50	49317348007570.12
2051.50	49239662311288.62
2052.50	49161877431899.14
2053.50	49083993369401.66
2054.50	49006010123796.19
2055.50	48927927695082.73
2056.50	48849746083261.27
2057.50	48776923545851.88
2058.50	48725850772569.13
2059.50	48674705344768.99
2060.50	48623487262451.50
2061.50	48572196525616.63
2062.50	48520833134264.38
2063.50	48469397088394.78
2064.50	48417888388007.80
2065.50	48366307033103.43
2066.50	48314653023681.70
2067.50	48262926359742.59
2068.50	48211127041286.13
2069.50	48159255068312.29
2070.50	48106891183565.39
2071.50	48053740024075.40
2072.50	48000515115523.05
2073.50	47947216457908.31
2074.50	47893844051231.20
2075.50	47840397895491.71
2076.50	47786877990689.83
2077.50	47733284336825.58
2078.50	47679616933898.96
2079.50	47625875781909.95
2080.50	47572060880858.57
2081.50	47518172230744.81
2082.50	47464209831568.66
2083.50	47386770933970.55
2084.50	47294266227558.90
2085.50	47201650944474.70
2086.50	47108925084717.97
2087.50	47016088648288.70
2088.50	46923141635186.89
2089.50	46830084045412.55
2090.50	46736915878965.66
2091.50	46643637135846.23
2092.50	46550247816054.27
2093.50	46456747919589.75
2094.50	46363137446452.72
2095.50	46269416396643.14
2096.50	46220074732180.97
2097.50	46174535470835.06
2098.50	46128931765565.85
2099.50	46083263616373.29
2100.50	46037531023257.44
2101.50	45991733986218.26
2102.50	45945872505255.75
2103.50	45899946580369.95
2104.50	45853956211560.80
2105.50	45807901398828.34
2106.50	45761782142172.55
2107.50	45715598441593.47
2108.50	45669782102375.38
2109.50	45624863299635.77
2110.50	45579881374215.64
2111.50	45534836326115.07
2112.50	45489728155334.03
2113.50	45444556861872.52
2114.50	45399322445730.53
2115.50	45354024906908.08
2116.50	45308664245405.14
2117.50	45263240461221.73
2118.50	45217753554357.86
2119.50	45172203524813.52
2120.50	45126590372588.70
2121.50	45087112743287.33
2122.50	45049430251193.84
2123.50	45011692225568.22
2124.50	44973898666410.46
2125.50	44936049573720.56
2126.50	44898144947498.54
2127.50	44860184787744.35
2128.50	44822169094458.05
2129.50	44784097867639.62
2130.50	44745971107289.02
2131.50	44707788813406.32
2132.50	44669550985991.47
2133.50	44616277094209.08
2134.50	44527962670119.20
2135.50	44439545901995.40
2136.50	44351026789837.66
2137.50	44262405333646.01
2138.50	44173681533420.42
2139.50	44084855389160.91
2140.50	43995926900867.47
2141.50	43906896068540.11
2142.50	43817762892178.81
2143.50	43728527371783.59
2144.50	43639189507354.45
2145.50	43549749298891.37
2146.50	43473493888355.34
2147.50	43398463239224.55
2148.50	43323343850769.73
2149.50	43248135722990.88
2150.50	43172838855887.98
2151.50	43097453249461.10
2152.50	43021978903710.18
2153.50	42946415818635.23
2154.50	42870763994236.26
2155.50	42795023430513.26
2156.50	42719194127466.23
2157.50	42643276085095.18
2158.50	42595307725132.87
2159.50	42566769959146.64
2160.50	42538187486960.05
2161.50	42509560308573.07
2162.50	42480888423985.73
2163.50	42452171833198.02
2164.50	42423410536209.92
2165.50	42394604533021.44
2166.50	42365753823632.59
2167.50	42336858408043.38
2168.50	42307918286253.77
2169.50	42278933458263.81
2170.50	42255988046799.73
2171.50	42244307826145.15
2172.50	42232598916989.14
2173.50	42220861319331.72
2174.50	42209095033172.87
2175.50	42197300058512.61
2176.50	42185476395350.92
2177.50	42173624043687.80
2178.50	42161743003523.27
2179.50	42149833274857.32
2180.50	42137894857689.95
2181.50	42125927752021.15
2182.50	42108400675494.84
2183.50	42061787303849.29
2184.50	42015113563963.74
2185.50	41968379455838.19
2186.50	41921584979472.62
2187.50	41874730134867.07
2188.50	41827814922021.52
2189.50	41780839340935.95
2190.50	41733803391610.38
2191.50	41686707074044.81
2192.50	41639550388239.26
2193.50	41592333334193.68
2194.50	41545092411204.88
2195.50	41498363236126.83
2196.50	41451574247214.45
2197.50	41404725444467.74
2198.50	41357816827886.69
2199.50	41310848397471.30
2200.50	41263820153221.55
2201.50	41216732095137.48
2202.50	41169584223219.06
2203.50	41122376537466.31
2204.50	41075109037879.23
2205.50	41027781724457.79
2206.50	40980345666423.58
2207.50	40930451055448.73
2208.50	40880494413065.16
2209.50	40830475739272.91
2210.50	40780395034071.93
2211.50	40730252297462.23
2212.50	40680047529443.84
2213.50	40629780730016.74
2214.50	40579451899180.94
2215.50	40529061036936.43
2216.50	40478608143283.20
2217.50	40428093218221.26
2218.50	40377781213432.56
2219.50	40332443767186.12
2220.50	40287049066662.96
2221.50	40241597111863.04
2222.50	40196087902786.39
2223.50	40150521439433.00
2224.50	40104897721802.88
2225.50	40059216749896.02
2226.50	40013478523712.43
2227.50	39967683043252.10
2228.50	39921830308515.02
2229.50	39875920319501.21
2230.50	39827661560406.92
2231.50	39765260727206.02
2232.50	39702787963225.35
2233.50	39640243268464.88
2234.50	39577626642924.63
2235.50	39514938086604.59
2236.50	39452177599504.77
2237.50	39389345181625.16
2238.50	39326440832965.77
2239.50	39263464553526.58
2240.50	39200416343307.60
2241.50	39137296202308.84
2242.50	39075493295518.63
2243.50	39016862527298.24
2244.50	38958163958108.52
2245.50	38899397587949.41
2246.50	38840563416821.00
2247.50	38781661444723.23
2248.50	38722691671656.12
2249.50	38663654097619.68
2250.50	38604548722613.88
2251.50	38545375546638.73
2252.50	38486134569694.26
2253.50	38426825791780.44
2254.50	38368998307974.41
2255.50	38312478732573.26
2256.50	38255893949080.02
2257.50	38199243957494.72
2258.50	38142528757817.35
2259.50	38085748350047.90
2260.50	38028902734186.38
2261.50	37971991910232.77
2262.50	37915015878187.09
2263.50	37857974638049.35
2264.50	37800868189819.53
2265.50	37743696533497.63
2266.50	37714764352922.60
2267.50	37692007905424.23
2268.50	37669216709050.31
2269.50	37646390763800.84
2270.50	37623530069675.82
2271.50	37600634626675.23
2272.50	37577704434799.09
2273.50	37554739494047.40
2274.50	37531739804420.14
2275.50	37508705365917.34
2276.50	37485636178538.98
2277.50	37459119142547.14
2278.50	37415893086126.09
2279.50	37372614650043.72
2280.50	37329283834300.05
2281.50	37285900638895.07
2282.50	37242465063828.76
2283.50	37198977109101.15
2284.50	37155436774712.23
2285.50	37111844060661.97
2286.50	37068198966950.43
2287.50	37024501493577.55
2288.50	36980751640543.38
2289.50	36933150523737.13
2290.50	36882852653177.02
2291.50	36832496778333.06
2292.50	36782082899205.29
2293.50	36731611015793.69
2294.50	36681081128098.24
2295.50	36630493236118.97
2296.50	36579847339855.86
2297.50	36529143439308.93
2298.50	36478381534478.16
2299.50	36427561625363.57
2300.50	36377866701566.84
2301.50	36343838495733.62
2302.50	36309766977945.57
2303.50	36275652148202.72
2304.50	36241494006505.05
2305.50	36207292552852.56
2306.50	36173047787245.26
2307.50	36138759709683.15
2308.50	36104428320166.22
2309.50	36070053618694.48
2310.50	36035635605267.93
2311.50	36001174279886.55
2312.50	35955248252029.68
2313.50	35901963676053.46
2314.50	35848619594746.42
2315.50	35795216008108.55
2316.50	35741752916139.84
2317.50	35688230318840.32
2318.50	35634648216209.95
2319.50	35581006608248.77
2320.50	35527305494956.74
2321.50	35473544876333.90
2322.50	35419724752380.22
2323.50	35365096968895.12
2324.50	35307755347762.20
2325.50	35250351294075.79
2326.50	35192884807835.91
2327.50	35135355889042.56
2328.50	35077764537695.72
2329.50	35020110753795.41
2330.50	34962394537341.62
2331.50	34904615888334.34
2332.50	34846774806773.60
2333.50	34788871292659.38
2334.50	34730905345991.68
2335.50	34693033566982.32
2336.50	34658129811875.29
2337.50	34623183464511.08
2338.50	34588194524889.69
2339.50	34553162993011.10
2340.50	34518088868875.32
2341.50	34482972152482.35
2342.50	34447812843832.19
2343.50	34412610942924.84
2344.50	34377366449760.30
2345.50	34342079364338.58
2346.50	34304902595388.21
2347.50	34266449740883.23
2348.50	34227951670225.51
2349.50	34189408383415.07
2350.50	34150819880451.88
2351.50	34112186161335.95
2352.50	34073507226067.28
2353.50	34034783074645.87
2354.50	33996013707071.73
2355.50	33957199123344.85
2356.50	33918339323465.24
2357.50	33875929265724.87
2358.50	33827986448136.31
2359.50	33779990789973.85
2360.50	33731942291237.52
2361.50	33683840951927.29
2362.50	33635686772043.17
2363.50	33587479751585.17
2364.50	33539219890553.28
2365.50	33490907188947.50
2366.50	33442541646767.82
2367.50	33394123264014.27
2368.50	33344931625547.32
2369.50	33293131260641.56
2370.50	33241275290024.24
2371.50	33189363713695.38
2372.50	33137396531654.98
2373.50	33085373743903.03
2374.50	33033295350439.54
2375.50	32981161351264.50
2376.50	32928971746377.91
2377.50	32876726535779.78
2378.50	32824425719470.11
2379.50	32777050262908.40
2380.50	32762971549549.66
2381.50	32748869434823.90
2382.50	32734743918731.15
2383.50	32720595001271.40
2384.50	32706422682444.63
2385.50	32692226962250.88
2386.50	32678007840690.11
2387.50	32663765317762.34
2388.50	32649499393467.56
2389.50	32635210067805.80
2390.50	32624249915759.56
2391.50	32651839907823.61
2392.50	32679441559961.59
2393.50	32707054872173.52
2394.50	32734679844459.38
2395.50	32762316476819.18
2396.50	32789964769252.91
2397.50	32817624721760.57
2398.50	32845296334342.17
2399.50	32872979606997.71
