# λ (nm)	photon flux (γ/s/cm^2/nm)
0.5	16153.793165486191
1.5	1578047.7489452146
2.5	4241080.339937564
3.5	5992974.1768405745
4.5	10412362.98691533
5.5	20515457.676620826
6.5	51636238.13961023
7.5	49099221.601200014
8.5	54960547.16466902
9.5	53628282.84292023
10.5	44831322.99849468
11.5	34519554.218145005
12.5	18636274.832079463
13.5	21770049.105295915
14.5	49445299.89450137
15.5	42839881.524694905
16.5	76527088.40146191
17.5	564279728.0161418
18.5	449978988.1710762
19.5	326361198.510035
20.5	208889712.16266206
21.5	151574549.03511387
22.5	256000716.37309995
23.5	161489488.10150138
24.5	198047253.0329416
25.5	344874497.3713243
26.5	84242984.07075757
27.5	133518012.95977189
28.5	84441255.97209172
29.5	91846279.4251387
30.5	2877810140.4930043
31.5	207227336.1771797
32.5	63923964.78099907
33.5	95412327.53218208
34.5	234169628.13065046
35.5	170707113.34802285
36.5	364491843.7769821
37.5	19260422.435641803
38.5	25824944.768747903
39.5	16218256.090384135
40.5	59673113.434277825
41.5	33286533.453360565
42.5	42806473.38560059
43.5	101498490.26787266
44.5	51640197.91140903
45.5	61081850.62208451
46.5	182962163.86515495
47.5	76135193.4479733
48.5	115467027.32263
49.5	132127904.48799667
50.5	162895376.1120446
51.5	60913014.84832014
52.5	64246502.78738196
53.5	85367344.04376183
54.5	50898308.95430629
55.5	345958529.6163846
56.5	74323147.39644836
57.5	60027007.11534223
58.5	546225222.098361
59.5	93249439.42783497
60.5	205155431.7583836
61.5	161703875.7449085
62.5	469274818.5947949
63.5	428368114.2983449
64.5	52569126.95022689
65.5	49357801.86138618
66.5	54502369.31540015
67.5	43577507.24578992
68.5	106638952.79173866
69.5	70324423.98422503
70.5	181001094.8206953
71.5	65427439.58522746
72.5	57348016.12302073
73.5	42629569.49021079
74.5	66552679.78386232
75.5	95193481.56058137
76.5	262058825.71685782
77.5	231534418.37819332
78.5	334322513.9404969
79.5	230429609.87277701
80.5	174582898.5763163
81.5	184462081.96253234
82.5	221972439.63324028
83.5	564409104.7090397
84.5	319782067.6585542
85.5	395876328.22972757
86.5	452935078.80165267
87.5	556019795.3787841
88.5	660191022.0877601
89.5	753300737.8696975
90.5	914775330.8784981
91.5	792225020.324112
92.5	286524248.4010079
93.5	308919974.6670393
94.5	222319592.89691466
95.5	183007356.83112857
96.5	132101611.5215802
97.5	2493530238.9013977
98.5	291706621.8378904
99.5	425852430.01583105
100.5	188655149.0363649
101.5	255361569.86894014
102.5	2020884650.1725845
103.5	1944661108.1752255
104.5	309475285.49820083
105.5	301603692.36839306
106.5	333017958.91012
107.5	383900298.1320989
108.5	547620938.8311919
109.5	429286625.0032225
110.5	511681535.6452321
111.5	475484228.55874056
112.5	503758147.6202924
113.5	326745615.499486
114.5	418028965.4873708
115.5	460970383.25897425
116.5	596937720.2977277
117.5	1963216435.41125
118.5	802385188.2755916
119.5	1304848967.8996327
120.5	3568716525.813283
121.5	159460650946.65656
122.5	1643341630.6159732
123.5	1068859933.5033127
124.5	770700719.6177253
125.5	704752223.4626476
126.5	941965683.8050413
127.5	521530515.0275257
128.5	420105650.5963165
129.5	468329537.44330317
130.5	4092593977.2696543
131.5	688725929.4062808
132.5	548926231.969187
133.5	4855128430.28235
134.5	522373949.01252335
135.5	1194843151.7725296
136.5	746859990.1314234
137.5	815983089.3422841
138.5	817134167.1285034
139.5	2046626075.7830899
140.5	1824997395.3134568
141.5	1159277680.9744518
142.5	1269710011.7722054
143.5	1457639346.0480518
144.5	1431922004.2113607
145.5	1543710442.5999777
146.5	1914991002.0440824
147.5	2414367421.6278796
148.5	2490462919.3502274
149.5	2251527393.624764
150.5	2542766412.718938
151.5	2761426738.3094244
152.5	3431326867.81019
153.5	3825586759.0789633
154.5	6386973206.54359
155.5	5800340023.85307
156.5	5961069974.523376
157.5	5371700252.531202
158.5	5412689654.430968
159.5	5401060071.762182
160.5	6050402070.242716
161.5	7213204677.915768
162.5	8370166572.713443
163.5	8971109529.023565
164.5	10397621866.29101
165.5	16726864503.33997
166.5	11552533333.082565
167.5	13591770056.383902
168.5	15275823478.780247
169.5	20210122349.177856
170.5	23352041996.897934
171.5	23669426167.764256
172.5	25996525009.7016
173.5	26562635143.987244
174.5	32729933736.214294
175.5	40305440462.22411
176.5	44001550483.257706
177.5	53359150426.58807
178.5	59813601135.234604
179.5	59921323413.59629
180.5	76400432405.76022
181.5	90424911173.54707
182.5	88743271156.5404
183.5	95461112554.59927
184.5	83352874850.43228
185.5	95528701659.57657
186.5	110956598756.3854
187.5	125263179916.47285
188.5	135493769275.0088
189.5	149161839796.10587
190.5	159115742182.16687
191.5	170980995790.62402
192.5	183337912965.13513
193.5	143942602661.59128
194.5	236351871206.83347
195.5	231671876851.56805
196.5	262917997035.30988
197.5	269590681776.89072
198.5	274157535076.67706
199.5	298443764176.7425
200.5	326770746078.1883
201.5	367212573375.38214
202.5	364419083143.1768
203.5	424414282244.6247
204.5	471312161895.20953
205.5	485821835161.12683
206.5	506427266089.5435
207.5	589126107158.8225
208.5	680180937553.5779
209.5	990079070268.9275
210.5	1303120630879.0522
211.5	1582404903855.4863
212.5	1505591708137.6147
213.5	1367402289099.6672
214.5	1955379682655.4314
215.5	1602615393817.2764
216.5	1555493550969.6064
217.5	1510463484965.9412
218.5	2146947414674.6416
219.5	2259149332778.101
220.5	2241564444203.9463
221.5	1606193558498.3955
222.5	2372739906874.0415
223.5	3022864892926.8545
224.5	2790813144041.7446
225.5	2469066676193.8545
226.5	1735342006481.5444
227.5	1771289187267.9253
228.5	2555686215587.3086
229.5	2177804913072.8506
230.5	2659178507833.6562
231.5	2297851886189.6255
232.5	2494846777725.551
233.5	2102509539189.4624
234.5	1710662927682.6875
235.5	2763695922028.293
236.5	2131817424366.7021
237.5	2596477125737.2827
238.5	1789200244312.5525
239.5	2229993365050.676
240.5	2057074526406.8809
241.5	2410271510581.422
242.5	3645553788980.7144
243.5	3336314075319.289
244.5	3181438912157.597
245.5	2515187073580.7627
246.5	2524941030509.7227
247.5	2927470398028.632
248.5	2267536597983.337
249.5	2906950445913.111
250.5	3072727296245.249
251.5	2380756433936.876
252.5	2115257449805.3494
253.5	2723907242512.141
254.5	3051029399345.861
255.5	4352918969837.225
256.5	5267490936996.663
257.5	6585557823355.422
258.5	7009665272530.62
259.5	5880227083298.517
260.5	4771186963496.944
261.5	4680570950622.454
262.5	5972604080147.96
263.5	8790559709281.764
264.5	13833361070974.19
265.5	14446988481837.918
266.5	14132484444888.621
267.5	14171562367339.111
268.5	14221388063546.156
269.5	12712055953396.096
270.5	16117337320350.035
271.5	13488675880452.338
272.5	10703188814371.953
273.5	12322573856447.754
274.5	7225594373087.328
275.5	10441142796098.74
276.5	14643481581725.098
277.5	14529255915254.63
278.5	9583971715637.14
279.5	4496250620459.565
280.5	5248901809911.6455
281.5	12566288542153.277
282.5	17614057753366.758
283.5	19658101165357.176
284.5	15128243054204.97
285.5	7652810912644.106
286.5	20735332038964.043
287.5	22739494485987.22
288.5	18724631352978.15
289.5	28029334782845.367
290.5	37631802977312.34
291.5	35070339626207.645
292.5	30765519543666.113
293.5	34898091468313.49
294.5	31508931025556.2
295.5	35323407347564.266
296.5	31681156602956.13
297.5	33920394178671.668
298.5	25164116565614.492
299.5	35332264684509.58
300.5	23240553248778.184
301.5	31735641028757.66
302.5	31046309830557.19
303.5	40861262381838.24
304.5	38557734705937.94
305.5	40534717818885.055
306.5	36390430873909.9
307.5	42164247578486.78
308.5	42479845800123.8
309.5	32055331139189.062
310.5	41044386778631.5
311.5	46924442971073.56
312.5	43719368422966.336
313.5	45624655507431.375
314.5	44466638971427.22
315.5	41515639568447.5
316.5	43829299856129.65
317.5	49262216218407.35
318.5	45466962939940.305
319.5	48405641841980.45
320.5	51595983489748.195
321.5	48779750725249.516
322.5	46223598957667.98
323.5	46522213804572.695
324.5	52606390897653.45
325.5	60830211073812.61
326.5	67312038804159.45
327.5	66337581649122.69
328.5	66485711737386.8
329.5	71862933990098.05
330.5	71945033317682.45
331.5	68703570831598.39
332.5	67271832187311.43
333.5	66627113866494.98
334.5	68304381452308.52
335.5	66696385973095.31
336.5	61217209261633.96
337.5	62197783991171.55
338.5	67037706617475.05
339.5	71268553481148.58
340.5	72408316010458.64
341.5	71500963959563.31
342.5	72665416334279.88
343.5	69313554319079.66
344.5	65245228784845.01
345.5	67839925681171.54
346.5	70174332399217.336
347.5	69235688463276.06
348.5	68941753832113.59
349.5	71749634153020.0
350.5	76091717407672.23
351.5	75697620687699.69
352.5	74695088059414.3
353.5	79718812878079.42
354.5	83829665590801.05
355.5	80987384449941.66
356.5	73093640682319.36
357.5	65050323717565.89
358.5	64978991532722.625
359.5	72660632840288.48
360.5	75869595629319.55
361.5	75784273695251.03
362.5	77512732118998.7
363.5	80451383348924.42
364.5	85056325258123.3
365.5	91416570702174.36
366.5	95843622597931.14
367.5	95978026040844.31
368.5	95343346724070.36
369.5	96643733548153.19
370.5	96204721596105.84
371.5	93463186964250.28
372.5	86627935632450.42
373.5	80807658689443.97
374.5	79757219308130.77
375.5	84525895007201.14
376.5	93458692852432.06
377.5	100749692395393.69
378.5	102596229942757.34
379.5	99919878714225.0
380.5	94825637153868.08
381.5	85480454217288.8
382.5	75681030919746.47
383.5	71504240046440.31
384.5	75595952993132.95
385.5	81254720791043.62
386.5	84036511543428.69
387.5	85719337125404.97
388.5	89695271887064.2
389.5	97044445576821.06
390.5	101580578837793.31
391.5	97291607782777.16
392.5	87523058640718.36
393.5	81865518347186.67
394.5	83304565906896.2
395.5	87552692798151.7
396.5	92281075992935.42
397.5	102054395072977.12
398.5	118119822299098.17
399.5	134555652514076.89
400.5	146109849741605.97
401.5	151038361395187.47
402.5	152218316015160.34
403.5	151342651896522.9
404.5	149355343484415.8
405.5	147572977149976.75
406.5	147792223499723.0
407.5	148752584372905.62
408.5	150491398050793.66
409.5	152433679221575.97
410.5	153924029255802.06
411.5	156937178833071.06
412.5	158838814660007.34
413.5	160558092468325.06
414.5	161330248471835.0
415.5	160776272394346.44
416.5	160461854766648.4
417.5	159104139768806.72
418.5	159028729455856.34
419.5	159210118039688.25
420.5	159533519859888.25
421.5	160228499610895.66
422.5	159349421210802.6
423.5	158694512899463.53
424.5	157849218549203.66
425.5	156624040839728.25
426.5	154730361383353.56
427.5	150106084285778.44
428.5	145349467989538.53
429.5	141880103604411.6
430.5	141418923169321.25
431.5	145376433739807.94
432.5	151671624407954.44
433.5	158259232195762.47
434.5	163876463401738.75
435.5	167180743150867.34
436.5	168891862467429.1
437.5	169172271320436.88
438.5	169927766285886.88
439.5	171952319656168.03
440.5	175032645880039.44
441.5	179213193259889.34
442.5	182921377352465.06
443.5	185387468483295.66
444.5	187294513753333.8
445.5	188710277907274.78
446.5	190856225333342.3
447.5	194299641664951.2
448.5	197493089145630.1
449.5	199885337674964.44
450.5	201676446562536.78
451.5	201898703549480.2
452.5	201190916934226.66
453.5	200961182267156.16
454.5	201369161308674.06
455.5	202040962833979.53
456.5	203244914307955.7
457.5	204642222103054.38
458.5	205766097308978.75
459.5	206702705609635.1
460.5	207687524348922.03
461.5	208376657345471.9
462.5	208599260041482.56
463.5	208252566305697.7
464.5	207543190653705.7
465.5	206752908956492.44
466.5	205813325939376.16
467.5	205456936828045.78
468.5	205779519020843.2
469.5	206389499590071.4
470.5	207417383980463.7
471.5	208891754695617.7
472.5	210425811358716.03
473.5	211821677239364.28
474.5	213241959101874.2
475.5	214616894413600.66
476.5	215804949567661.9
477.5	216981544869174.16
478.5	218040189921486.75
479.5	218580969083168.28
480.5	218430666423665.0
481.5	216760395602628.1
482.5	214207324805026.75
483.5	211115334167246.88
484.5	208001245885736.7
485.5	205421323843401.72
486.5	203870039486789.44
487.5	203844971030160.44
488.5	205001081901348.94
489.5	206807476786905.78
490.5	208776391026387.7
491.5	210699818824158.72
492.5	212353849030092.47
493.5	213422939305826.94
494.5	214157444972337.62
495.5	214280598939028.12
496.5	213943769606515.66
497.5	213480244431927.0
498.5	212774298200346.28
499.5	212069314489656.62
500.5	211628529236000.0
501.5	211534756454928.2
502.5	211911194984065.5
503.5	212650767641406.34
504.5	213627607966477.9
505.5	214631396629004.94
506.5	215476650300308.56
507.5	215929354113455.25
508.5	216038668297354.78
509.5	215837319774043.8
510.5	215183958827076.4
511.5	213725606786774.22
512.5	211664317640937.66
513.5	209654276861980.22
514.5	207838011813853.25
515.5	206247749412625.06
516.5	204974483810308.44
517.5	204255620872732.9
518.5	205076715431599.9
519.5	206474807649334.12
520.5	207969524836658.44
521.5	209464052509563.06
522.5	211066610129612.53
523.5	212831603171569.47
524.5	214430069074594.34
525.5	215571336248453.16
526.5	216366359376456.5
527.5	217193097143663.28
528.5	218514778129335.38
529.5	219692033037241.47
530.5	220649663483099.16
531.5	221353636724077.72
532.5	221843416711647.12
533.5	222219069746153.53
534.5	222417354362205.6
535.5	222397571667502.16
536.5	222112399324980.4
537.5	221808873860781.1
538.5	221572704556041.97
539.5	221476400715317.0
540.5	221509776604886.75
541.5	221680686549708.03
542.5	221975913319308.53
543.5	222399632561903.97
544.5	222909148896068.66
545.5	223390052481003.28
546.5	223794231725986.4
547.5	224315791050099.06
548.5	224750717587550.72
549.5	225088351543816.4
550.5	225223152433021.56
551.5	225180290597097.3
552.5	225038353248331.38
553.5	224904780909757.72
554.5	224756233067857.78
555.5	224581187645315.66
556.5	224332803274414.7
557.5	224093437296362.25
558.5	223911773639000.34
559.5	223949845329825.88
560.5	224127063878783.44
561.5	224359335827129.22
562.5	224527258309315.0
563.5	224803596519974.22
564.5	225158694276385.03
565.5	225663661603011.84
566.5	226167483488209.4
567.5	226669957404702.1
568.5	227123972202977.94
569.5	227564174783414.72
570.5	227984999284586.5
571.5	228457966407861.4
572.5	228953666513573.4
573.5	229436957639253.66
574.5	229857743158376.8
575.5	230198539063305.75
576.5	230445875242899.44
577.5	230663148832360.1
578.5	230848275258981.94
579.5	230888385774491.97
580.5	230757598871149.44
581.5	230539065237152.47
582.5	230288994105029.94
583.5	229977466523399.78
584.5	229656255682107.22
585.5	229320213695294.72
586.5	229010772105992.62
587.5	228715330957727.88
588.5	228544143009471.25
589.5	228422310379879.03
590.5	228518527514918.22
591.5	228628477752840.94
592.5	228760553159727.7
593.5	228905429195682.72
594.5	229058614059721.2
595.5	229217776734636.44
596.5	229377768274155.72
597.5	229507007356368.12
598.5	229609194628883.8
599.5	229582321878401.7
600.5	229515523914685.22
601.5	229368817921364.94
602.5	229210237727957.25
603.5	229038439476167.12
604.5	228778739023891.25
605.5	228459447379052.78
606.5	228045821956710.5
607.5	227593740257164.78
608.5	227155812512758.78
609.5	226719180095525.38
610.5	226342772479868.53
611.5	225970911548365.44
612.5	225584216693424.28
613.5	225195044122515.97
614.5	224853908132038.22
615.5	224520228150166.38
616.5	224418919012214.9
617.5	224326324940366.06
618.5	224392736077816.56
619.5	224453222408657.4
620.5	224434824726741.06
621.5	224414556232470.16
622.5	224377584866576.2
623.5	224339678515572.0
624.5	224334596267986.9
625.5	224328345439873.12
626.5	224354843919217.97
627.5	224381697596521.47
628.5	224299133940698.78
629.5	224201755358391.66
630.5	224073763131765.8
631.5	223936930969322.4
632.5	223832382589168.03
633.5	223741611043696.44
634.5	223658104360040.6
635.5	223579771021797.03
636.5	223454017302360.94
637.5	223265604777035.72
638.5	223078105715836.94
639.5	222895979080008.28
640.5	222714725637441.6
641.5	222557494052665.12
642.5	222398688183594.78
643.5	221967494539263.4
644.5	221500361576622.9
645.5	221006410193586.66
646.5	220498411258648.8
647.5	220007822767794.7
648.5	219540211788246.8
649.5	219083937882454.12
650.5	218684254400239.78
651.5	218282304983621.66
652.5	217914836928285.88
653.5	217548855491742.16
654.5	217293946408586.22
655.5	217106736682601.16
656.5	217035128872505.94
657.5	217236144589861.2
658.5	217436766151966.66
659.5	217740991103618.84
660.5	218048358578990.88
661.5	218339358797576.44
662.5	218619804783691.4
663.5	218890924056161.28
664.5	219131096850318.72
665.5	219370999574850.22
666.5	219583858785333.84
667.5	219791260230605.34
668.5	219931322212046.6
669.5	219978192198699.78
670.5	220024219400385.25
671.5	219882914114966.94
672.5	219736399022364.53
673.5	219575860746889.53
674.5	219401738489373.44
675.5	219226200904070.78
676.5	219051372065938.9
677.5	218875066899660.25
678.5	218684793656229.5
679.5	218481459423140.47
680.5	218276578051015.28
681.5	218063394948388.12
682.5	217848644884005.78
683.5	217633067258463.47
684.5	217416867266858.72
685.5	217199105230706.97
686.5	216957250478877.0
687.5	216710396487164.53
688.5	216458394900203.56
689.5	216195241561642.4
690.5	215930412966760.62
691.5	215666871966498.0
692.5	215403261967665.97
693.5	215138128350981.53
694.5	214885059857127.34
695.5	214630369219863.6
696.5	214379107388067.53
697.5	214136056776997.06
698.5	213891426680756.8
699.5	213653100119380.72
700.5	213417467383139.78
701.5	213180289837134.72
702.5	212953625009670.16
703.5	212726220424948.28
704.5	212493026672929.72
705.5	212241164666375.0
706.5	211987733603911.9
707.5	211733378692525.5
708.5	211478313032381.16
709.5	211221682557971.94
710.5	210960631390279.22
711.5	210696467423878.75
712.5	210430726275415.97
713.5	210162496297501.56
714.5	209892499597441.94
715.5	209620922636496.3
716.5	209360011494628.66
717.5	209097678145350.5
718.5	208839189774200.7
719.5	208615297181046.34
720.5	208389974281943.38
721.5	208166330147656.62
722.5	207951123362254.28
723.5	207734522180706.53
724.5	207516413474511.66
725.5	207296669329998.75
726.5	207075529813421.7
727.5	206861354438699.84
728.5	206659464628367.4
729.5	206456239923553.97
730.5	206262824304598.88
731.5	206084162713947.44
732.5	205904240644803.7
733.5	205718579180925.16
734.5	205525451423648.25
735.5	205331034110615.78
736.5	205138973934971.56
737.5	204951111573126.03
738.5	204761984412436.9
739.5	204589477184170.3
740.5	204449012942585.03
741.5	204307422101567.16
742.5	204173696764757.94
743.5	204062022743375.7
744.5	203949308626684.3
745.5	203835519503074.7
746.5	203720519511059.06
747.5	203604478872795.62
748.5	203486288026868.34
749.5	203340388518831.8
750.5	203193374245548.3
751.5	203045245207017.9
752.5	202908503723083.78
753.5	202772227986664.75
754.5	202634874820680.88
755.5	202477878888311.34
756.5	202311789274768.62
757.5	202144552021443.4
758.5	201966679453734.0
759.5	201777746283655.75
760.5	201587614418814.72
761.5	201395452698809.44
762.5	201199454636800.97
763.5	201002248784380.88
764.5	200803835141549.06
765.5	200624568410180.72
766.5	200444777417784.88
767.5	200263833459872.88
768.5	200102235492326.5
769.5	199949647545819.97
770.5	199795986257626.88
771.5	199642054233830.12
772.5	199488543435159.84
773.5	199333965239482.78
774.5	199178319646799.0
775.5	199011693801528.06
776.5	198843874735210.25
777.5	198674962448583.6
778.5	198504466560470.22
779.5	198332548851515.66
780.5	198159535822568.25
781.5	197984030420618.78
782.5	197801462644740.66
783.5	197617780731440.2
784.5	197432984680717.34
785.5	197222091234937.9
786.5	197001230964387.8
787.5	196779170595475.94
788.5	196551339802079.7
789.5	196309924838915.75
790.5	196067266842364.6
791.5	195823365812426.1
792.5	195601362618395.34
793.5	195385095720387.66
794.5	195167661632720.12
795.5	194953389467510.38
796.5	194752472329998.4
797.5	194550435324578.0
798.5	194347278451249.2
799.5	194125114938938.62
800.5	193892965892391.25
801.5	193659630194512.7
802.5	193426864524257.12
803.5	193213143562252.22
804.5	192998290674117.22
805.5	192782305859852.1
806.5	192579344381437.25
807.5	192392608407388.56
808.5	192204818513750.94
809.5	192015974700524.3
810.5	191811968529127.25
811.5	191603342162565.22
812.5	191393618358713.47
813.5	191181107905439.25
814.5	190953811799556.72
815.5	190725380502299.84
816.5	190495814013668.53
817.5	190277517992711.38
818.5	190076748381865.75
819.5	189874919455236.3
820.5	189672031212823.0
821.5	189488451448144.16
822.5	189314842578254.34
823.5	189140250680023.06
824.5	188964675753450.3
825.5	188765311607659.8
826.5	188561795476825.16
827.5	188357233528730.88
828.5	188146362592306.44
829.5	187864423746740.28
830.5	187581257579609.9
831.5	187296864090915.34
832.5	187005007052337.78
833.5	186692135932534.28
834.5	186377975066458.6
835.5	186062524454110.84
836.5	185756464169407.78
837.5	185467346403679.0
838.5	185177007905580.38
839.5	184885448675111.9
840.5	184566009608013.84
841.5	184215188210808.06
842.5	183863011110385.53
843.5	183509478306746.3
844.5	183135961708871.03
845.5	182745158127428.1
846.5	182352917145989.66
847.5	181959238764555.62
848.5	181609658141635.88
849.5	181291760046358.78
850.5	180972609604460.28
851.5	180652206815940.38
852.5	180398333561188.2
853.5	180190524893922.22
854.5	179981733403889.44
855.5	179771959091089.9
856.5	179603381431478.22
857.5	179465776197149.1
858.5	179327360934170.28
859.5	179188135642541.66
860.5	179055539309880.9
861.5	178929305807043.75
862.5	178802296177358.66
863.5	178674510420825.66
864.5	178578979336640.25
865.5	178526584202243.38
866.5	178473590652536.1
867.5	178419998687518.38
868.5	178392382966409.2
869.5	178420766198986.88
870.5	178448742255885.78
871.5	178476311137105.97
872.5	178496885617147.3
873.5	178484839801130.03
874.5	178472297987920.4
875.5	178459260177518.44
876.5	178445726369924.22
877.5	178385764628556.0
878.5	178325202201820.9
879.5	178264039089719.0
880.5	178202275292250.22
881.5	178139844218134.44
882.5	178076794586004.8
883.5	178013144077259.94
884.5	177948892691899.7
885.5	177872771028718.22
886.5	177787158506740.8
887.5	177700899656017.7
888.5	177613994476548.9
889.5	177513153807954.4
890.5	177379064822635.53
891.5	177244226473852.56
892.5	177108638761605.62
893.5	176972301685894.72
894.5	176811490865287.94
895.5	176649877636205.6
896.5	176487461998647.66
897.5	176324243952614.16
898.5	176140840237148.56
899.5	175947033362643.47
900.5	175752359682912.16
901.5	175556819197954.56
902.5	175368577829593.1
903.5	175197683653054.5
904.5	175025981046211.1
905.5	174853470009062.88
906.5	174680150541609.88
907.5	174516852261048.3
908.5	174353585447801.6
909.5	174189535867610.25
910.5	174024703520474.25
911.5	173855399607948.47
912.5	173681756806637.97
913.5	173507315367975.47
914.5	173332075291961.06
915.5	173155070945145.2
916.5	172964422708092.12
917.5	172772945697666.22
918.5	172580639913867.44
919.5	172387505356695.78
920.5	172207549970192.0
921.5	172036541154871.47
922.5	171864755151790.4
923.5	171692191960948.62
924.5	171519831550144.1
925.5	171356615352616.38
926.5	171192645522830.66
927.5	171027922060786.97
928.5	170862444966485.3
929.5	170683307749164.8
930.5	170493237404625.53
931.5	170302363837069.97
932.5	170110687046498.1
933.5	169918207032909.9
934.5	169725604015953.97
935.5	169532199231775.44
936.5	169337992680374.5
937.5	169142984361750.94
938.5	168960144447447.47
939.5	168795214686805.94
940.5	168629550574103.88
941.5	168463152109341.2
942.5	168296019292517.97
943.5	168156504587748.97
944.5	168023411260137.62
945.5	167889658706231.78
946.5	167755246926031.4
947.5	167620866450505.3
948.5	167489745344917.7
949.5	167357974730269.88
950.5	167225554606561.97
951.5	167092484973793.94
952.5	166958765831965.8
953.5	166817852577227.66
954.5	166674207201379.84
955.5	166529894253921.7
956.5	166384913734853.03
957.5	166243959136702.2
958.5	166149852757878.03
959.5	166055187736773.9
960.5	165959964073389.9
961.5	165864181767725.97
962.5	165772252214026.2
963.5	165686680226327.47
964.5	165600573100280.97
965.5	165513930835886.6
966.5	165426753433144.3
967.5	165333287517047.12
968.5	165236437888508.84
969.5	165139035370455.94
970.5	165041079962888.5
971.5	164942571665806.56
972.5	164815852562395.88
973.5	164686116180146.38
974.5	164555765082257.8
975.5	164424799268730.16
976.5	164288666465796.3
977.5	164126086988538.72
978.5	163962830637952.78
979.5	163798897414038.5
980.5	163634287316795.84
981.5	163466419582629.47
982.5	163293071986456.75
983.5	163119032491769.12
984.5	162944301098566.7
985.5	162768877806849.44
986.5	162592105404069.06
987.5	162414032497664.7
988.5	162235265130413.4
989.5	162055803302315.16
990.5	161875647013370.03
991.5	161689407425876.94
992.5	161499924026178.1
993.5	161309730180233.88
994.5	161118825888044.16
995.5	160927211149609.06
996.5	160751613008776.53
997.5	160579523950697.34
998.5	160406766410858.12
999.5	160233340389258.72
1000.5	160059245885899.2
1001.5	159912006476508.88
1002.5	159766878379983.06
1003.5	159621142202471.12
1004.5	159474797943973.16
1005.5	159327845604489.2
1006.5	159202709988047.53
1007.5	159077237588810.44
1008.5	158951202118656.28
1009.5	158824603577585.03
1010.5	158696710024280.4
1011.5	158554331303998.28
1012.5	158411360539367.47
1013.5	158267797730387.94
1014.5	158123642877059.66
1015.5	157979490994946.2
1016.5	157841597657567.1
1017.5	157703126924179.06
1018.5	157564078794782.2
1019.5	157424453269376.4
1020.5	157285281347186.2
1021.5	157155968812415.56
1022.5	157026101332487.44
1023.5	156895678907401.8
1024.5	156764701537158.75
1025.5	156632641152869.7
1026.5	156494680223746.22
1027.5	156356152906399.28
1028.5	156217059200828.84
1029.5	156077399107034.9
1030.5	155936143798840.34
1031.5	155778186187674.66
1032.5	155619628909094.88
1033.5	155460471963101.03
1034.5	155300715349693.06
1035.5	155140258857858.88
1036.5	154969272034075.9
1037.5	154797666187782.34
1038.5	154625441318978.22
1039.5	154452597427663.47
1040.5	154279134513838.12
1041.5	154103325133536.53
1042.5	153926763265995.34
1043.5	153749578809036.97
1044.5	153571771762661.34
1045.5	153393342126868.5
1046.5	153203176565221.22
1047.5	153010248326344.6
1048.5	152816672213459.4
1049.5	152622448226565.62
1050.5	152427576365663.28
1051.5	152209062461506.1
1052.5	151981344166514.78
1053.5	151752918085271.47
1054.5	151523784217776.16
1055.5	151293942564028.88
1056.5	151060698860827.06
1057.5	150824944395429.9
1058.5	150588473643186.97
1059.5	150351286604098.2
1060.5	150113383278163.6
1061.5	149872243438728.62
1062.5	149627421249961.03
1063.5	149381872451684.25
1064.5	149135597043898.34
1065.5	148888595026603.2
1066.5	148644747131005.78
1067.5	148409689912622.12
1068.5	148173931179584.84
1069.5	147937470931894.06
1070.5	147700309169549.6
1071.5	147465529500433.12
1072.5	147255026547748.7
1073.5	147043874404813.62
1074.5	146832073071628.06
1075.5	146619622548191.9
1076.5	146406522834505.16
1077.5	146221875521094.06
1078.5	146039513884752.62
1079.5	145856562417362.06
1080.5	145673021118922.47
1081.5	145488889989433.88
1082.5	145332529584357.4
1083.5	145188385215939.7
1084.5	145043726955972.8
1085.5	144898554804456.7
1086.5	144752868761391.34
1087.5	144619618156544.53
1088.5	144501092840413.7
1089.5	144382105404166.9
1090.5	144262655847804.28
1091.5	144142744171325.8
1092.5	144026469296358.12
1093.5	143925173671997.47
1094.5	143823451659648.03
1095.5	143721303259309.84
1096.5	143618728470982.78
1097.5	143515727294666.97
1098.5	143422205389057.78
1099.5	143328796955401.03
1100.5	143234981117841.4
1101.5	143140757876378.88
1102.5	143046127231013.38
1103.5	142945254858628.1
1104.5	142841088282193.5
1105.5	142736498519445.53
1106.5	142631485570384.25
1107.5	142526049435009.53
1108.5	142414777749571.22
1109.5	142293849152612.2
1110.5	142172470976899.25
1111.5	142050643222432.53
1112.5	141928365889211.97
1113.5	141805247232475.62
1114.5	141676469010279.44
1115.5	141547231157504.1
1116.5	141417533674149.56
1117.5	141287376560215.9
1118.5	141156759815703.12
1119.5	141023732687927.66
1120.5	140889591612795.38
1121.5	140754986260360.22
1122.5	140619916630622.27
1123.5	140484382723581.47
1124.5	140344234838849.67
1125.5	140197638465840.84
1126.5	140050559814247.84
1127.5	139902998884070.58
1128.5	139754955675309.17
1129.5	139606567465967.67
1130.5	139459522672189.67
1131.5	139311999072362.83
1132.5	139163996666487.12
1133.5	139015515454562.56
1134.5	138866555436589.19
1135.5	138722737501404.94
1136.5	138580748538354.64
1137.5	138438294713323.89
1138.5	138295376026312.7
1139.5	138151992477321.1
1140.5	138008594519665.19
1141.5	137865607666019.23
1142.5	137722158273694.34
1143.5	137578246342690.52
1144.5	137433871873007.83
1145.5	137289034864646.2
1146.5	137130817756441.3
1147.5	136971715714988.86
1148.5	136812127904027.4
1149.5	136652054323556.89
1150.5	136491494973577.34
1151.5	136329697447648.03
1152.5	136166867526175.9
1153.5	136003549582042.4
1154.5	135839743615247.55
1155.5	135675449625791.19
1156.5	135512208371055.14
1157.5	135355506833204.67
1158.5	135198332075568.98
1159.5	135040684098148.25
1160.5	134882562900942.44
1161.5	134723968483951.55
1162.5	134563005790442.19
1163.5	134401000073997.94
1164.5	134238516903596.3
1165.5	134075556279237.25
1166.5	133912118200920.84
1167.5	133746466802269.42
1168.5	133577108462925.94
1169.5	133407264173491.05
1170.5	133236933933964.81
1171.5	133066117744347.19
1172.5	132894815604638.19
1173.5	132730624721746.31
1174.5	132566533156774.72
1175.5	132401969564233.53
1176.5	132236933944122.86
1177.5	132071426296442.61
1178.5	131915995530441.48
1179.5	131771099432592.7
1180.5	131625767842407.66
1181.5	131480000759886.39
1182.5	131333798185028.88
1183.5	131188224193619.16
1184.5	131062451030709.31
1185.5	130936278339156.77
1186.5	130809706118961.56
1187.5	130682734370123.73
1188.5	130555363092643.25
1189.5	130432669548876.34
1190.5	130312972700438.89
1191.5	130192890551360.34
1192.5	130072423101640.69
1193.5	129951570351279.9
1194.5	129832880714616.1
1195.5	129728263148396.53
1196.5	129623288727628.67
1197.5	129517957452312.58
1198.5	129412269322448.14
1199.5	129306224338035.39
1200.5	129214582087606.36
1201.5	129129559046082.03
1202.5	129044215310404.64
1203.5	128958550880574.16
1204.5	128872565756590.7
1205.5	128787139485378.03
1206.5	128704514959680.06
1207.5	128621576372662.86
1208.5	128538323724326.38
1209.5	128454757014670.62
1210.5	128370876243695.64
1211.5	128287329288163.23
1212.5	128203697161125.12
1213.5	128119752418098.6
1214.5	128035495059083.58
1215.5	127950925084080.14
1216.5	127864813140368.03
1217.5	127775060021764.73
1218.5	127684986801503.92
1219.5	127594593479585.6
1220.5	127503880056009.69
1221.5	127412846530776.25
1222.5	127314422760099.31
1223.5	127213671546747.38
1224.5	127112585402638.7
1225.5	127011164327773.23
1226.5	126909408322151.0
1227.5	126804400474524.78
1228.5	126692241272587.7
1229.5	126579731297877.56
1230.5	126466870550394.42
1231.5	126353659030138.17
1232.5	126240096737108.89
1233.5	126120454545124.56
1234.5	125999107332566.73
1235.5	125877397879063.53
1236.5	125755326184614.94
1237.5	125632892249220.97
1238.5	125509148411105.03
1239.5	125382929786891.38
1240.5	125256343985158.33
1241.5	125129391005905.83
1242.5	125002070849133.9
1243.5	124874383514842.55
1244.5	124732450895079.2
1245.5	124587079932847.22
1246.5	124441314594185.61
1247.5	124295154879094.36
1248.5	124148600787573.44
1249.5	123998720342308.77
1250.5	123842205389425.28
1251.5	123685281394359.22
1252.5	123527948357110.64
1253.5	123370206277679.58
1254.5	123212055156065.9
1255.5	123063059837011.11
1256.5	122915771984870.86
1257.5	122768093671901.83
1258.5	122620024898104.0
1259.5	122471565663477.36
1260.5	122326676788113.0
1261.5	122190226749419.34
1262.5	122053406522549.03
1263.5	121916216107502.06
1264.5	121778655504278.44
1265.5	121640724712878.11
1266.5	121504841154084.33
1267.5	121369158721645.31
1268.5	121233110813970.92
1269.5	121096697431061.25
1270.5	120959918572916.25
1271.5	120828283816165.44
1272.5	120709158039884.42
1273.5	120589695675911.05
1274.5	120469896724245.28
1275.5	120349761184887.14
1276.5	120229289057836.6
1277.5	120126967699221.17
1278.5	120028964152846.42
1279.5	119930660197558.36
1280.5	119832055833357.11
1281.5	119733151060242.55
1282.5	119640339407074.83
1283.5	119562902642954.53
1284.5	119485199850663.64
1285.5	119407231030202.12
1286.5	119328996181570.05
1287.5	119250495304767.44
1288.5	119170020886522.27
1289.5	119088795809637.0
1290.5	119007301306646.22
1291.5	118925537377549.9
1292.5	118843504022348.06
1293.5	118760008425115.34
1294.5	118673171945230.6
1295.5	118586059452372.33
1296.5	118498670946540.53
1297.5	118411006427735.28
1298.5	118323065895956.45
1299.5	118237429689388.81
1300.5	118152292784606.02
1301.5	118066885024354.16
1302.5	117981206408633.27
1303.5	117895256937443.47
1304.5	117807197973479.56
1305.5	117713628278961.28
1306.5	117619776886993.31
1307.5	117525643797575.56
1308.5	117431229010708.05
1309.5	117336532526390.8
1310.5	117242613376596.69
1311.5	117148748831921.55
1312.5	117054604716409.55
1313.5	116960181030060.78
1314.5	116865477772875.14
1315.5	116770873444265.89
1316.5	116677068206729.62
1317.5	116582985611609.33
1318.5	116488625658904.86
1319.5	116393988348616.3
1320.5	116299073680743.64
1321.5	116206681982028.3
1322.5	116114902146714.12
1323.5	116022850530267.53
1324.5	115930527132688.52
1325.5	115837931953977.06
1326.5	115744423906659.6
1327.5	115648817102521.3
1328.5	115552934799616.08
1329.5	115456776997944.02
1330.5	115360343697505.06
1331.5	115263634898299.23
1332.5	115168358270755.9
1333.5	115073348376600.61
1334.5	114978066356188.39
1335.5	114882512209519.28
1336.5	114786685936593.27
1337.5	114687756533578.25
1338.5	114580890852720.38
1339.5	114473737366802.81
1340.5	114366296075825.56
1341.5	114258566979788.56
1342.5	114150550078691.88
1343.5	114039607596080.1
1344.5	113927628839685.45
1345.5	113815357243970.33
1346.5	113702792808934.73
1347.5	113589935534578.6
1348.5	113478475492599.11
1349.5	113370865948053.52
1350.5	113262972207618.55
1351.5	113154794271294.17
1352.5	113046332139080.45
1353.5	112937585810977.36
1354.5	112828724411068.55
1355.5	112719618765361.84
1356.5	112610229232064.3
1357.5	112500555811175.9
1358.5	112390598502696.62
1359.5	112281305006645.5
1360.5	112173654550726.16
1361.5	112065724432031.28
1362.5	111957514650560.92
1363.5	111849025206315.08
1364.5	111740256099293.7
1365.5	111640859787667.22
1366.5	111542770432018.62
1367.5	111444417852684.33
1368.5	111345802049664.34
1369.5	111246923022958.66
1370.5	111148777558029.98
1371.5	111051997844894.11
1372.5	110954958736047.22
1373.5	110857660231489.33
1374.5	110760102331220.38
1375.5	110662285035240.39
1376.5	110562299315204.73
1377.5	110461885302653.2
1378.5	110361208879452.98
1379.5	110260270045604.14
1380.5	110159068801106.69
1381.5	110057284978509.22
1382.5	109954862160950.38
1383.5	109852175925119.06
1384.5	109749226271015.16
1385.5	109646013198638.78
1386.5	109542536707989.88
1387.5	109433355201814.02
1388.5	109323902433621.86
1389.5	109214178403413.34
1390.5	109104183111188.6
1391.5	108993916556947.47
1392.5	108880070109839.72
1393.5	108763238643007.94
1394.5	108646127274027.03
1395.5	108528736002897.02
1396.5	108411064829617.95
1397.5	108293246956311.2
1398.5	108176349048408.77
1399.5	108059173144648.84
1400.5	107941719245031.33
1401.5	107823987349556.23
1402.5	107705977458223.6
1403.5	107585812275638.22
1404.5	107464398641408.31
1405.5	107342702958044.1
1406.5	107220725225545.56
1407.5	107098465443912.72
1408.5	106976974124112.4
1409.5	106858929430063.53
1410.5	106740609467213.86
1411.5	106622014235563.34
1412.5	106503143735111.94
1413.5	106383997965859.77
1414.5	106266548334697.94
1415.5	106149350637511.53
1416.5	106031881199911.38
1417.5	105914140021897.42
1418.5	105796127103469.73
1419.5	105678568669825.06
1420.5	105561976935698.05
1421.5	105445116226596.95
1422.5	105327986542521.73
1423.5	105210587883472.45
1424.5	105092920249449.05
1425.5	104987496879293.98
1426.5	104882481143970.58
1427.5	104777214913968.23
1428.5	104671698189286.92
1429.5	104565930969926.64
1430.5	104464295015840.34
1431.5	104366149912903.52
1432.5	104267765660090.66
1433.5	104169142257401.78
1434.5	104070279704836.81
1435.5	103972553227777.48
1436.5	103883043214850.9
1437.5	103793307737925.55
1438.5	103703346797001.47
1439.5	103613160392078.69
1440.5	103522748523157.11
1441.5	103438755252707.05
1442.5	103356881756272.23
1443.5	103274795252949.75
1444.5	103192495742739.58
1445.5	103109983225641.75
1446.5	103027310598339.89
1447.5	102944523341899.42
1448.5	102861523287535.5
1449.5	102778310435248.14
1450.5	102694884785037.34
1451.5	102611246336903.1
1452.5	102522112471557.17
1453.5	102432538273782.36
1454.5	102342743701177.48
1455.5	102252728753742.55
1456.5	102162493431477.58
1457.5	102071208759121.73
1458.5	101979126111607.73
1459.5	101886821161246.14
1460.5	101794293908036.88
1461.5	101701544351979.98
1462.5	101606138101551.36
1463.5	101501869293142.83
1464.5	101397363049693.84
1465.5	101292619371204.34
1466.5	101187638257674.4
1467.5	101082419709103.97
1468.5	100961831956943.89
1469.5	100838521172681.4
1470.5	100714948990042.1
1471.5	100591115409025.92
1472.5	100467020429632.97
1473.5	100343552549442.78
1474.5	100220713577408.7
1475.5	100097615618935.56
1476.5	99974258674023.42
1477.5	99850642742672.2
1478.5	99729023674076.6
1479.5	99618999889137.78
1480.5	99508736189870.06
1481.5	99398232576273.55
1482.5	99287489048348.17
1483.5	99176505606093.98
1484.5	99075203637618.6
1485.5	98975854454206.11
1486.5	98876281657244.6
1487.5	98776485246734.02
1488.5	98676465222674.34
1489.5	98586768730594.72
1490.5	98507847798243.27
1491.5	98428732154372.66
1492.5	98349421798982.97
1493.5	98269916732074.11
1494.5	98192207148761.02
1495.5	98124028853990.23
1496.5	98055671514518.78
1497.5	97987135130346.64
1498.5	97918419701473.83
1499.5	97849525227900.34
1500.5	97803351477845.81
1501.5	97761073034701.44
1502.5	97718651456091.69
1503.5	97676086742016.58
1504.5	97633378892476.1
1505.5	97596815301366.4
1506.5	97565264575685.5
1507.5	97533585901022.44
1508.5	97501779277377.27
1509.5	97469844704750.02
1510.5	97433673131704.75
1511.5	97385032853743.11
1512.5	97336242864196.6
1513.5	97287303163065.16
1514.5	97238213750348.84
1515.5	97188974626047.64
1516.5	97141338286383.27
1517.5	97093627615198.72
1518.5	97045769639968.86
1519.5	96997764360693.72
1520.5	96949611777373.28
1521.5	96891293368882.6
1522.5	96828096790250.05
1523.5	96764733541000.67
1524.5	96701203621134.45
1525.5	96637507030651.36
1526.5	96561368589674.55
1527.5	96467371540311.39
1528.5	96373168594044.95
1529.5	96278759750875.28
1530.5	96184145010802.31
1531.5	96086946537916.38
1532.5	95974922819070.53
1533.5	95862671023050.78
1534.5	95750191149857.19
1535.5	95637483199489.7
1536.5	95524547171948.38
1537.5	95392261723700.83
1538.5	95257358475751.47
1539.5	95122199203108.69
1540.5	94986783905772.5
1541.5	94851112583742.88
1542.5	94701757875372.67
1543.5	94544571944987.56
1544.5	94387102786988.33
1545.5	94229350401375.03
1546.5	94071314788147.62
1547.5	93909556332166.69
1548.5	93742557314602.61
1549.5	93575264227026.75
1550.5	93407677069439.06
1551.5	93239795841839.6
1552.5	93069299252298.97
1553.5	92887924016560.48
1554.5	92706238097520.34
1555.5	92524241495178.53
1556.5	92341934209535.0
1557.5	92159316240589.81
1558.5	91982149156947.88
1559.5	91804919003134.75
1560.5	91627385867828.03
1561.5	91449549751027.73
1562.5	91271410652733.86
1563.5	91109023958923.94
1564.5	90951710039654.47
1565.5	90794120522557.95
1566.5	90636255407634.39
1567.5	90478114694883.75
1568.5	90336772320545.62
1569.5	90209154609947.62
1570.5	90081300885227.28
1571.5	89953211146384.62
1572.5	89824885393419.67
1573.5	89705188260165.44
1574.5	89601035744708.69
1575.5	89496678513487.27
1576.5	89392116566501.16
1577.5	89287349903750.33
1578.5	89186674284265.1
1579.5	89105381358340.61
1580.5	89023913954634.25
1581.5	88942272073146.03
1582.5	88860455713875.95
1583.5	88778572606325.33
1584.5	88707187112907.31
1585.5	88635640748212.2
1586.5	88563933512239.95
1587.5	88492065404990.58
1588.5	88420036426464.1
1589.5	88360159504416.78
1590.5	88302311440542.28
1591.5	88244320732251.17
1592.5	88186187379543.42
1593.5	88127911382419.03
1594.5	88072130948859.17
1595.5	88017342549681.55
1596.5	87962416233423.2
1597.5	87907352000084.1
1598.5	87852149849664.23
1599.5	87777316017766.33
1600.5	87686360478848.92
1601.5	87605113481114.19
1602.5	87544727623473.92
1603.5	87484198130550.64
1604.5	87423525002344.31
1605.5	87362708238855.0
1606.5	87301747840082.62
1607.5	87240643806027.23
1608.5	87179396136688.83
1609.5	87118004832067.39
1610.5	87056469892162.92
1611.5	86994791316975.45
1612.5	86932969106504.95
1613.5	86871003260751.42
1614.5	86808893779714.88
1615.5	86746640663395.28
1616.5	86684243911792.7
1617.5	86598540629620.47
1618.5	86499627888098.72
1619.5	86400526760723.44
1620.5	86301237247494.62
1621.5	86201759348412.31
1622.5	86102093063476.5
1623.5	86002238392687.14
1624.5	85902195336044.28
1625.5	85801963893547.94
1626.5	85701544065198.03
1627.5	85600935850994.62
1628.5	85500139250937.72
1629.5	85399154265027.28
1630.5	85297980893263.33
1631.5	85196619135645.88
1632.5	85097021493934.72
1633.5	85019705382870.62
1634.5	84942230786439.4
1635.5	84864597704641.02
1636.5	84786806137475.5
1637.5	84708856084942.83
1638.5	84630747547043.02
1639.5	84552480523776.05
1640.5	84474055015141.92
1641.5	84395471021140.66
1642.5	84316728541772.23
1643.5	84237827577036.69
1644.5	84158768126933.98
1645.5	84079550191464.14
1646.5	84000173770627.12
1647.5	83920638864422.98
1648.5	83834131236626.11
1649.5	83742718667066.72
1650.5	83651133599943.77
1651.5	83559376035257.2
1652.5	83467445973007.05
1653.5	83375343413193.3
1654.5	83283068355815.92
1655.5	83190620800874.98
1656.5	83098000748370.42
1657.5	83005208198302.28
1658.5	82912243150670.53
1659.5	82819105605475.17
1660.5	82725795562716.22
1661.5	82632313022393.67
1662.5	82538657984507.55
1663.5	82441775635916.97
1664.5	82331686137485.52
1665.5	82221404811206.22
1666.5	82110931657079.1
1667.5	82000266675104.17
1668.5	81889409865281.44
1669.5	81778361227610.86
1670.5	81667120762092.48
1671.5	81555688468726.28
1672.5	81444064347512.27
1673.5	81332248398450.44
1674.5	81220240621540.78
1675.5	81108041016783.31
1676.5	80995649584178.05
1677.5	80883066323724.94
1678.5	80770291235424.03
1679.5	80668385619050.72
1680.5	80567669287910.72
1681.5	80466775929073.83
1682.5	80365705542539.98
1683.5	80264458128309.22
1684.5	80163033686381.55
1685.5	80061432216756.94
1686.5	79959653719435.42
1687.5	79857698194416.97
1688.5	79755565641701.6
1689.5	79653256061289.31
1690.5	79550769453180.1
1691.5	79448105817373.97
1692.5	79345265153870.9
1693.5	79242247462670.92
1694.5	79128209602323.94
1695.5	79008876250133.47
1696.5	78889347049595.45
1697.5	78769622000709.86
1698.5	78649701103476.73
1699.5	78529584357896.03
1700.5	78409271763967.77
1701.5	78288763321691.97
1702.5	78168059031068.6
1703.5	78047158892097.67
1704.5	77926062904779.19
1705.5	77804771069113.16
1706.5	77683283385099.55
1707.5	77561599852738.4
1708.5	77439720472029.69
1709.5	77313790996296.36
1710.5	77184751872565.55
1711.5	77055508989593.61
1712.5	76926062347380.55
1713.5	76796411945926.36
1714.5	76666557785231.05
1715.5	76536499865294.62
1716.5	76406238186117.06
1717.5	76275772747698.39
1718.5	76145103550038.58
1719.5	76014230593137.64
1720.5	75883153876995.6
1721.5	75751873401612.44
1722.5	75620389166988.12
1723.5	75488701173122.7
1724.5	75377695880433.05
1725.5	75283609883362.61
1726.5	75189364169245.95
1727.5	75094958738083.11
1728.5	75000393589874.08
1729.5	74905668724618.83
1730.5	74810784142317.42
1731.5	74715739842969.78
1732.5	74620535826575.98
1733.5	74525172093135.94
1734.5	74429648642649.75
1735.5	74333965475117.34
1736.5	74238122590538.72
1737.5	74142119988913.92
1738.5	74045957670242.95
1739.5	73956994987374.73
1740.5	73872023064680.58
1741.5	73786904645967.9
1742.5	73701639731236.73
1743.5	73616228320487.03
1744.5	73530670413718.83
1745.5	73444966010932.1
1746.5	73359115112126.86
1747.5	73273117717303.12
1748.5	73186973826460.84
1749.5	73100683439600.08
1750.5	73014246556720.78
1751.5	72927663177822.98
1752.5	72840933302906.66
1753.5	72754056931971.83
1754.5	72646826680901.77
1755.5	72534684193584.36
1756.5	72422366772074.81
1757.5	72309874416373.17
1758.5	72197207126479.4
1759.5	72084364902393.5
1760.5	71971347744115.5
1761.5	71858155651645.36
1762.5	71744788624983.1
1763.5	71631246664128.72
1764.5	71517529769082.19
1765.5	71403637939843.58
1766.5	71289571176412.83
1767.5	71175329478789.94
1768.5	71060993468343.92
1769.5	70947554333015.95
1770.5	70833941565993.83
1771.5	70720155167277.58
1772.5	70606195136867.17
1773.5	70492061474762.62
1774.5	70377754180963.95
1775.5	70263273255471.15
1776.5	70148618698284.18
1777.5	70033790509403.086
1778.5	69918788688827.88
1779.5	69803613236558.51
1780.5	69688264152594.984
1781.5	69572741436937.36
1782.5	69457045089585.56
1783.5	69343990745192.555
1784.5	69234500372155.984
1785.5	69124843710276.51
1786.5	69015020759554.08
1787.5	68905031519988.73
1788.5	68794875991580.445
1789.5	68684554174329.234
1790.5	68574066068235.1
1791.5	68463411673298.04
1792.5	68352590989518.016
1793.5	68241604016895.08
1794.5	68130450755429.23
1795.5	68019131205120.45
1796.5	67907645365968.72
1797.5	67795993237974.07
1798.5	67693317599818.41
1799.5	67591733275695.35
1800.5	67489994216269.805
1801.5	67388100421541.734
1802.5	67286051891511.19
1803.5	67183848626178.125
1804.5	67081490625542.57
1805.5	66978977889604.49
1806.5	66876310418363.93
1807.5	66773488211820.84
1808.5	66670511269975.29
1809.5	66567379592827.2
1810.5	66464093180376.62
1811.5	66360652032623.54
1812.5	66269528042013.61
1813.5	66195495670151.414
1814.5	66121341329863.44
1815.5	66047065021149.65
1816.5	65972666744010.08
1817.5	65898146498444.7
1818.5	65823504284453.51
1819.5	65748740102036.53
1820.5	65673853951193.76
1821.5	65598845831925.19
1822.5	65523715744230.81
1823.5	65448463688110.66
1824.5	65373089663564.69
1825.5	65297593670592.92
1826.5	65221901199467.766
1827.5	65144918720161.9
1828.5	65067812912639.62
1829.5	64990583776900.91
1830.5	64913231312945.76
1831.5	64835755520774.19
1832.5	64758156400386.18
1833.5	64680433951781.766
1834.5	64602588174960.9
1835.5	64524619069923.61
1836.5	64446526636669.914
1837.5	64368310875199.77
1838.5	64289971785513.195
1839.5	64211509367610.2
1840.5	64132923621490.766
1841.5	64027550874952.336
1842.5	63914501234712.3
1843.5	63801291139788.125
1844.5	63687920590179.83
1845.5	63574389585887.414
1846.5	63460698126910.87
1847.5	63346846213250.2
1848.5	63232833844905.414
1849.5	63118661021876.49
1850.5	63004327744163.46
1851.5	62889834011766.29
1852.5	62775179824684.984
1853.5	62660365182919.58
1854.5	62545390086470.03
1855.5	62435027202495.96
1856.5	62327692501072.42
1857.5	62220205918875.02
1858.5	62112567455903.79
1859.5	62004777112158.71
1860.5	61896834887639.79
1861.5	61788740782347.04
1862.5	61680494796280.44
1863.5	61572096929439.99
1864.5	61463547181825.7
1865.5	61354845553437.59
1866.5	61245992044275.625
1867.5	61136986654339.83
1868.5	61027829383630.19
1869.5	60953430343819.7
1870.5	60913845555413.87
1871.5	60874183580241.5
1872.5	60834444418302.63
1873.5	60794628069597.234
1874.5	60754734534125.34
1875.5	60714763811886.9
1876.5	60674715902881.96
1877.5	60634590807110.49
1878.5	60594388524572.53
1879.5	60554109055268.03
1880.5	60513752399197.03
1881.5	60473318556359.48
1882.5	60432807526755.46
1883.5	60398510907512.28
1884.5	60370438719756.29
1885.5	60342302706735.5
1886.5	60314102868449.92
1887.5	60285839204899.55
1888.5	60257511716084.41
1889.5	60229120402004.47
1890.5	60200665262659.75
1891.5	60172146298050.23
1892.5	60143563508175.95
1893.5	60114916893036.85
1894.5	60086206452632.99
1895.5	60057432186964.34
1896.5	60028594096030.9
1897.5	59967679818270.13
1898.5	59883474391562.28
1899.5	59799146964383.516
1900.5	59714697536733.79
1901.5	59630126108613.164
1902.5	59545432680021.586
1903.5	59460617250959.07
1904.5	59375679821425.62
1905.5	59290620391421.234
1906.5	59205438960945.91
1907.5	59120135529999.67
1908.5	59034710098582.49
1909.5	58949162666694.39
1910.5	58863493234335.336
1911.5	58748407694471.375
1912.5	58623399693007.414
1913.5	58498228823890.3
1914.5	58372895087120.08
1915.5	58247398482696.74
1916.5	58121739010620.28
1917.5	57995916670890.68
1918.5	57869931463507.945
1919.5	57743783388472.1
1920.5	57617472445783.15
1921.5	57490998635441.05
1922.5	57364361957445.836
1923.5	57237562411797.5
1924.5	57111476396086.336
1925.5	57028194219525.055
1926.5	56944794714286.5
1927.5	56861277880370.664
1928.5	56777643717777.555
1929.5	56693892226507.195
1930.5	56610023406559.54
1931.5	56526037257934.63
1932.5	56441933780632.45
1933.5	56357712974653.0
1934.5	56273374839996.28
1935.5	56188919376662.28
1936.5	56104346584651.016
1937.5	56019656463962.49
1938.5	55951041626923.03
1939.5	55909911595268.59
1940.5	55868709387185.625
1941.5	55827435002674.1
1942.5	55786088441734.11
1943.5	55744669704365.57
1944.5	55703178790568.51
1945.5	55661615700342.93
1946.5	55619980433688.83
1947.5	55578272990606.18
1948.5	55536493371095.04
1949.5	55494641575155.375
1950.5	55452717602787.16
1951.5	55410721453990.45
1952.5	55345160565884.29
1953.5	55273255380386.34
1954.5	55201247557592.94
1955.5	55129137097504.03
1956.5	55056924000119.64
1957.5	54984608265439.79
1958.5	54912189893464.43
1959.5	54839668884193.59
1960.5	54767045237627.29
1961.5	54694318953765.49
1962.5	54621490032608.23
1963.5	54548558474155.48
1964.5	54475524278407.23
1965.5	54411385842089.945
1966.5	54367192804433.05
1967.5	54322926666073.1
1968.5	54278587427010.12
1969.5	54234175087244.08
1970.5	54189689646775.0
1971.5	54145131105602.87
1972.5	54100499463727.7
1973.5	54055794721149.46
1974.5	54011016877868.195
1975.5	53966165933883.87
1976.5	53921241889196.49
1977.5	53876244743806.09
1978.5	53831174497712.625
1979.5	53773444651929.98
1980.5	53714383541161.54
1981.5	53655235355133.26
1982.5	53596000093845.17
1983.5	53536677757297.27
1984.5	53477268345489.516
1985.5	53417771858421.98
1986.5	53358188296094.586
1987.5	53298517658507.4
1988.5	53238759945660.37
1989.5	53178915157553.53
1990.5	53118983294186.87
1991.5	53058964355560.38
1992.5	53000863864332.01
1993.5	52944131314814.43
1994.5	52887315160850.27
1995.5	52830415402439.53
1996.5	52773432039582.195
1997.5	52716365072278.27
1998.5	52659214500527.77
1999.5	52601980324330.69
2000.5	52544662543687.01
2001.5	52487261158596.76
2002.5	52429776169059.9
2003.5	52372207575076.45
2004.5	52314555376646.44
2005.5	52260670055835.69
2006.5	52213859431407.91
2007.5	52166976173740.03
2008.5	52120020282832.11
2009.5	52072991758684.1
2010.5	52025890601296.0
2011.5	51978716810667.85
2012.5	51931470386799.625
2013.5	51884151329691.33
2014.5	51836759639342.95
2015.5	51789295315754.51
2016.5	51741758358925.98
2017.5	51694148768857.4
2018.5	51642308067054.87
2019.5	51572653578342.39
2020.5	51502904770257.64
2021.5	51433061642800.63
2022.5	51363124195971.34
2023.5	51293092429769.81
2024.5	51222966344196.01
2025.5	51152745939249.93
2026.5	51082431214931.6
2027.5	51012022171241.0
2028.5	50941518808178.14
2029.5	50870921125743.016
2030.5	50800229123935.61
2031.5	50732967820480.42
2032.5	50691478522643.76
2033.5	50649923825097.836
2034.5	50608303727842.664
2035.5	50566618230878.26
2036.5	50524867334204.56
2037.5	50483051037821.62
2038.5	50441169341729.44
2039.5	50399222245927.99
2040.5	50357209750417.305
2041.5	50315131855197.36
2042.5	50272988560268.15
2043.5	50230779865629.695
2044.5	50183728153170.14
2045.5	50101553364575.22
2046.5	50019274229355.65
2047.5	49936890747511.42
2048.5	49854402919042.53
2049.5	49771810743949.01
2050.5	49689114222230.82
2051.5	49606313353887.99
2052.5	49523408138920.51
2053.5	49440398577328.37
2054.5	49357284669111.57
2055.5	49274066414270.14
2056.5	49190743812804.04
2057.5	49109576888664.61
2058.5	49037352304298.08
2059.5	48965034357627.414
2060.5	48892623048652.66
2061.5	48820118377373.79
2062.5	48747520343790.8
2063.5	48674828947903.72
2064.5	48602044189712.52
2065.5	48529166069217.195
2066.5	48456194586417.77
2067.5	48383129741314.234
2068.5	48309971533906.6
2069.5	48236719964194.84
2070.5	48169422163903.87
2071.5	48112338283006.48
2072.5	48055176826908.836
2073.5	47997937795610.92
2074.5	47940621189112.75
2075.5	47883227007414.31
2076.5	47825755250515.59
2077.5	47768205918416.625
2078.5	47710579011117.41
2079.5	47652874528617.9
2080.5	47595092470918.14
2081.5	47537232838018.12
2082.5	47479295629917.81
2083.5	47404413794231.73
2084.5	47318649163270.4
2085.5	47232780414362.89
2086.5	47146807547509.23
2087.5	47060730562709.35
2088.5	46974549459963.336
2089.5	46888264239271.15
2090.5	46801874900632.77
2091.5	46715381444048.24
2092.5	46628783869517.54
2093.5	46542082177040.63
2094.5	46455276366617.58
2095.5	46368366438248.35
2096.5	46325186134400.836
2097.5	46285756976593.836
2098.5	46246269153139.5
2099.5	46206722664037.8
2100.5	46167117509288.77
2101.5	46127453688892.4
2102.5	46087731202848.67
2103.5	46047950051157.62
2104.5	46008110233819.21
2105.5	45968211750833.445
2106.5	45928254602200.36
2107.5	45888238787919.92
2108.5	45843091587472.19
2109.5	45786584660688.56
2110.5	45730003546688.15
2111.5	45673348245470.96
2112.5	45616618757037.0
2113.5	45559815081386.234
2114.5	45502937218518.71
2115.5	45445985168434.4
2116.5	45388958931133.28
2117.5	45331858506615.41
2118.5	45274683894880.75
2119.5	45217435095929.305
2120.5	45160112109761.07
2121.5	45129862364572.01
2122.5	45107676819180.36
2123.5	45085450323809.984
2124.5	45063182878460.875
2125.5	45040874483133.016
2126.5	45018525137826.414
2127.5	44996134842541.06
2128.5	44973703597276.99
2129.5	44951231402034.19
2130.5	44928718256812.63
2131.5	44906164161612.336
2132.5	44883569116433.31
2133.5	44839122723621.73
2134.5	44743700154063.23
2135.5	44648168482357.71
2136.5	44552527708505.16
2137.5	44456777832505.59
2138.5	44360918854359.0
2139.5	44264950774065.4
2140.5	44168873591624.78
2141.5	44072687307037.15
2142.5	43976391920302.48
2143.5	43879987431420.805
2144.5	43783473840392.11
2145.5	43686851147216.39
2146.5	43616501172214.79
2147.5	43548677082887.164
2148.5	43480770903768.76
2149.5	43412782634859.59
2150.5	43344712276159.63
2151.5	43276559827668.92
2152.5	43208325289387.43
2153.5	43140008661315.17
2154.5	43071609943452.14
2155.5	43003129135798.33
2156.5	42934566238353.76
2157.5	42865921251118.414
2158.5	42825003132293.555
2159.5	42803362512781.516
2160.5	42781683476239.85
2161.5	42759966022668.55
2162.5	42738210152067.61
2163.5	42716415864437.055
2164.5	42694583159776.86
2165.5	42672712038087.04
2166.5	42650802499367.57
2167.5	42628854543618.47
2168.5	42606868170839.74
2169.5	42584843381031.39
2170.5	42555725462679.56
2171.5	42513454983444.42
2172.5	42471127514206.95
2173.5	42428743054967.16
2174.5	42386301605725.055
2175.5	42343803166480.63
2176.5	42301247737233.875
2177.5	42258635317984.805
2178.5	42215965908733.41
2179.5	42173239509479.68
2180.5	42130456120223.65
2181.5	42087615740965.3
2182.5	42043432112714.484
2183.5	41992434361967.01
2184.5	41941372254327.25
2185.5	41890245789795.18
2186.5	41839054968370.81
2187.5	41787799790054.14
2188.5	41736480254845.164
2189.5	41685096362743.89
2190.5	41633648113750.33
2191.5	41582135507864.46
2192.5	41530558545086.3
2193.5	41478917225415.836
2194.5	41429231366197.375
2195.5	41411141215543.73
2196.5	41393017387990.86
2197.5	41374859883538.77
2198.5	41356668702187.46
2199.5	41338443843936.94
2200.5	41320185308787.18
2201.5	41301893096738.22
2202.5	41283567207790.016
2203.5	41265207641942.6
2204.5	41246814399195.97
2205.5	41228387479550.12
2206.5	41208689797997.555
2207.5	41128312680780.39
2208.5	41047845821175.336
2209.5	40967289219182.38
2210.5	40886642874801.55
2211.5	40805906788032.82
2212.5	40725080958876.2
2213.5	40644165387331.69
2214.5	40563160073399.29
2215.5	40482065017079.01
2216.5	40400880218370.83
2217.5	40319605677274.76
2218.5	40239599333949.195
2219.5	40185316965310.15
2220.5	40130969338216.664
2221.5	40076556452668.734
2222.5	40022078308666.33
2223.5	39967534906209.484
2224.5	39912926245298.19
2225.5	39858252325932.445
2226.5	39803513148112.26
2227.5	39748708711837.625
2228.5	39693839017108.516
2229.5	39638904063924.97
2230.5	39586543971738.45
2231.5	39550346135977.516
2232.5	39514099950971.81
2233.5	39477805416721.31
2234.5	39441462533226.04
2235.5	39405071300485.984
2236.5	39368631718501.13
2237.5	39332143787271.516
2238.5	39295607506797.12
2239.5	39259022877077.92
2240.5	39222389898113.94
2241.5	39185708569905.195
2242.5	39146736645231.266
2243.5	39102480128286.81
2244.5	39058168596182.375
2245.5	39013802048917.97
2246.5	38969380486493.61
2247.5	38924903908909.27
2248.5	38880372316164.98
2249.5	38835785708260.7
2250.5	38791144085196.48
2251.5	38746447446972.266
2252.5	38701695793588.09
2253.5	38656889125043.95
2254.5	38595209341718.26
2255.5	38518538844547.84
2256.5	38441785182061.37
2257.5	38364948354258.86
2258.5	38288028361140.31
2259.5	38211025202705.71
2260.5	38133938878955.08
2261.5	38056769389888.4
2262.5	37979516735505.66
2263.5	37902180915806.9
2264.5	37824761930792.086
2265.5	37747259780461.22
2266.5	37710452972959.875
2267.5	37682554313090.34
2268.5	37654616370444.32
2269.5	37626639145021.85
2270.5	37598622636822.93
2271.5	37570566845847.53
2272.5	37542471772095.68
2273.5	37514337415567.375
2274.5	37486163776262.59
2275.5	37457950854181.37
2276.5	37429698649323.664
2277.5	37399845087929.83
2278.5	37362320927930.53
2279.5	37324749416070.98
2280.5	37287130552351.18
2281.5	37249464336771.11
2282.5	37211750769330.79
2283.5	37173989850030.21
2284.5	37136181578869.375
2285.5	37098325955848.266
2286.5	37060422980966.914
2287.5	37022472654225.305
2288.5	36984474975623.42
2289.5	36931424913914.39
2290.5	36867882613180.805
2291.5	36804270744158.6
2292.5	36740589306847.8
2293.5	36676838301248.39
2294.5	36613017727360.37
2295.5	36549127585183.74
2296.5	36485167874718.51
2297.5	36421138595964.67
2298.5	36357039748922.23
2299.5	36292871333591.18
2300.5	36229673405246.19
2301.5	36180230696499.34
2302.5	36130731336597.1
2303.5	36081175325539.5
2304.5	36031562663326.51
2305.5	35981893349958.14
2306.5	35932167385434.4
2307.5	35882384769755.28
2308.5	35832545502920.77
2309.5	35782649584930.89
2310.5	35732697015785.64
2311.5	35682687795484.99
2312.5	35658999973299.27
2313.5	35652150260681.2
2314.5	35645281296002.875
2315.5	35638393079264.28
2316.5	35631485610465.42
2317.5	35624558889606.29
2318.5	35617612916686.89
2319.5	35610647691707.23
2320.5	35603663214667.29
2321.5	35596659485567.1
2322.5	35589636504406.62
2323.5	35571854341457.34
2324.5	35515949360981.87
2325.5	35459983107475.69
2326.5	35403955580938.82
2327.5	35347866781371.24
2328.5	35291716708772.945
2329.5	35235505363143.96
2330.5	35179232744484.266
2331.5	35122898852793.875
2332.5	35066503688072.78
2333.5	35010047250320.99
2334.5	34953529539538.484
2335.5	34897022977682.543
2336.5	34840466031119.594
2337.5	34783847882811.438
2338.5	34727168532758.062
2339.5	34670427980959.484
2340.5	34613626227415.688
2341.5	34556763272126.67
2342.5	34499839115092.438
2343.5	34442853756313.0
2344.5	34385807195788.355
2345.5	34328699433518.484
2346.5	34280725588275.504
2347.5	34238831070209.473
2348.5	34196888412574.21
2349.5	34154897615369.69
2350.5	34112858678595.938
2351.5	34070771602252.918
2352.5	34028636386340.668
2353.5	33986453030859.156
2354.5	33944221535808.406
2355.5	33901941901188.41
2356.5	33859614126999.168
2357.5	33814579502667.63
2358.5	33765334223265.27
2359.5	33716035020873.42
2360.5	33666681895492.105
2361.5	33617274847121.312
2362.5	33567813875761.04
2363.5	33518298981411.285
2364.5	33468730164072.06
2365.5	33419107423743.348
2366.5	33369430760425.168
2367.5	33319700174117.504
2368.5	33279002975522.32
2369.5	33270491777420.5
2370.5	33261961535753.082
2371.5	33253412250520.086
2372.5	33244843921721.492
2373.5	33236256549357.31
2374.5	33227650133427.523
2375.5	33219024673932.14
2376.5	33210380170871.176
2377.5	33201716624244.617
2378.5	33193034034052.47
2379.5	33178412968029.273
2380.5	33124136572684.742
2381.5	33069802861789.453
2382.5	33015411835343.414
2383.5	32960963493346.62
2384.5	32906457835799.062
2385.5	32851894862700.75
2386.5	32797274574051.68
2387.5	32742596969851.848
2388.5	32687862050101.26
2389.5	32633069814799.926
2390.5	32377824629977.63
2391.5	32336139218099.004
2392.5	32294506704626.164
2393.5	32252927036035.938
2394.5	32211400158827.08
2395.5	32169926019520.188
2396.5	32128504564658.01
2397.5	32087135740805.293
2398.5	32045819494549.133
2399.5	32004555772498.816
