# λ (nm)	photon flux (γ/s/cm^2/nm)
0.5	222957.55888918808
1.5	18795669.88446365
2.5	25824602.183118746
3.5	30141051.23302954
4.5	45421070.62789635
5.5	74897183.01297252
6.5	112163176.53523555
7.5	102368026.07919067
8.5	105776585.05495486
9.5	94994463.28441143
10.5	76256095.16977157
11.5	54882262.17248062
12.5	32652729.160722915
13.5	36344982.77695279
14.5	83534158.09048238
15.5	86267542.93483065
16.5	130182646.8110887
17.5	802254765.0023276
18.5	737807053.752041
19.5	616613138.3281598
20.5	468658104.80658126
21.5	363550514.4871798
22.5	448144768.50070745
23.5	265477285.8460319
24.5	347101201.2828693
25.5	616939830.3860815
26.5	200107725.5194264
27.5	278761075.6611246
28.5	417099457.32497436
29.5	149384084.721304
30.5	4022370941.749897
31.5	283613604.4378026
32.5	104016335.1090709
33.5	374549897.1201451
34.5	376879048.24266326
35.5	289238934.68261904
36.5	632074071.1364495
37.5	28393905.481677767
38.5	40217961.97300682
39.5	26201001.4700791
40.5	94873588.45707315
41.5	91558727.38915715
42.5	68531138.83878988
43.5	143544815.40384597
44.5	88954074.4861494
45.5	90617262.7139593
46.5	240774690.6329236
47.5	116070039.38850038
48.5	182689336.02874017
49.5	283773212.8157209
50.5	295795905.5269579
51.5	119837080.01847157
52.5	143572303.7989605
53.5	121782764.7852084
54.5	81260401.85704264
55.5	427000500.949344
56.5	109189413.43256046
57.5	97376828.68351953
58.5	810535448.5345507
59.5	134324978.12988347
60.5	340418935.24016607
61.5	281347389.1903212
62.5	648917722.1526294
63.5	560508260.9477236
64.5	78458012.40604728
65.5	72680198.06510638
66.5	81516432.36539951
67.5	67167394.98814519
68.5	140940344.12399572
69.5	107621123.36436324
70.5	235965509.75349092
71.5	94900843.91899009
72.5	97044993.88424265
73.5	64909126.457793824
74.5	93278357.98019803
75.5	126856278.4492413
76.5	328859981.2360819
77.5	294896093.3355932
78.5	422541417.9468064
79.5	306020329.7352718
80.5	245354528.33908805
81.5	264351166.9026021
82.5	324007530.5275936
83.5	743284445.4538864
84.5	462246070.26298666
85.5	564351082.3115515
86.5	647910795.2166895
87.5	783688998.1314721
88.5	937278072.2470729
89.5	1092241699.6683738
90.5	1317054192.5251646
91.5	1156616621.0506692
92.5	414022478.82272106
93.5	437255995.78482586
94.5	322567723.91769266
95.5	267255463.7284801
96.5	196460964.79688892
97.5	3294771475.139618
98.5	408871706.7436192
99.5	609268058.6150073
100.5	298102918.47587013
101.5	370791119.4686922
102.5	2974365562.990249
103.5	2702844120.877238
104.5	489577128.8929966
105.5	436324852.8195925
106.5	471360906.9338766
107.5	537359312.283205
108.5	824602709.451753
109.5	609709406.4836591
110.5	705363542.337775
111.5	666367345.9725994
112.5	700734617.1071227
113.5	475372596.3543507
114.5	581674818.8653644
115.5	618202594.148598
116.5	762003610.5257134
117.5	2664345392.4896517
118.5	1051091656.1718198
119.5	1774596155.486206
120.5	5391597166.67245
121.5	230662619777.56622
122.5	2244960538.066533
123.5	1444928265.0197
124.5	1080810344.115892
125.5	964839888.6230135
126.5	1354526233.0440114
127.5	699963961.5994601
128.5	562493960.3656482
129.5	665858034.4060757
130.5	5671791748.814446
131.5	920150990.7263379
132.5	742001885.4898247
133.5	7122842836.852983
134.5	699232441.3428452
135.5	1589889553.9210029
136.5	1009442268.3869618
137.5	1094615322.7373044
138.5	1087186992.9376848
139.5	3044719351.7563615
140.5	2618735541.8454094
141.5	1550294189.1484249
142.5	1686306185.1275811
143.5	1936380676.948025
144.5	1920407788.8376856
145.5	2042060707.6244981
146.5	2543679174.8005824
147.5	3145926703.2815585
148.5	3254602317.370378
149.5	2955248713.4400644
150.5	3325343424.31902
151.5	3617881679.228958
152.5	4554402716.062853
153.5	5054064724.293115
154.5	8601105121.29042
155.5	7730396477.320883
156.5	7779936356.509011
157.5	6892774359.265128
158.5	6903177071.665864
159.5	6834826929.570323
160.5	7737081560.774812
161.5	9168709929.742636
162.5	10664512234.252415
163.5	11435341713.231209
164.5	13395294192.631887
165.5	21354059840.041054
166.5	14593516208.466923
167.5	17557328905.507133
168.5	19177642214.06748
169.5	25539702692.272903
170.5	29655354488.091526
171.5	30132793514.41871
172.5	33254820929.675114
173.5	33761450681.26732
174.5	41793282135.42088
175.5	51608343770.16208
176.5	56172281051.50472
177.5	68746866427.81772
178.5	77052685993.84999
179.5	77237764567.89261
180.5	96784850570.991
181.5	114785242225.74483
182.5	111403222226.1786
183.5	120192381271.6206
184.5	104456421321.89119
185.5	119929426492.14445
186.5	140271265054.5026
187.5	158172350206.06866
188.5	170662954323.64682
189.5	190100980712.238
190.5	200938383822.14917
191.5	215282186781.69064
192.5	232368355008.79095
193.5	180358374629.3559
194.5	296534464678.0594
195.5	290678744068.183
196.5	329267910220.0402
197.5	336842461028.76
198.5	340550757875.13525
199.5	371298202793.77795
200.5	407005978211.6539
201.5	456223971509.3491
202.5	452862741196.106
203.5	526829416728.8342
204.5	585096532222.4268
205.5	604141928523.9398
206.5	628708690162.0221
207.5	729228614214.5187
208.5	840191688275.7426
209.5	1214241938796.603
210.5	1588369037644.7202
211.5	1924736713992.937
212.5	1846395212441.412
213.5	1673307640074.4417
214.5	2384247475449.101
215.5	1965145263798.2944
216.5	1900088389074.74
217.5	1839082461598.023
218.5	2623344270519.8413
219.5	2765142545752.43
220.5	2741073626192.9546
221.5	1954608407891.1316
222.5	2895548747499.1577
223.5	3695805440175.248
224.5	3426838167840.7812
225.5	3029453499628.2886
226.5	2143667165343.8142
227.5	2176793392030.6306
228.5	3135736552607.9526
229.5	2669363309738.527
230.5	3271623678128.8657
231.5	2835517021288.493
232.5	3071266973572.3936
233.5	2596807349287.345
234.5	2108817888990.5574
235.5	3410789007426.221
236.5	2634176249259.0503
237.5	3215194666246.5586
238.5	2215274390810.528
239.5	2749346202770.9805
240.5	2535036979926.226
241.5	2973000561040.843
242.5	4475026254019.105
243.5	4092422922155.604
244.5	3905496511030.5073
245.5	3096401809919.276
246.5	3105268776363.738
247.5	3602003678061.9976
248.5	2800020492762.557
249.5	3579585499483.2056
250.5	3782361048671.3384
251.5	2944700996137.443
252.5	2607101949941.2275
253.5	3354681015686.222
254.5	3756496762850.8833
255.5	5357716112545.222
256.5	6454559234031.48
257.5	8053616118115.927
258.5	8569222312164.525
259.5	7222892185674.741
260.5	5875557721500.901
261.5	5752132505055.282
262.5	7317445365224.761
263.5	10732812340113.541
264.5	16815849882849.383
265.5	17565039665860.053
266.5	17114722453501.438
267.5	17204090226230.344
268.5	17223464069021.492
269.5	15382671273762.125
270.5	19432958374473.883
271.5	16249920826904.404
272.5	12952627317523.309
273.5	14818536918422.22
274.5	8731322760512.336
275.5	12583052664494.686
276.5	17555108132393.828
277.5	17488994976416.947
278.5	11552403592655.125
279.5	5516264814717.365
280.5	6405234633237.478
281.5	15064314335075.088
282.5	21071630486239.668
283.5	23422508129983.02
284.5	17967794629788.723
285.5	9174104207525.432
286.5	24488350667098.242
287.5	26802601971787.715
288.5	22177610282127.94
289.5	33122713447187.426
290.5	44382322013107.95
291.5	41325862403689.74
292.5	36131051775842.26
293.5	41007538339177.8
294.5	37062285585545.13
295.5	41620792195521.414
296.5	37062258906583.484
297.5	39788559867089.98
298.5	29551645073082.637
299.5	41185274952604.77
300.5	27276804855883.234
301.5	37191787928060.836
302.5	36639472247285.36
303.5	48086683989445.94
304.5	45317726954561.93
305.5	47529126050880.15
306.5	43295216593995.44
307.5	50154259228821.445
308.5	50471252587851.52
309.5	38309280262701.02
310.5	50723555106457.27
311.5	58047375287271.07
312.5	54149532091739.64
313.5	56168223045009.9
314.5	55219730266891.54
315.5	51320667920517.1
316.5	53810566727250.62
317.5	60893030059304.17
318.5	56351200716596.586
319.5	59800414921552.03
320.5	63820179521803.38
321.5	60135980554010.92
322.5	57210249268585.305
323.5	57611135293821.734
324.5	64858524101798.76
325.5	74989692704668.42
326.5	82691312260732.69
327.5	81717392263019.1
328.5	81917809388983.62
329.5	88625086293236.28
330.5	88536439965156.23
331.5	84559031016674.12
332.5	83021291162776.47
333.5	82028925351246.11
334.5	84073266174489.06
335.5	81947116306603.53
336.5	75476515028786.53
337.5	76552745437043.27
338.5	82307258378137.02
339.5	87583523647429.78
340.5	89148206752785.38
341.5	88058018751998.72
342.5	89239749536131.78
343.5	85119063065311.53
344.5	80149590381890.83
345.5	83411523945724.34
346.5	86084359779745.9
347.5	85161239787569.97
348.5	84817892202290.47
349.5	87974359230798.64
350.5	93392893947045.6
351.5	92901562661718.75
352.5	91747138993552.84
353.5	97743601003252.27
354.5	102802221499043.94
355.5	99282624255928.61
356.5	89705541523876.31
357.5	79716166120721.36
358.5	79682801583043.89
359.5	89065595720634.19
360.5	93009430544032.81
361.5	92782950143440.88
362.5	94951844326941.64
363.5	98423937327073.5
364.5	104139360618608.55
365.5	111797278237915.34
366.5	117203211232947.69
367.5	117399832600374.05
368.5	116443640107340.7
369.5	118164534153348.61
370.5	117657374929032.61
371.5	114172387398469.3
372.5	105882356338458.19
373.5	98839850111277.75
374.5	97567822822657.8
375.5	103310367814301.8
376.5	114294421951425.9
377.5	123173643020152.42
378.5	125342061746835.84
379.5	122079484209950.72
380.5	115904536391515.22
381.5	104514438889871.55
382.5	92359756421548.03
383.5	87377822245910.86
384.5	92418526961290.67
385.5	99345805654823.17
386.5	102763402944637.48
387.5	104702403918740.3
388.5	109577862366635.39
389.5	118487120445907.12
390.5	124043605956335.5
391.5	118733669739372.62
392.5	106768619303698.31
393.5	99850222543978.47
394.5	101640538098230.2
395.5	106830357082701.61
396.5	112647424946189.12
397.5	124406433497961.7
398.5	143923765494687.97
399.5	164038543108860.72
400.5	178077971201568.53
401.5	183971838159080.78
402.5	185421070567837.1
403.5	184241800412131.78
404.5	181856193859019.5
405.5	179628943011905.88
406.5	179959339343839.72
407.5	181126268165859.94
408.5	183241408178443.9
409.5	185557613780300.47
410.5	187385794228025.25
411.5	191039696386732.62
412.5	193409419563350.84
413.5	195575797672013.16
414.5	196414047909791.12
415.5	195770356288271.34
416.5	195292203462048.4
417.5	193636804913213.84
418.5	193558136206718.25
419.5	193692852425456.22
420.5	194057133779132.12
421.5	194794394129633.75
422.5	193818848392453.94
423.5	193065687795983.94
424.5	192004864434742.1
425.5	190509395660141.47
426.5	188226559137369.75
427.5	182532250114545.8
428.5	176789528363940.72
429.5	172715598729582.66
430.5	172102714038614.25
431.5	176738624513003.5
432.5	184492560969894.84
433.5	192445737120678.4
434.5	199288928580755.6
435.5	203305825548720.94
436.5	205383970595478.9
437.5	205759942990523.3
438.5	206668319369330.25
439.5	209143213263247.22
440.5	212921157690221.88
441.5	217948465286837.7
442.5	222448340225544.9
443.5	225478599011774.25
444.5	227822441544559.12
445.5	229540983899646.62
446.5	232095189699667.56
447.5	236200679272169.06
448.5	240129606816671.28
449.5	243073801705505.34
450.5	245251223915543.56
451.5	245499346919576.53
452.5	244618770986520.34
453.5	244323102578388.12
454.5	244845327987723.38
455.5	245669961871794.1
456.5	247139740140860.12
457.5	248819423962949.8
458.5	250139192007189.06
459.5	251363251890955.62
460.5	252488991411117.62
461.5	253335431950602.4
462.5	253613838781717.4
463.5	253217863980875.53
464.5	252384375230048.88
465.5	251402982616447.44
466.5	250303838384310.66
467.5	249849635406670.25
468.5	250191815394837.88
469.5	250972526693338.62
470.5	252230747923788.9
471.5	253953387577135.72
472.5	255756301980707.34
473.5	257468664719728.44
474.5	259233416212295.75
475.5	260907410562924.6
476.5	262335213720514.78
477.5	263771375254018.4
478.5	265064414342903.97
479.5	265716582534984.0
480.5	265509224870095.7
481.5	263496546492230.22
482.5	260365045345703.9
483.5	256614540373699.34
484.5	252818073418386.44
485.5	249656468195621.03
486.5	247816010854406.16
487.5	247803186561313.5
488.5	249232606280897.44
489.5	251373809319385.62
490.5	253818375449060.0
491.5	256150257612472.5
492.5	258188147955058.6
493.5	259493017213667.53
494.5	260347155958495.56
495.5	260506176067176.3
496.5	260117896759159.22
497.5	259542617499448.22
498.5	258684810879022.03
499.5	257827751979773.56
500.5	257272384236931.7
501.5	257132397436548.1
502.5	257569492190839.47
503.5	258486575353474.53
504.5	259685431242294.12
505.5	260926257214559.28
506.5	261957610309620.34
507.5	262501012057157.34
508.5	262601711557809.7
509.5	262347349182273.56
510.5	261600481358141.16
511.5	259785676653239.72
512.5	257278703233895.9
513.5	254844483217447.84
514.5	252638442243699.8
515.5	250685290578414.2
516.5	249121964485882.94
517.5	248317751623952.4
518.5	249339423420104.22
519.5	251054335714964.6
520.5	252878413447224.22
521.5	254705390777394.1
522.5	256677025849556.53
523.5	258797976108193.2
524.5	260706259354276.4
525.5	262081907252743.75
526.5	263054691367843.5
527.5	264055163667112.97
528.5	265655051083169.97
529.5	267110095857243.4
530.5	268297276462809.56
531.5	269150545429192.62
532.5	269738406906737.62
533.5	270197549997360.16
534.5	270446816852990.03
535.5	270430555070656.88
536.5	270043373764895.28
537.5	269661151731360.16
538.5	269367237676437.22
539.5	269234496522331.3
540.5	269329562484189.97
541.5	269575482728250.06
542.5	269949861359297.03
543.5	270439789033918.62
544.5	271041953118839.38
545.5	271633361619107.8
546.5	272166317946502.62
547.5	272802063455130.28
548.5	273322077872458.97
549.5	273715778386967.22
550.5	273861089549660.6
551.5	273821527953584.9
552.5	273677690182743.38
553.5	273537054467457.75
554.5	273348806581321.34
555.5	273120846218000.8
556.5	272823224263220.44
557.5	272537056777083.0
558.5	272318917792283.1
559.5	272358577037267.97
560.5	272560906725896.97
561.5	272834509610194.84
562.5	273075638296695.25
563.5	273426283952648.16
564.5	273857476125789.6
565.5	274464057376337.84
566.5	275082789889386.8
567.5	275715234772828.94
568.5	276270280634649.16
569.5	276805310205185.97
570.5	277314483714707.38
571.5	277879433893428.1
572.5	278468729026244.22
573.5	279045108994013.5
574.5	279554399920519.03
575.5	279977835252215.47
576.5	280277598918279.9
577.5	280540824652545.2
578.5	280783053918921.94
579.5	280852350283047.84
580.5	280717842357469.97
581.5	280434683435098.06
582.5	280105807628054.7
583.5	279754757085519.22
584.5	279385470219372.97
585.5	278987038597212.03
586.5	278627368667713.03
587.5	278288374857307.06
588.5	278076775617842.34
589.5	277920550605508.25
590.5	278016533566921.78
591.5	278137349509153.9
592.5	278297881442128.56
593.5	278487104540316.44
594.5	278695240234069.38
595.5	278898304644552.94
596.5	279099491435488.44
597.5	279233933476149.16
598.5	279338267136544.22
599.5	279299600998539.06
600.5	279214842331752.66
601.5	279037940980216.34
602.5	278843475055392.28
603.5	278629394626213.12
604.5	278317990134862.97
605.5	277940535760146.4
606.5	277434252264788.44
607.5	276875680764944.5
608.5	276342677149702.56
609.5	275813216838369.03
610.5	275343295333710.34
611.5	274877337359258.38
612.5	274417592109196.6
613.5	273955973751036.53
614.5	273561938022288.2
615.5	273176262193349.94
616.5	273054616603994.6
617.5	272942327907042.84
618.5	273003856193825.75
619.5	273060325112501.06
620.5	273055466433823.28
621.5	273047022022655.9
622.5	272985466641758.7
623.5	272922962699131.8
624.5	272924368401096.16
625.5	272924376756114.66
626.5	272968869594291.4
627.5	273014026350236.03
628.5	272909432107141.25
629.5	272784736610858.3
630.5	272623248641859.66
631.5	272451105777782.1
632.5	272322489524686.66
633.5	272212550253292.03
634.5	272107441789322.66
635.5	272005586891435.34
636.5	271858147081593.0
637.5	271650595103550.16
638.5	271436997732207.47
639.5	271210417801915.16
640.5	270984613276537.16
641.5	270785271915575.22
642.5	270583990026832.56
643.5	270070044314749.25
644.5	269514728663214.72
645.5	268912898509130.34
646.5	268287410930934.34
647.5	267688213086775.22
648.5	267123503287498.16
649.5	266571538748783.56
650.5	266083904855650.62
651.5	265593509825961.5
652.5	265146655663096.22
653.5	264701768622653.4
654.5	264409357377828.1
655.5	264210009700045.88
656.5	264139847773246.22
657.5	264374438577303.4
658.5	264608519100791.38
659.5	264982081914613.62
660.5	265359895221617.62
661.5	265713980616126.53
662.5	266052775135910.06
663.5	266379792037592.12
664.5	266667731871260.78
665.5	266955329983729.38
666.5	267211935888936.34
667.5	267462261151198.62
668.5	267627290680874.0
669.5	267674273653943.16
670.5	267720201042164.1
671.5	267550434079328.06
672.5	267374585343871.6
673.5	267182255372050.44
674.5	266973958564634.53
675.5	266763595538341.34
676.5	266542620833210.6
677.5	266319825322451.3
678.5	266083085404191.2
679.5	265833281432945.38
680.5	265581587932065.0
681.5	265323678239473.47
682.5	265063866319780.0
683.5	264799964276899.2
684.5	264531364935838.72
685.5	264260848817592.5
686.5	263964620215689.84
687.5	263662844652182.7
688.5	263355513665594.06
689.5	263036539524467.72
690.5	262715530632554.25
691.5	262401337329716.12
692.5	262089907332859.16
693.5	261776596682746.22
694.5	261472664327307.6
695.5	261166769685285.44
696.5	260863285927972.47
697.5	260566353727076.94
698.5	260267496173606.62
699.5	259978214633593.34
700.5	259693242522316.5
701.5	259406395650056.78
702.5	259125277333489.97
703.5	258842791911323.3
704.5	258555335137213.97
705.5	258253521585064.5
706.5	257949812018752.3
707.5	257640974146965.1
708.5	257325940402504.3
709.5	257008989394533.53
710.5	256693465046420.66
711.5	256377835956027.8
712.5	256060304083469.16
713.5	255728125653878.12
714.5	255391394891238.62
715.5	255052718308043.38
716.5	254739348743240.5
717.5	254424385095411.4
718.5	254113621921839.56
719.5	253841681851191.97
720.5	253568002760463.3
721.5	253298118057959.34
722.5	253044056419785.62
723.5	252788319672460.72
724.5	252526906826070.1
725.5	252255293986996.66
726.5	251981971523676.03
727.5	251720393311564.5
728.5	251479123695038.06
729.5	251236241787420.28
730.5	251007305570612.6
731.5	250799218621499.03
732.5	250589623272594.25
733.5	250369747898026.66
734.5	250136210494612.03
735.5	249901107745738.72
736.5	249670221595042.16
737.5	249446470491329.8
738.5	249221193295000.62
739.5	249014679630359.62
740.5	248844426432187.97
741.5	248672803923969.44
742.5	248513573686751.28
743.5	248388445789565.9
744.5	248262080968875.75
745.5	248132012596289.2
746.5	247988641578242.53
747.5	247843994710926.34
748.5	247697140865371.47
749.5	247526631731460.16
750.5	247354784548615.44
751.5	247181599316837.2
752.5	247011532086158.66
753.5	246840690129516.56
754.5	246668523431044.88
755.5	246476584025449.78
756.5	246275354305793.25
757.5	246072730077963.78
758.5	245856193774958.72
759.5	245625184292917.72
760.5	245392712943296.84
761.5	245157828677897.62
762.5	244918464439566.75
763.5	244677627926037.25
764.5	244435319137309.16
765.5	244219463561417.75
766.5	244003073473590.22
767.5	243785286327188.34
768.5	243594926131213.84
769.5	243417459263827.22
770.5	243238707298592.3
771.5	243055629887901.2
772.5	242865605819188.25
773.5	242674274133618.53
774.5	242481634831192.28
775.5	242278636844599.66
776.5	242074216355803.25
777.5	241868464671833.62
778.5	241663241368176.66
779.5	241457932956109.7
780.5	241251301311085.28
781.5	241040389457012.84
782.5	240815524615991.16
783.5	240589296713395.16
784.5	240361705749224.72
785.5	240103106776422.5
786.5	239832640209306.62
787.5	239560708580007.22
788.5	239282763548212.94
789.5	238991028957102.5
790.5	238697786575324.38
791.5	238403036402878.53
792.5	238136925372354.88
793.5	237878398922352.12
794.5	237618463487638.9
795.5	237360891730469.38
796.5	237114566567790.44
797.5	236866873659569.78
798.5	236617813005807.28
799.5	236347001736405.78
800.5	236064719851338.2
801.5	235780994117678.97
802.5	235498018406747.16
803.5	235238865273639.06
804.5	234978336636840.3
805.5	234716432496350.7
806.5	234468046310418.4
807.5	234236547240501.5
808.5	234003754741472.7
809.5	233769668813331.88
810.5	233523872418218.9
811.5	233274149416163.6
812.5	233023100853479.2
813.5	232768255008465.7
814.5	232492054467239.78
815.5	232214473122121.75
816.5	231935510973111.34
817.5	231669093228499.1
818.5	231422242111058.75
819.5	231174095359195.8
820.5	230924652972910.28
821.5	230700468781761.4
822.5	230489369224297.7
823.5	230277073489612.75
824.5	230063581577706.62
825.5	229823647937799.03
826.5	229579010211006.94
827.5	229333106802146.03
828.5	229079598608104.7
829.5	228740488263621.72
830.5	228399893628461.88
831.5	228057814702625.06
832.5	227705875684782.78
833.5	227325877023439.22
834.5	226944310229563.6
835.5	226561175303156.03
836.5	226189155337190.5
837.5	225837218916111.12
838.5	225483796319773.25
839.5	225128887548176.8
840.5	224737078159470.9
841.5	224303715377238.03
842.5	223868687122004.2
843.5	223431993393769.28
844.5	222971984118318.2
845.5	222491793602384.38
846.5	222009842663230.38
847.5	221526131300856.25
848.5	221102753960326.84
849.5	220722780495870.1
850.5	220341298957958.75
851.5	219958309346592.84
852.5	219652651253176.12
853.5	219400521148009.06
854.5	219147196462469.22
855.5	218892677196556.62
856.5	218685139284002.1
857.5	218512904966491.47
858.5	218339673428052.3
859.5	218165444668684.6
860.5	218003861664288.88
861.5	217854436338571.94
862.5	217704075967250.44
863.5	217552780550324.34
864.5	217442007809362.22
865.5	217385415087856.97
866.5	217328110370616.44
867.5	217270093657640.4
868.5	217240329509500.3
869.5	217271540625995.1
870.5	217302248184870.34
871.5	217332452186125.97
872.5	217354442822016.3
873.5	217338227082156.0
874.5	217321403826371.7
875.5	217303973054663.53
876.5	217285934767031.47
877.5	217206054100747.06
878.5	217125426351900.06
879.5	217044051520490.47
880.5	216961929606518.25
881.5	216885824130565.28
882.5	216810786854995.66
883.5	216735021921522.44
884.5	216658529330145.6
885.5	216566246517330.75
886.5	216461353789607.84
887.5	216355672653140.25
888.5	216249203107928.0
889.5	216125457930494.12
890.5	215960476622546.12
891.5	215794579075623.5
892.5	215627765289726.34
893.5	215460035264854.62
894.5	215264649513893.1
895.5	215068287737512.94
896.5	214870949935714.12
897.5	214672636108496.66
898.5	214454645480098.44
899.5	214226416118430.34
900.5	213997148602004.53
901.5	213766842930820.8
902.5	213540329950942.56
903.5	213323553964275.75
904.5	213105774356644.8
905.5	212886991128049.75
906.5	212667204278490.56
907.5	212462966933210.84
908.5	212259009754772.12
909.5	212054088181946.44
910.5	211848202214733.88
911.5	211637942571410.66
912.5	211423431875083.3
913.5	211207942116533.28
914.5	210991473295760.62
915.5	210772875142280.8
916.5	210537996555992.6
917.5	210302103009206.47
918.5	210065194501922.44
919.5	209827271034140.53
920.5	209607349297175.38
921.5	209399683263085.8
922.5	209191072299308.1
923.5	208981516405842.22
924.5	208771811951059.1
925.5	208569225168234.62
926.5	208365712598042.06
927.5	208161274240481.5
928.5	207955910095552.84
929.5	207739330755634.8
930.5	207513710256403.62
931.5	207287124434694.75
932.5	207059573290508.28
933.5	206831056823844.12
934.5	206588142085915.88
935.5	206344233276555.9
936.5	206099330395764.22
937.5	205853433443540.88
938.5	205626385976833.38
939.5	205426972515543.62
940.5	205226668123833.16
941.5	205025472801701.8
942.5	204823386549149.84
943.5	204658472859295.53
944.5	204502274883746.38
945.5	204345286834938.94
946.5	204187508712873.2
947.5	204018830243801.2
948.5	203791988343268.3
949.5	203564214096495.56
950.5	203335507503483.03
951.5	203105868564230.78
952.5	202875297278738.72
953.5	202693579042223.84
954.5	202526771078265.66
955.5	202359168171526.44
956.5	202190770322006.22
957.5	202027015495051.6
958.5	201917518380237.22
959.5	201807352530134.62
960.5	201696517944743.78
961.5	201585014624064.78
962.5	201480033146882.72
963.5	201385656363579.84
964.5	201290649156430.88
965.5	201195011525435.8
966.5	201098743470594.53
967.5	200993752778901.1
968.5	200884125098814.9
969.5	200773842027585.66
970.5	200662903565213.44
971.5	200551309711698.25
972.5	200407733303374.7
973.5	200260710175544.03
974.5	200112961628262.22
975.5	199964487661529.2
976.5	199809307636660.38
977.5	199619464951454.72
978.5	199428815185918.22
979.5	199237358340050.66
980.5	199045094413852.06
981.5	198848513830765.28
982.5	198644594590220.66
983.5	198439847836616.3
984.5	198234273569952.4
985.5	198027871790228.88
986.5	197817183244783.7
987.5	197602463779938.56
988.5	197386903315142.9
989.5	197170501850396.5
990.5	196953259385699.53
991.5	196728641807819.56
992.5	196500092071677.6
993.5	196270681952851.8
994.5	196040411451342.0
995.5	195809280567148.3
996.5	195594348077419.97
997.5	195382858416353.25
998.5	195170551169334.06
999.5	194957426336362.38
1000.5	194743483917438.12
1001.5	194557639040222.12
1002.5	194373896914048.8
1003.5	194189400656472.16
1004.5	194004150267492.38
1005.5	193818145747109.38
1006.5	193662213175507.53
1007.5	193505899410422.84
1008.5	193348893386671.62
1009.5	193191195104253.88
1010.5	193032355629119.56
1011.5	192864284818714.38
1012.5	192695503978873.88
1013.5	192526013109597.84
1014.5	192355812210886.28
1015.5	192184986406451.3
1016.5	192014430626897.7
1017.5	191843166913519.4
1018.5	191671195266316.6
1019.5	191498515685289.06
1020.5	191326720530224.3
1021.5	191170336865914.72
1022.5	191013279942717.3
1023.5	190855549760632.1
1024.5	190697146319659.16
1025.5	190537283119591.62
1026.5	190368784981122.97
1027.5	190199596540585.22
1028.5	190029717797978.5
1029.5	189859148753302.72
1030.5	189686686062594.22
1031.5	189494660051185.97
1032.5	189301904813433.7
1033.5	189108420349337.3
1034.5	188914206658896.78
1035.5	188719145301130.38
1036.5	188511617507386.34
1037.5	188303337611203.22
1038.5	188094305612581.0
1039.5	187884521511519.7
1040.5	187673985308019.25
1041.5	187462946056480.97
1042.5	187251173944793.84
1043.5	187038650244926.72
1044.5	186825374956879.6
1045.5	186611348080652.53
1046.5	186382846866731.03
1047.5	186150951483875.25
1048.5	185918273291422.28
1049.5	185684812289372.16
1050.5	185450568477724.72
1051.5	185189511189070.3
1052.5	184917984641994.0
1053.5	184645607461357.5
1054.5	184372379647160.8
1055.5	184098301199404.12
1056.5	183817241405349.38
1057.5	183531228361638.34
1058.5	183244345341528.53
1059.5	182956592345019.72
1060.5	182667969372112.12
1061.5	182377082113268.22
1062.5	182083683910850.53
1063.5	181789410021044.47
1064.5	181494260443849.97
1065.5	181198235179267.06
1066.5	180903793021608.94
1067.5	180614505238739.78
1068.5	180324357668343.53
1069.5	180033350310420.3
1070.5	179741483164970.03
1071.5	179452237009148.28
1072.5	179190326497737.44
1073.5	178927615262595.47
1074.5	178664103303722.47
1075.5	178399790621118.44
1076.5	178134677214783.34
1077.5	177906763063509.97
1078.5	177681880449695.2
1079.5	177456274621603.5
1080.5	177229945579234.94
1081.5	177002893322589.6
1082.5	176808559111895.47
1083.5	176628601685760.84
1084.5	176448010589173.03
1085.5	176266785822131.9
1086.5	176084927384637.6
1087.5	175919404624825.16
1088.5	175773218259408.47
1089.5	175626466067009.3
1090.5	175479148047627.66
1091.5	175331264201263.66
1092.5	175187554597386.75
1093.5	175061135855822.1
1094.5	174934192608573.72
1095.5	174806724855641.56
1096.5	174678732597025.53
1097.5	174550215832725.78
1098.5	174435821018297.38
1099.5	174321699932293.56
1100.5	174207082410376.78
1101.5	174091968452547.12
1102.5	173976358058804.44
1103.5	173853390045820.75
1104.5	173726530710381.3
1105.5	173599156378861.9
1106.5	173471267051262.62
1107.5	173342862727583.38
1108.5	173208433116674.12
1109.5	173064087716124.16
1110.5	172919200449528.0
1111.5	172773771316885.78
1112.5	172627800318197.28
1113.5	172480794812266.3
1114.5	172326695587313.9
1115.5	172172041855576.4
1116.5	172016833617053.84
1117.5	171861070871746.25
1118.5	171704753619653.62
1119.5	171543717461702.97
1120.5	171380729984236.72
1121.5	171217178080321.16
1122.5	171053061749956.16
1123.5	170888380993141.88
1124.5	170718954622543.8
1125.5	170542934207743.12
1126.5	170366331228622.22
1127.5	170189145685181.06
1128.5	170011377577419.75
1129.5	169832996954827.72
1130.5	169653635448664.3
1131.5	169473690620563.38
1132.5	169293162470524.72
1133.5	169112050998548.47
1134.5	168930356204634.6
1135.5	168756099208654.44
1136.5	168584552135982.06
1137.5	168412441639834.28
1138.5	168239767720211.06
1139.5	168066530377112.47
1140.5	167893228368248.97
1141.5	167720332836177.56
1142.5	167546876453071.7
1143.5	167372859218931.38
1144.5	167198281133756.6
1145.5	167023142197547.34
1146.5	166833597926790.28
1147.5	166643040100763.97
1148.5	166451896525904.06
1149.5	166260167202210.38
1150.5	166067852129682.97
1151.5	165872959440404.94
1152.5	165676033902959.4
1153.5	165478516651843.0
1154.5	165280407687055.72
1155.5	165081707008597.44
1156.5	164883658500182.0
1157.5	164690691910343.62
1158.5	164497145557487.16
1159.5	164303019441612.84
1160.5	164108313562720.53
1161.5	163913027920810.25
1162.5	163715917139600.3
1163.5	163517852137280.7
1164.5	163319204589368.0
1165.5	163119974495862.2
1166.5	162920161856763.25
1167.5	162717600262551.6
1168.5	162510425633479.06
1169.5	162302657855401.84
1170.5	162094296928320.0
1171.5	161885342852233.6
1172.5	161675795627142.47
1173.5	161476259238684.84
1174.5	161276946603232.0
1175.5	161077060251471.72
1176.5	160876600183404.03
1177.5	160675566399029.03
1178.5	160486549056069.25
1179.5	160310094524179.34
1180.5	160133109880902.53
1181.5	159955595126238.94
1182.5	159777550260188.44
1183.5	159600269528570.5
1184.5	159447072321207.8
1185.5	159293388745451.78
1186.5	159139218801302.3
1187.5	158984562488759.5
1188.5	158829419807823.25
1189.5	158679179787335.56
1190.5	158532058165680.47
1191.5	158384465277296.12
1192.5	158236401122182.5
1193.5	158087865700339.62
1194.5	157941916574615.44
1195.5	157812841996007.97
1196.5	157683330280017.97
1197.5	157553381426645.38
1198.5	157422995435890.28
1199.5	157292172307752.6
1200.5	157182689456475.6
1201.5	157083062479933.16
1202.5	156983051719792.7
1203.5	156882657176054.2
1204.5	156781878848717.75
1205.5	156680438066237.56
1206.5	156577624200936.03
1207.5	156474424450520.4
1208.5	156370838814990.66
1209.5	156266867294346.75
1210.5	156162509888588.75
1211.5	156059424942468.78
1212.5	155956539991518.6
1213.5	155853272855010.94
1214.5	155749623532945.75
1215.5	155645592025323.06
1216.5	155539856579542.78
1217.5	155430160210132.56
1218.5	155320073606862.38
1219.5	155209596769732.2
1220.5	155098729698741.9
1221.5	154987472393891.7
1222.5	154868930177197.8
1223.5	154748040203524.5
1224.5	154626745534918.44
1225.5	154505046171379.5
1226.5	154382942112907.78
1227.5	154256659349929.25
1228.5	154121152546630.34
1229.5	153985220551401.6
1230.5	153848863364243.06
1231.5	153712080985154.66
1232.5	153574873414136.5
1233.5	153430883864441.75
1234.5	153284966508946.28
1235.5	153138611236940.75
1236.5	152991818048425.2
1237.5	152844586943399.47
1238.5	152696169304162.7
1239.5	152545644915996.72
1240.5	152394678711610.0
1241.5	152243270691002.56
1242.5	152091420854174.44
1243.5	151939129201125.6
1244.5	151770903623979.38
1245.5	151598807894497.6
1246.5	151426239986698.72
1247.5	151253199900582.8
1248.5	151079687636149.75
1249.5	150900787335401.72
1250.5	150710952429268.22
1251.5	150520620755691.94
1252.5	150329792314672.9
1253.5	150138467106211.12
1254.5	149946645130306.62
1255.5	149763109973095.72
1256.5	149581021680614.38
1257.5	149398453684314.94
1258.5	149215405984197.5
1259.5	149031878580262.06
1260.5	148852359136870.9
1261.5	148682363706776.4
1262.5	148511911542061.22
1263.5	148341002642725.44
1264.5	148169637008768.97
1265.5	147997814640191.88
1266.5	147833269106851.28
1267.5	147670094530978.22
1268.5	147506478297653.22
1269.5	147342420406876.34
1270.5	147177920858647.6
1271.5	147018582197072.8
1272.5	146871893574700.72
1273.5	146724792669862.25
1274.5	146577279482557.28
1275.5	146429354012785.9
1276.5	146281016260548.12
1277.5	146154148861378.2
1278.5	146032378379470.75
1279.5	145910238438258.38
1280.5	145787729037741.1
1281.5	145664850177918.94
1282.5	145550520593494.22
1283.5	145457688006763.72
1284.5	145364533920584.16
1285.5	145271058334955.56
1286.5	145177261249877.97
1287.5	145083142665351.4
1288.5	144985682240606.7
1289.5	144887043076127.22
1290.5	144788076401749.75
1291.5	144688782217474.3
1292.5	144589160523300.8
1293.5	144488452532036.78
1294.5	144385463182137.03
1295.5	144282142132228.3
1296.5	144178489382310.66
1297.5	144074504932384.1
1298.5	143970188782448.56
1299.5	143865062187978.8
1300.5	143759460045031.75
1301.5	143653525245175.2
1302.5	143547257788409.03
1303.5	143440657674733.47
1304.5	143332957418421.5
1305.5	143222737271574.56
1306.5	143112179942148.28
1307.5	143001285430142.62
1308.5	142890053735557.56
1309.5	142778484858393.1
1310.5	142663537803196.06
1311.5	142547287877311.53
1312.5	142430694662308.44
1313.5	142313758158186.75
1314.5	142196478364946.5
1315.5	142080481586075.62
1316.5	141968776219132.44
1317.5	141856737072783.2
1318.5	141744364147027.88
1319.5	141631657441866.5
1320.5	141518616957299.16
1321.5	141404284706455.03
1322.5	141289314475264.12
1323.5	141174008556972.88
1324.5	141058366951581.2
1325.5	140942389659089.1
1326.5	140826761074238.62
1327.5	140712747195340.7
1328.5	140598401598113.52
1329.5	140483724282557.14
1330.5	140368715248671.52
1331.5	140253374496456.64
1332.5	140137882369407.67
1333.5	140022115788030.98
1334.5	139906017844488.73
1335.5	139789588538780.94
1336.5	139672827870907.62
1337.5	139553074000540.27
1338.5	139425782579324.75
1339.5	139298145054010.38
1340.5	139170161424597.25
1341.5	139041831691085.27
1342.5	138913155853474.47
1343.5	138781703412633.78
1344.5	138649215213884.67
1345.5	138516376272369.83
1346.5	138383186588089.22
1347.5	138249646161042.8
1348.5	138115738957392.28
1349.5	137981441702825.94
1350.5	137846793623492.95
1351.5	137711794719393.31
1352.5	137576444990526.98
1353.5	137440744436894.06
1354.5	137305395036526.1
1355.5	137169860630983.73
1356.5	137033976680319.67
1357.5	136897743184533.92
1358.5	136761160143626.45
1359.5	136627796697234.4
1360.5	136501340721627.45
1361.5	136374551112005.23
1362.5	136247427868367.86
1363.5	136119970990715.34
1364.5	135992180479047.56
1365.5	135871063089551.16
1366.5	135750763798641.75
1367.5	135630142806915.12
1368.5	135509200114371.25
1369.5	135387935721010.2
1370.5	135268119788986.3
1371.5	135150875006061.6
1372.5	135033315320307.89
1373.5	134915440731725.31
1374.5	134797251240313.77
1375.5	134678746846073.28
1376.5	134558325554203.7
1377.5	134437447626773.0
1378.5	134316252266475.27
1379.5	134194739473310.58
1380.5	134072909247278.83
1381.5	133949580274741.25
1382.5	133824544395850.66
1383.5	133699187366289.08
1384.5	133573509186056.45
1385.5	133447509855152.78
1386.5	133321189373578.06
1387.5	133188138782854.4
1388.5	133054757803321.38
1389.5	132921046434978.92
1390.5	132787004677827.12
1391.5	132652632531865.98
1392.5	132513947474342.33
1393.5	132371665540357.36
1394.5	132229042817634.16
1395.5	132086079306172.73
1396.5	131942775005973.08
1397.5	131799109847179.89
1398.5	131654923112976.62
1399.5	131510395302809.98
1400.5	131365526416680.02
1401.5	131220316454586.7
1402.5	131074765416530.05
1403.5	130929277309028.84
1404.5	130783656974137.14
1405.5	130637696435574.38
1406.5	130491395693340.47
1407.5	130344754747435.53
1408.5	130197565200211.11
1409.5	130049295764436.28
1410.5	129900684779925.4
1411.5	129751732246678.4
1412.5	129602438164695.28
1413.5	129452802533976.06
1414.5	129311104434610.69
1415.5	129171278816513.7
1416.5	129031126467422.86
1417.5	128890647387338.14
1418.5	128749841576259.64
1419.5	128609753873615.36
1420.5	128471121216312.56
1421.5	128332165806727.25
1422.5	128192887644859.39
1423.5	128053286730708.97
1424.5	127913363064276.03
1425.5	127786181368861.39
1426.5	127659383350571.19
1427.5	127532281874758.64
1428.5	127404876941423.72
1429.5	127277168550566.44
1430.5	127155101748275.23
1431.5	127037807639054.66
1432.5	126920225464614.53
1433.5	126802355224954.94
1434.5	126684196920075.75
1435.5	126566524660348.83
1436.5	126453323975960.94
1437.5	126339842930094.06
1438.5	126226081522748.27
1439.5	126112039753923.53
1440.5	125997717623619.84
1441.5	125895207930661.05
1442.5	125796686423008.44
1443.5	125697907226953.58
1444.5	125598870342496.47
1445.5	125499575769637.12
1446.5	125400050746601.14
1447.5	125300318693070.67
1448.5	125200329058740.52
1449.5	125100081843610.55
1450.5	124999577047680.88
1451.5	124898814670951.38
1452.5	124788623827706.27
1453.5	124677780392619.98
1454.5	124566666222853.16
1455.5	124455281318405.72
1456.5	124343625679277.67
1457.5	124231298255668.17
1458.5	124118420660213.28
1459.5	124005271397322.5
1460.5	123891850466995.83
1461.5	123778157869233.27
1462.5	123662464689141.61
1463.5	123540363496810.38
1464.5	123417979890097.52
1465.5	123295313869003.05
1466.5	123172365433527.0
1467.5	123049134583669.31
1468.5	122900924421972.8
1469.5	122748375047407.44
1470.5	122595504147363.97
1471.5	122442311721842.36
1472.5	122288797770842.61
1473.5	122137072006642.08
1474.5	121987138724549.1
1475.5	121836889644055.78
1476.5	121686324765162.12
1477.5	121535444087868.06
1478.5	121386820394016.2
1479.5	121251400622377.98
1480.5	121115686803961.3
1481.5	120979678938766.23
1482.5	120843377026792.69
1483.5	120706781068040.81
1484.5	120585558608973.38
1485.5	120467504745575.02
1486.5	120349182577080.97
1487.5	120230592103491.16
1488.5	120111733324805.64
1489.5	120001626716225.52
1490.5	119900658875724.78
1491.5	119799447448668.86
1492.5	119697992435057.8
1493.5	119596293834891.47
1494.5	119497924656345.89
1495.5	119416773032355.64
1496.5	119335405948535.08
1497.5	119253823404884.16
1498.5	119172025401402.9
1499.5	119090011938091.34
1500.5	119038122039949.34
1501.5	118991414634226.75
1502.5	118944539343443.03
1503.5	118897496167598.16
1504.5	118850285106692.16
1505.5	118807918570501.28
1506.5	118769494594644.44
1507.5	118730914840630.86
1508.5	118692179308460.62
1509.5	118653287998133.72
1510.5	118609734646691.11
1511.5	118552491811753.48
1512.5	118495069332321.12
1513.5	118437467208393.97
1514.5	118379685439972.05
1515.5	118321724027055.36
1516.5	118260129724434.4
1517.5	118198207242991.39
1518.5	118136100373063.61
1519.5	118073809114651.02
1520.5	118011333467753.66
1521.5	117939336840853.88
1522.5	117862746974730.06
1523.5	117785954671772.27
1524.5	117708959931980.5
1525.5	117631762755354.75
1526.5	117541091584881.4
1527.5	117431089984082.89
1528.5	117320843536163.8
1529.5	117210352241124.16
1530.5	117099616098963.89
1531.5	116985229801670.4
1532.5	116849662230869.61
1533.5	116713818048496.83
1534.5	116577697254552.06
1535.5	116441299849035.34
1536.5	116304625831946.61
1537.5	116148511353750.44
1538.5	115989725229194.06
1539.5	115830634483419.9
1540.5	115671239116427.94
1541.5	115511539128218.22
1542.5	115332483147304.81
1543.5	115142374499351.72
1544.5	114951922633399.08
1545.5	114761127549446.88
1546.5	114569989247495.14
1547.5	114372658278778.1
1548.5	114166553593331.0
1549.5	113960087251179.11
1550.5	113753259252322.31
1551.5	113546069596760.7
1552.5	113336231127855.62
1553.5	113115602075412.0
1554.5	112894594997277.1
1555.5	112673209893450.83
1556.5	112451446763933.2
1557.5	112229305608724.25
1558.5	112014722679351.08
1559.5	111800102798084.27
1560.5	111585115499953.44
1561.5	111369760784958.55
1562.5	111154038653099.64
1563.5	110957878264999.6
1564.5	110768023255421.52
1565.5	110577834819659.55
1566.5	110387312957713.61
1567.5	110196457669583.7
1568.5	110021757220362.16
1569.5	109860243368742.69
1570.5	109698434316841.47
1571.5	109536330064658.5
1572.5	109373930612193.86
1573.5	109226448997244.45
1574.5	109105754107152.89
1575.5	108984817729443.47
1576.5	108863639864116.2
1577.5	108742220511171.14
1578.5	108624273288852.97
1579.5	108523017595905.83
1580.5	108421546555616.38
1581.5	108319860167984.61
1582.5	108217958433010.58
1583.5	108115978329672.69
1584.5	108027352534757.45
1585.5	107938528693286.61
1586.5	107849506805260.12
1587.5	107760286870678.02
1588.5	107670868889540.3
1589.5	107599708019240.9
1590.5	107531631165145.36
1591.5	107463383583713.95
1592.5	107394965274946.66
1593.5	107326376238843.45
1594.5	107258467789870.61
1595.5	107190754759249.73
1596.5	107122872526741.12
1597.5	107054821092344.72
1598.5	106986600456060.55
1599.5	106895126424948.98
1600.5	106784555452630.89
1601.5	106681944216286.98
1602.5	106596517884509.62
1603.5	106510901799101.64
1604.5	106425095960063.08
1605.5	106339100367393.94
1606.5	106252915021094.22
1607.5	106166539921163.89
1608.5	106079975067603.0
1609.5	105993220460411.5
1610.5	105906276099589.42
1611.5	105819141985136.75
1612.5	105731818117053.5
1613.5	105644304495339.67
1614.5	105556601119995.22
1615.5	105468707991020.22
1616.5	105380625108414.61
1617.5	105286980526274.05
1618.5	105190115960507.33
1619.5	105093051262543.73
1620.5	104995786432383.28
1621.5	104898321470025.97
1622.5	104800656375471.81
1623.5	104702791148720.75
1624.5	104604725789772.88
1625.5	104506460298628.1
1626.5	104407994675286.45
1627.5	104309328919747.97
1628.5	104210463032012.64
1629.5	104111397012080.4
1630.5	104012130859951.33
1631.5	103912664575625.39
1632.5	103811352096054.98
1633.5	103690896147080.34
1634.5	103570214858205.19
1635.5	103449308229429.56
1636.5	103328176260753.4
1637.5	103206818952176.77
1638.5	103085236303699.62
1639.5	102963428315321.97
1640.5	102841394987043.81
1641.5	102719136318865.16
1642.5	102596652310786.0
1643.5	102473942962806.34
1644.5	102351008274926.17
1645.5	102227848247145.55
1646.5	102104462879464.36
1647.5	101980852171882.69
1648.5	101859805551490.61
1649.5	101740476566699.95
1650.5	101620927977941.5
1651.5	101501159785215.25
1652.5	101381171988521.19
1653.5	101260964587859.33
1654.5	101140537583229.66
1655.5	101019890974632.2
1656.5	100899024762066.92
1657.5	100777938945533.83
1658.5	100656633525032.95
1659.5	100535108500564.25
1660.5	100413363872127.75
1661.5	100291399639723.45
1662.5	100169215803351.36
1663.5	100048238380615.84
1664.5	99933126061146.02
1665.5	99817803161280.14
1666.5	99702269681018.22
1667.5	99586525620360.27
1668.5	99470570979306.25
1669.5	99354405757856.2
1670.5	99238029956010.1
1671.5	99121443573767.94
1672.5	99004646611129.78
1673.5	98887639068095.56
1674.5	98770420944665.28
1675.5	98652992240839.0
1676.5	98535352956616.64
1677.5	98417503091998.23
1678.5	98299442646983.8
1679.5	98190113793388.36
1680.5	98081690878315.81
1681.5	97973069347579.69
1682.5	97864249201179.94
1683.5	97755230439116.58
1684.5	97646013061389.6
1685.5	97536597067999.02
1686.5	97426982458944.84
1687.5	97317169234227.05
1688.5	97207157393845.64
1689.5	97096946937800.62
1690.5	96986537866092.02
1691.5	96875930178719.78
1692.5	96765123875683.94
1693.5	96654118956984.48
1694.5	96511085952991.7
1695.5	96352829351889.33
1696.5	96194318888096.39
1697.5	96035554561612.88
1698.5	95876536372438.84
1699.5	95717264320574.27
1700.5	95557738406019.11
1701.5	95397958628773.45
1702.5	95237924988837.22
1703.5	95077637486210.44
1704.5	94917096120893.11
1705.5	94756300892885.25
1706.5	94595251802186.83
1707.5	94433948848797.88
1708.5	94272392032718.38
1709.5	94099607746610.19
1710.5	93918273581520.98
1711.5	93736663030263.39
1712.5	93554776092837.39
1713.5	93372612769242.98
1714.5	93190173059480.16
1715.5	93007456963548.94
1716.5	92824464481449.31
1717.5	92641195613181.3
1718.5	92457650358744.86
1719.5	92273828718140.03
1720.5	92089730691366.78
1721.5	91905356278425.16
1722.5	91720705479315.11
1723.5	91535778294036.66
1724.5	91382037815149.9
1725.5	91253814897428.53
1726.5	91125381938128.89
1727.5	90996738937250.97
1728.5	90867885894794.75
1729.5	90738822810760.28
1730.5	90609549685147.53
1731.5	90480066517956.5
1732.5	90350373309187.19
1733.5	90220470058839.6
1734.5	90090356766913.73
1735.5	89960033433409.61
1736.5	89829500058327.16
1737.5	89698756641666.47
1738.5	89567803183427.52
1739.5	89462494290461.44
1740.5	89371556659324.66
1741.5	89280455434236.17
1742.5	89189190615195.95
1743.5	89097762202204.05
1744.5	89006170195260.44
1745.5	88914414594365.08
1746.5	88822495399518.03
1747.5	88730412610719.27
1748.5	88638166227968.81
1749.5	88545756251266.61
1750.5	88453182680612.7
1751.5	88360445516007.1
1752.5	88267544757449.77
1753.5	88174480404940.72
1754.5	88058538931820.42
1755.5	87937077072047.55
1756.5	87815419653215.0
1757.5	87693566675322.81
1758.5	87571518138371.02
1759.5	87449274042359.52
1760.5	87326834387288.4
1761.5	87204199173157.62
1762.5	87081368399967.2
1763.5	86958342067717.12
1764.5	86835120176407.4
1765.5	86711702726038.03
1766.5	86588089716608.98
1767.5	86464281148120.31
1768.5	86339497488590.7
1769.5	86204154893075.6
1770.5	86068604144583.77
1771.5	85932845243115.25
1772.5	85796878188670.0
1773.5	85660702981248.05
1774.5	85524319620849.39
1775.5	85387728107474.02
1776.5	85250928441121.94
1777.5	85113920621793.14
1778.5	84976704649487.64
1779.5	84839280524205.42
1780.5	84701648245946.48
1781.5	84563807814710.86
1782.5	84425759230498.52
1783.5	84286008321841.02
1784.5	84144065828218.25
1785.5	84001911284991.52
1786.5	83859544692160.8
1787.5	83716966049726.08
1788.5	83574175357687.42
1789.5	83431172616044.77
1790.5	83287957824798.11
1791.5	83144530983947.48
1792.5	83000892093492.89
1793.5	82857041153434.3
1794.5	82712978163771.73
1795.5	82568703124505.19
1796.5	82424216035634.67
1797.5	82279516897160.12
1798.5	82159836178249.47
1799.5	82043413898486.69
1800.5	81926811452342.28
1801.5	81810028839816.2
1802.5	81693066060908.52
1803.5	81575923115619.17
1804.5	81458600003948.19
1805.5	81341096725895.56
1806.5	81223413281461.31
1807.5	81105549670645.4
1808.5	80987505893447.89
1809.5	80869281949868.7
1810.5	80750877839907.88
1811.5	80632293563565.44
1812.5	80527844432992.2
1813.5	80443010603547.16
1814.5	80358034217735.97
1815.5	80272915275558.64
1816.5	80187653777015.19
1817.5	80102249722105.61
1818.5	80016703110829.86
1819.5	79931013943187.98
1820.5	79845182219180.0
1821.5	79759207938805.84
1822.5	79673091102065.58
1823.5	79586831708959.16
1824.5	79500429759486.6
1825.5	79413885253647.92
1826.5	79326573377476.52
1827.5	79229324149335.83
1828.5	79131920962073.84
1829.5	79034363815690.64
1830.5	78936652710186.16
1831.5	78838787645560.44
1832.5	78740768621813.47
1833.5	78642595638945.25
1834.5	78544268696955.75
1835.5	78445787795845.02
1836.5	78347152935613.05
1837.5	78248364116259.81
1838.5	78149421337785.31
1839.5	78050324600189.58
1840.5	77951073903472.6
1841.5	77826829054317.3
1842.5	77695393254831.94
1843.5	77563768908767.61
1844.5	77431956016124.33
1845.5	77299954576902.08
1846.5	77167764591100.84
1847.5	77035386058720.66
1848.5	76902818979761.53
1849.5	76770063354223.39
1850.5	76637119182106.33
1851.5	76503986463410.27
1852.5	76370665198135.27
1853.5	76237155386281.3
1854.5	76103457027848.34
1855.5	75970552432074.92
1856.5	75838115574292.38
1857.5	75705491934611.03
1858.5	75572681513030.95
1859.5	75439684309552.12
1860.5	75306500324174.53
1861.5	75173129556898.17
1862.5	75039572007723.1
1863.5	74905827676649.23
1864.5	74771896563676.61
1865.5	74637778668805.25
1866.5	74503473992035.12
1867.5	74368982533366.25
1868.5	74234304292798.62
1869.5	74148611069746.77
1870.5	74111981770548.36
1871.5	74075270897901.39
1872.5	74038478451805.86
1873.5	74001604432261.81
1874.5	73964648839269.19
1875.5	73927611672828.05
1876.5	73890492932938.31
1877.5	73853292619600.05
1878.5	73816010732813.22
1879.5	73778647272577.88
1880.5	73741202238893.95
1881.5	73703675631761.47
1882.5	73666067451180.47
1883.5	73623701641939.88
1884.5	73576570756115.31
1885.5	73529348366276.3
1886.5	73482034472422.84
1887.5	73434629074554.97
1888.5	73387132172672.67
1889.5	73339543766775.9
1890.5	73291863856864.75
1891.5	73244092442939.1
1892.5	73196229524999.06
1893.5	73148275103044.58
1894.5	73100229177075.64
1895.5	73052091747092.3
1896.5	73003862813094.5
1897.5	72922125194234.11
1898.5	72816049447923.05
1899.5	72709821469451.03
1900.5	72603441258817.98
1901.5	72496908816023.97
1902.5	72390224141068.94
1903.5	72283387233952.94
1904.5	72176398094675.92
1905.5	72069256723237.9
1906.5	71961963119638.9
1907.5	71854517283878.92
1908.5	71746919215957.94
1909.5	71639168915875.95
1910.5	71531266383632.97
1911.5	71383213387291.6
1912.5	71221626589694.81
1913.5	71059831759805.28
1914.5	70897828897623.0
1915.5	70735618003148.02
1916.5	70573199076380.27
1917.5	70410572117319.77
1918.5	70247737125966.516
1919.5	70084694102320.555
1920.5	69921443046381.84
1921.5	69757983958150.375
1922.5	69594316837626.195
1923.5	69430441684809.28
1924.5	69267603518080.68
1925.5	69165596213206.555
1926.5	69063445569122.6
1927.5	68961151585828.84
1928.5	68858714263325.27
1929.5	68756133601611.93
1930.5	68653409600688.734
1931.5	68550542260555.766
1932.5	68447531581212.99
1933.5	68344377562660.39
1934.5	68241080204898.02
1935.5	68137639507925.83
1936.5	68034055471743.82
1937.5	67930328096352.03
1938.5	67858101463661.305
1939.5	67839672398489.016
1940.5	67821188231966.836
1941.5	67802648964094.73
1942.5	67784054594872.734
1943.5	67765405124300.83
1944.5	67746700552379.01
1945.5	67727940879107.29
1946.5	67709126104485.664
1947.5	67690256228514.12
1948.5	67671331251192.67
1949.5	67652351172521.336
1950.5	67633315992500.05
1951.5	67614225711128.88
1952.5	67559196431911.68
1953.5	67494531651768.836
1954.5	67429765242589.75
1955.5	67364897204374.414
1956.5	67299927537122.82
1957.5	67234856240834.984
1958.5	67169683315510.89
1959.5	67104408761150.53
1960.5	67039032577753.945
1961.5	66973554765321.09
1962.5	66907975323852.01
1963.5	66842294253346.66
1964.5	66776511553805.05
1965.5	66702842484866.3
1966.5	66611727724453.49
1967.5	66520485782152.055
1968.5	66429116657961.984
1969.5	66337620351883.28
1970.5	66245996863915.945
1971.5	66154246194059.984
1972.5	66062368342315.38
1973.5	65970363308682.14
1974.5	65878231093160.27
1975.5	65785971695749.75
1976.5	65693585116450.6
1977.5	65601071355262.83
1978.5	65508430412186.42
1979.5	65450130026507.164
1980.5	65395147903023.836
1981.5	65340076866544.59
1982.5	65284916917069.45
1983.5	65229668054598.414
1984.5	65174330279131.46
1985.5	65118903590668.61
1986.5	65063387989209.836
1987.5	65007783474755.15
1988.5	64952090047304.58
1989.5	64896307706858.1
1990.5	64840436453415.695
1991.5	64784476286977.414
1992.5	64725247891794.625
1993.5	64663623973740.02
1994.5	64601905640477.35
1995.5	64540092892006.61
1996.5	64478185728327.79
1997.5	64416184149440.875
1998.5	64354088155345.88
1999.5	64291897746042.83
2000.5	64229612921531.68
2001.5	64167233681812.47
2002.5	64104760026885.15
2003.5	64042191956749.766
2004.5	63979529471406.31
2005.5	63904926901865.48
2006.5	63808208034998.266
2007.5	63711361000972.29
2008.5	63614385799787.58
2009.5	63517282431444.086
2010.5	63420050895941.836
2011.5	63322691193280.86
2012.5	63225203323461.125
2013.5	63127587286482.625
2014.5	63029843082345.36
2015.5	62931970711049.36
2016.5	62833970172594.586
2017.5	62735841466981.06
2018.5	62644785082949.79
2019.5	62584319694415.21
2020.5	62523763688693.805
2021.5	62463117065785.555
2022.5	62402379825690.48
2023.5	62341551968408.56
2024.5	62280633493939.805
2025.5	62219624402284.24
2026.5	62158524693441.836
2027.5	62097334367412.586
2028.5	62036053424196.51
2029.5	61974681863793.6
2030.5	61913219686203.86
2031.5	61847539824304.81
2032.5	61751485225310.09
2033.5	61655306150180.945
2034.5	61559002598917.38
2035.5	61462574571519.375
2036.5	61366022067986.94
2037.5	61269345088320.07
2038.5	61172543632518.79
2039.5	61075617700583.055
2040.5	60978567292512.914
2041.5	60881392408308.34
2042.5	60784093047969.32
2043.5	60686669211495.89
2044.5	60589582021344.42
2045.5	60495754024805.99
2046.5	60401805311181.414
2047.5	60307735880470.73
2048.5	60213545732673.91
2049.5	60119234867791.01
2050.5	60024803285821.95
2051.5	59930250986766.8
2052.5	59835577970625.555
2053.5	59740784237398.15
2054.5	59645869787084.63
2055.5	59550834619685.02
2056.5	59455678735199.29
2057.5	59367045451793.58
2058.5	59304884096947.65
2059.5	59242634313317.734
2060.5	59180296100903.86
2061.5	59117869459706.02
2062.5	59055354389724.2
2063.5	58992750890958.414
2064.5	58930058963408.66
2065.5	58867278607074.91
2066.5	58804409821957.2
2067.5	58741452608055.5
2068.5	58678406965369.86
2069.5	58615272893900.24
2070.5	58551540110038.23
2071.5	58486849123566.07
2072.5	58422068376124.61
2073.5	58357197867713.82
2074.5	58292237598333.71
2075.5	58227187567984.27
2076.5	58162047776665.484
2077.5	58096818224377.4
2078.5	58031498911119.99
2079.5	57966089836893.234
2080.5	57900591001697.164
2081.5	57835002405531.766
2082.5	57769324048397.02
2083.5	57675072131317.375
2084.5	57562483417006.95
2085.5	57449760118350.74
2086.5	57336902235348.76
2087.5	57223909768000.99
2088.5	57110782716307.445
2089.5	56997521080268.13
2090.5	56884124859883.03
2091.5	56770594055152.16
2092.5	56656928666075.5
2093.5	56543128692653.05
2094.5	56429194134884.84
2095.5	56315124992770.85
2096.5	56255070593603.19
2097.5	56199644150079.71
2098.5	56144139270996.0
2099.5	56088555956352.03
2100.5	56032894206147.86
2101.5	55977154020383.44
2102.5	55921335399058.79
2103.5	55865438342173.914
2104.5	55809462849728.79
2105.5	55753408921723.44
2106.5	55697276558157.85
2107.5	55641065759032.04
2108.5	55585302080327.75
2109.5	55530630805265.13
2110.5	55475882702744.59
2111.5	55421057772766.16
2112.5	55366156015329.81
2113.5	55311177430435.555
2114.5	55256122018083.4
2115.5	55200989778273.336
2116.5	55145780711005.34
2117.5	55090494816279.46
2118.5	55035132094095.67
2119.5	54979692544453.97
2120.5	54924176167354.37
2121.5	54876127417193.63
2122.5	54830263552516.96
2123.5	54784332097236.25
2124.5	54738333051351.484
2125.5	54692266414862.65
2126.5	54646132187769.766
2127.5	54599930370072.81
2128.5	54553660961771.81
2129.5	54507323962866.77
2130.5	54460919373357.65
2131.5	54414447193244.49
2132.5	54367907422527.27
2133.5	54303067056941.98
2134.5	54195578391239.97
2135.5	54087965161246.65
2136.5	53980227366962.01
2137.5	53872365008386.06
2138.5	53764378085518.8
2139.5	53656266598360.22
2140.5	53548030546910.336
2141.5	53439669931169.15
2142.5	53331184751136.63
2143.5	53222575006812.81
2144.5	53113840698197.68
2145.5	53004981825291.234
2146.5	52912170346129.75
2147.5	52820849540441.01
2148.5	52729420728935.17
2149.5	52637883911612.24
2150.5	52546239088472.195
2151.5	52454486259515.1
2152.5	52362625424740.89
2153.5	52270656584149.59
2154.5	52178579737741.21
2155.5	52086394885515.734
2156.5	51994102027473.16
2157.5	51901701163613.51
2158.5	51843318231704.04
2159.5	51808584535373.14
2160.5	51773796426528.38
2161.5	51738953905169.71
2162.5	51704056971297.164
2163.5	51669105624910.76
2164.5	51634099866010.445
2165.5	51599039694596.25
2166.5	51563925110668.17
2167.5	51528756114226.23
2168.5	51493532705270.375
2169.5	51458254883800.66
2170.5	51430327716889.086
2171.5	51416111564248.055
2172.5	51401860494448.58
2173.5	51387574507490.66
2174.5	51373253603374.305
2175.5	51358897782099.51
2176.5	51344507043666.26
2177.5	51330081388074.58
2178.5	51315620815324.445
2179.5	51301125325415.87
2180.5	51286594918348.85
2181.5	51272029594123.39
2182.5	51250697155069.586
2183.5	51193963397547.11
2184.5	51137156165033.02
2185.5	51080275457527.34
2186.5	51023321275030.05
2187.5	50966293617541.16
2188.5	50909192485060.65
2189.5	50852017877588.55
2190.5	50794769795124.83
2191.5	50737448237669.516
2192.5	50680053205222.61
2193.5	50622584697784.08
2194.5	50565087139135.77
2195.5	50508212435708.14
2196.5	50451264932063.44
2197.5	50394244628201.69
2198.5	50337151524122.86
2199.5	50279985619826.97
2200.5	50222746915314.01
2201.5	50165435410583.99
2202.5	50108051105636.91
2203.5	50050594000472.76
2204.5	49993064095091.54
2205.5	49935461389493.266
2206.5	49877726329373.625
2207.5	49816998931616.38
2208.5	49756196034602.67
2209.5	49695317638332.516
2210.5	49634363742805.89
2211.5	49573334348022.78
2212.5	49512229453983.234
2213.5	49451049060687.22
2214.5	49389793168134.75
2215.5	49328461776325.81
2216.5	49267054885260.414
2217.5	49205572494938.54
2218.5	49144337081592.84
2219.5	49089156269923.766
2220.5	49033905773309.4
2221.5	48978585591749.71
2222.5	48923195725244.734
2223.5	48867736173794.43
2224.5	48812206937398.85
2225.5	48756608016057.95
2226.5	48700939409771.76
2227.5	48645201118540.266
2228.5	48589393142363.45
2229.5	48533515481241.34
2230.5	48474779100667.75
2231.5	48398830212719.02
2232.5	48322793776857.02
2233.5	48246669793081.73
2234.5	48170458261393.15
2235.5	48094159181791.29
2236.5	48017772554276.13
2237.5	47941298378847.71
2238.5	47864736655505.98
2239.5	47788087384250.97
2240.5	47711350565082.664
2241.5	47634526198001.086
2242.5	47559305054276.875
2243.5	47487944762795.15
2244.5	47416501949847.625
2245.5	47344976615434.26
2246.5	47273368759555.12
2247.5	47201678382210.164
2248.5	47129905483399.39
2249.5	47058050063122.82
2250.5	46986112121380.43
2251.5	46914091658172.234
2252.5	46841988673498.23
2253.5	46769803167358.42
2254.5	46699420564071.68
2255.5	46630629833582.05
2256.5	46561759737452.17
2257.5	46492810275682.05
2258.5	46423781448271.71
2259.5	46354673255221.125
2260.5	46285485696530.305
2261.5	46216218772199.25
2262.5	46146872482227.94
2263.5	46077446826616.42
2264.5	46007941805364.65
2265.5	45938357418472.64
2266.5	45903143674875.164
2267.5	45875446498531.38
2268.5	45847707028866.805
2269.5	45819925265881.445
2270.5	45792101209575.31
2271.5	45764234859948.38
2272.5	45736326217000.664
2273.5	45708375280732.17
2274.5	45680382051142.88
2275.5	45652346528232.805
2276.5	45624268712001.945
2277.5	45591994473150.16
2278.5	45539383462251.99
2279.5	45486708699368.07
2280.5	45433970184498.44
2281.5	45381167917643.07
2282.5	45328301898801.98
2283.5	45275372127975.14
2284.5	45222378605162.58
2285.5	45169321330364.27
2286.5	45116200303580.26
2287.5	45063015524810.5
2288.5	45009766994055.0
2289.5	44951831038698.24
2290.5	44890612828311.04
2291.5	44829324020134.86
2292.5	44767964614169.734
2293.5	44706534610415.65
2294.5	44645034008872.59
2295.5	44583462809540.59
2296.5	44521821012419.61
2297.5	44460108617509.69
2298.5	44398325624810.8
2299.5	44336472034322.945
2300.5	44275987678498.62
2301.5	44234571494461.41
2302.5	44193102594865.195
2303.5	44151580979710.016
2304.5	44110006648995.87
2305.5	44068379602722.72
2306.5	44026699840890.61
2307.5	43984967363499.516
2308.5	43943182170549.42
2309.5	43901344262040.375
2310.5	43859453637972.336
2311.5	43817510298345.31
2312.5	43761613116132.984
2313.5	43696759746672.61
2314.5	43631833952478.914
2315.5	43566835733551.91
2316.5	43501765089891.57
2317.5	43436622021497.93
2318.5	43371406528370.96
2319.5	43306118610510.66
2320.5	43240758267917.055
2321.5	43175325500590.125
2322.5	43109820308529.875
2323.5	43043332103261.22
2324.5	42973540849926.47
2325.5	42903673609096.59
2326.5	42833730380771.62
2327.5	42763711164951.516
2328.5	42693615961636.29
2329.5	42623444770825.94
2330.5	42553197592520.46
2331.5	42482874426719.87
2332.5	42412475273424.16
2333.5	42342000132633.33
2334.5	42271449004347.375
2335.5	42225354756035.98
2336.5	42182872929277.68
2337.5	42140339262914.016
2338.5	42097753756944.98
2339.5	42055116411370.54
2340.5	42012427226190.72
2341.5	41969686201405.516
2342.5	41926893337014.93
2343.5	41884048633018.96
2344.5	41841152089417.62
2345.5	41798203706210.875
2346.5	41752955363929.66
2347.5	41706153880867.64
2348.5	41659297364621.91
2349.5	41612385815192.47
2350.5	41565419232579.305
2351.5	41518397616782.414
2352.5	41471320967801.805
2353.5	41424189285637.48
2354.5	41377002570289.44
2355.5	41329760821757.67
2356.5	41282464040042.2
2357.5	41230846192042.45
2358.5	41172494348097.39
2359.5	41114078191183.75
2360.5	41055597721301.53
2361.5	40997052938450.72
2362.5	40938443842631.32
2363.5	40879770433843.35
2364.5	40821032712086.77
2365.5	40762230677361.625
2366.5	40703364329667.88
2367.5	40644433669005.56
2368.5	40584561868481.484
2369.5	40521514952148.414
2370.5	40458400357360.75
2371.5	40395218084118.51
2372.5	40331968132421.7
2373.5	40268650502270.31
2374.5	40205265193664.34
2375.5	40141812206603.79
2376.5	40078291541088.664
2377.5	40014703197118.95
2378.5	39951047174694.68
2379.5	39893385873437.03
2380.5	39876250483274.805
2381.5	39859086610996.08
2382.5	39841894256600.87
2383.5	39824673420089.164
2384.5	39807424101460.96
2385.5	39790146300716.27
2386.5	39772840017855.11
2387.5	39755505252877.445
2388.5	39738142005783.27
2389.5	39720750276572.63
2390.5	39311726626712.94
2391.5	39260880152040.09
2392.5	39210098033310.18
2393.5	39159380205532.74
2394.5	39108726603743.47
2395.5	39058137163004.54
2396.5	39007611818404.586
2397.5	38957150505058.87
2398.5	38906753158109.37
2399.5	38856419712724.9
