#Mars-scaled Solar Photon Irradiance from LISIRD...http://lasp.colorado.edu/lisird/whi_ref_spectra/
# using SORCE solstice and SORCE solar spectral irradiance
# interpolated to half-wavelengths by Eryn 22/11/2019
# λ (nm)	photon flux (γ/s/cm^2/nm)
0.5	579581.1985360766
1.5	27995878.98173214
2.5	19828582.043241173
3.5	16952537.357460234
4.5	36434850.513802044
5.5	39771375.31625703
6.5	52428089.140311815
7.5	92053573.16219957
8.5	93608450.0667115
9.5	87308424.68275301
10.5	69919003.36237724
11.5	53584200.283156
12.5	32150356.855751786
13.5	37144612.57560112
14.5	80500172.23542322
15.5	78990639.09393477
16.5	204824156.18029436
17.5	1155175065.5453432
18.5	696377781.5298973
19.5	577458608.0972784
20.5	415383288.4032378
21.5	376797193.3384845
22.5	459727697.13630944
23.5	283009308.80630064
24.5	361389914.557059
25.5	600406496.782778
26.5	203186960.02266976
27.5	272467666.74970615
28.5	463210519.6054284
29.5	151657687.6094824
30.5	4380921938.437875
31.5	339748968.74858516
32.5	126745135.82762362
33.5	439844216.3828685
34.5	370795285.196506
35.5	312017357.6404465
36.5	686474762.7678624
37.5	65974150.88324568
38.5	42468573.193123035
39.5	39409902.565234475
40.5	78308270.6660556
41.5	66555354.87827357
42.5	55606240.02909296
43.5	117364505.44663338
44.5	74270331.95557885
45.5	79319975.77969779
46.5	210780327.29652277
47.5	99421067.30587931
48.5	157901488.18888402
49.5	229233123.85346088
50.5	243523886.3648046
51.5	99417758.5618527
52.5	115344932.96981023
53.5	108655491.29063255
54.5	70318279.91266502
55.5	385236415.6750016
56.5	95678132.84888212
57.5	84459646.76437786
58.5	707280096.674157
59.5	122692090.01963902
60.5	299605246.136204
61.5	238463278.20523942
62.5	591259909.4103016
63.5	499111118.10532147
64.5	71163433.03777872
65.5	65321319.72654459
66.5	73026644.46730654
67.5	58978894.8642365
68.5	127513348.8643688
69.5	96522610.75288276
70.5	214439055.61544624
71.5	87006391.09603381
72.5	84986496.63594817
73.5	58201816.061173625
74.5	84986497.18843941
75.5	117147576.28863288
76.5	305489656.8569075
77.5	266099221.63447013
78.5	393777262.4414284
79.5	281376475.69572276
80.5	223052936.26214468
81.5	240759702.25466767
82.5	295171101.2815959
83.5	685453636.6536235
84.5	426258989.9418586
85.5	515187325.45325977
86.5	601080233.7684029
87.5	736754933.7790648
88.5	870091276.639239
89.5	989481612.1234032
90.5	1213136636.5939202
91.5	1062998839.015262
92.5	379791213.0337922
93.5	395873065.8583407
94.5	295397970.2271244
95.5	241794447.16134533
96.5	176249253.15510273
97.5	3002492113.8940215
98.5	374405212.383395
99.5	555739795.3474789
100.5	257751388.33781555
101.5	336281987.236366
102.5	2713943438.592436
103.5	2466621174.38882
104.5	438908984.85729575
105.5	403708008.74331194
106.5	433924349.0250165
107.5	497496180.1006077
108.5	753022480.0599718
109.5	562106004.6654755
110.5	640116924.0705928
111.5	612097564.6659594
112.5	650378871.5176017
113.5	433753926.79177886
114.5	524890509.7822687
115.5	562186824.8768482
116.5	697190239.3553914
117.5	2387767676.916839
118.5	949509241.6993546
119.5	1594466303.9184465
120.5	4705874305.333974
121.5	202111112151.82675
122.5	2002721724.3462822
123.5	1301242173.655981
124.5	956636312.4968787
125.5	867925504.409818
126.5	1202022600.5520387
127.5	636939115.0404202
128.5	503567785.7829299
129.5	588023721.6510247
130.5	5035114925.6800995
131.5	816944065.9138002
132.5	659562058.1311531
133.5	6260146597.55292
134.5	623362133.9706781
135.5	1408474431.6479156
136.5	885596472.7986828
137.5	969420944.7743431
138.5	962129231.4457248
139.5	2615330483.6154823
140.5	2247252239.5422325
141.5	1372261005.5774715
142.5	1488453991.1035826
143.5	1714846453.7409441
144.5	1691548228.5060806
145.5	1809350056.938962
146.5	2245034507.6395936
147.5	2812006114.0354705
148.5	2904243632.231983
149.5	2635574773.3672543
150.5	2967601654.1789093
151.5	3255183719.821329
152.5	4080886167.7045383
153.5	4555444599.070945
154.5	7788722927.681401
155.5	6956848755.349861
156.5	6993694133.694652
157.5	6254350835.930615
158.5	6246836775.748475
159.5	6213429751.205788
160.5	7041988660.163078
161.5	8361727876.151406
162.5	9665950728.322952
163.5	10452422770.133974
164.5	12079395889.240774
165.5	19388681711.965702
166.5	13277414851.518875
167.5	15788350184.943407
168.5	17519349090.46838
169.5	23245290118.586147
170.5	26919101349.36379
171.5	27152745405.298115
172.5	29898923874.26384
173.5	30296142742.471542
174.5	37445742993.17123
175.5	45926724437.901955
176.5	49955873067.72867
177.5	60770624448.438484
178.5	68194761911.51849
179.5	68122652261.73727
180.5	90344024514.76534
181.5	107005986714.18127
182.5	102779934048.3174
183.5	110811506123.03993
184.5	96701239681.87883
185.5	109945744479.31317
186.5	127327305695.9814
187.5	143617177915.9832
188.5	154209607511.7165
189.5	170600117177.3901
190.5	181162382839.3828
191.5	193552744948.82602
192.5	208444500975.33936
193.5	162399343265.41858
194.5	266788714397.64868
195.5	259701466723.85556
196.5	294625685596.54443
197.5	301076301296.64575
198.5	304091650782.81244
199.5	330724633362.01654
200.5	360734295403.5915
201.5	403297629143.42377
202.5	400738848588.4983
203.5	465501932136.17725
204.5	517883587466.7171
205.5	536245191079.34015
206.5	557625274833.8407
207.5	647219529315.1809
208.5	748448428276.8248
209.5	1084409604303.0106
210.5	1412318745001.6597
211.5	1711732887325.2253
212.5	1643280100079.8914
213.5	1499043781974.8909
214.5	2148448739107.2888
215.5	1767070650226.388
216.5	1706428154181.5037
217.5	1662654940116.5515
218.5	2366723738204.547
219.5	2486511948292.18
220.5	2466053889561.4727
221.5	1757866323935.8408
222.5	2597269833086.022
223.5	3330444729148.9316
224.5	3074477537797.108
225.5	2715391434029.495
226.5	1921578670178.1008
227.5	1953063031161.719
228.5	2809991685510.7573
229.5	2392132969238.535
230.5	2930225066128.281
231.5	2534753111347.109
232.5	2749016839329.8145
233.5	2319775655071.309
234.5	1887355874748.321
235.5	3032491446788.043
236.5	2343945854708.768
237.5	2856737091247.6084
238.5	1964708110403.9375
239.5	2429576868455.5312
240.5	2237556939156.5645
241.5	2613923490038.9077
242.5	3933229608448.057
243.5	3603526653285.947
244.5	3450996349868.194
245.5	2744569812259.5933
246.5	2775408884695.881
247.5	3233697896324.64
248.5	2518365469247.789
249.5	3254124682622.5454
250.5	3455355251629.904
251.5	2696504799185.8306
252.5	2399486101826.421
253.5	3100558970128.8335
254.5	3461822794838.3535
255.5	4918870936517.484
256.5	5909013037857.704
257.5	7358889910063.077
258.5	7823386112322.188
259.5	6602793797026.297
260.5	5376971799861.251
261.5	5246543017654.359
262.5	6652326316108.269
263.5	9775292762514.258
264.5	15298502805576.5
265.5	15966204217076.146
266.5	15572598666008.287
267.5	15635016244320.506
268.5	15661027314432.271
269.5	14017114843308.412
270.5	17755291380783.41
271.5	14811582551664.953
272.5	11727728806668.227
273.5	13479710351046.1
274.5	7984515145781.125
275.5	11459895203623.455
276.5	15929288603442.805
277.5	15895923125281.867
278.5	10540158359474.459
279.5	5028389318823.405
280.5	5837440595062.052
281.5	13674152127850.139
282.5	19109693692273.31
283.5	21288889117241.42
284.5	16341747097390.516
285.5	8292283819632.241
286.5	22085652642422.797
287.5	24135489036561.457
288.5	20089057503190.777
289.5	30078292498074.11
290.5	40291256992813.02
291.5	37579878148334.31
292.5	32878354507967.684
293.5	37331169126563.2
294.5	33902069542865.688
295.5	38081459640996.79
296.5	33927970638142.7
297.5	36489841587336.17
298.5	27002621688327.48
299.5	37842580938049.77
300.5	25188905000885.16
301.5	34471420386886.72
302.5	33984324861849.203
303.5	44849387884783.53
304.5	42497445380608.63
305.5	44900113631994.73
306.5	41181665947085.53
307.5	47896887133222.445
308.5	48766193717646.6
309.5	37187080269911.77
310.5	45888280543633.76
311.5	52758096524185.57
312.5	48996403438407.66
313.5	51021276679507.086
314.5	50034632326702.9
315.5	46596044996348.08
316.5	48962581397969.34
317.5	55284561445945.57
318.5	51145278071075.414
319.5	54315717437566.48
320.5	57865476723694.15
321.5	54661691719045.375
322.5	51872257871972.625
323.5	52327076734451.414
324.5	58848250590631.125
325.5	68284953250965.71
326.5	75078376285401.86
327.5	74340976116417.92
328.5	74538965721769.69
329.5	80481662832138.89
330.5	80479737682185.75
331.5	76875551459232.48
332.5	75436392312792.89
333.5	74709446264791.0
334.5	76495547027942.8
335.5	74638613208741.42
336.5	68868582956575.16
337.5	69604061924140.65
338.5	75068097897537.45
339.5	79815918748499.25
340.5	81230067953047.44
341.5	80188272232406.55
342.5	81300194072865.19
343.5	77594972812356.34
344.5	73056951390978.39
345.5	76080885687490.77
346.5	78478771688823.14
347.5	77799826986463.19
348.5	77343326368876.17
349.5	80297798039272.16
350.5	85208795869453.7
351.5	84833376830746.56
352.5	83717385448307.3
353.5	89209209668039.39
354.5	93822529565775.98
355.5	90708085153608.83
356.5	81873162527175.45
357.5	72837751817038.6
358.5	72957289788704.97
359.5	81333142226026.08
360.5	84999355314280.39
361.5	84675539748552.31
362.5	86728572484435.52
363.5	90011568165926.62
364.5	95199634016248.12
365.5	102134933986093.11
366.5	107133804284434.61
367.5	107408540932400.17
368.5	106604248891089.55
369.5	108137526099014.64
370.5	107717263316606.55
371.5	104570033073325.77
372.5	96911099903349.52
373.5	90526109573903.2
374.5	89266505134583.45
375.5	94558507919927.38
376.5	104609459398558.3
377.5	112690339173621.44
378.5	114751312189355.42
379.5	111722263819080.7
380.5	105989907701581.94
381.5	95673065215037.89
382.5	84666434559923.7
383.5	80021813790397.2
384.5	84583439578195.14
385.5	90900983058324.14
386.5	94000193359659.2
387.5	95876261403686.42
388.5	100323509792577.95
389.5	108502449053843.38
390.5	113527008985534.52
391.5	108732044113074.31
392.5	97863004944396.2
393.5	91642176678396.3
394.5	93258479134709.98
395.5	97953346382689.95
396.5	103320059978557.11
397.5	114052236667874.7
398.5	132039287932672.12
399.5	150384533132970.4
400.5	163332990350831.28
401.5	168728480624406.53
402.5	170228926125681.53
403.5	169194199296607.97
404.5	166970026189025.62
405.5	164889551731688.62
406.5	165249770924983.8
407.5	166327057963005.16
408.5	168307107469565.03
409.5	170459977835883.22
410.5	172135213946764.06
411.5	175501751226474.0
412.5	177652137461269.75
413.5	179618821591921.22
414.5	180435885731804.4
415.5	179854667306867.47
416.5	179367651967343.84
417.5	177927866961483.75
418.5	177792197582833.1
419.5	178050542643962.5
420.5	178316715375323.22
421.5	178950498984339.9
422.5	178135440712653.03
423.5	177376882379152.97
424.5	176467484440175.4
425.5	175088667559089.66
426.5	172939945660485.03
427.5	167782791110127.1
428.5	162438874849089.88
429.5	158715693886212.84
430.5	158144103000693.66
431.5	162407858607539.6
432.5	169538428686684.62
433.5	176928512333758.47
434.5	183140530647072.34
435.5	186900847197207.6
436.5	188716371429311.78
437.5	189178540342872.4
438.5	190013194531919.4
439.5	192171534793355.97
440.5	195702137799544.72
441.5	200309487875480.84
442.5	204414427007206.38
443.5	207289201360998.62
444.5	209352102981630.16
445.5	210931761276502.66
446.5	213281854899101.53
447.5	217122502529260.97
448.5	220783814770755.9
449.5	223474575288800.1
450.5	225416980941480.6
451.5	225670477147058.6
452.5	224898360684710.6
453.5	224642475076722.9
454.5	225093156800198.84
455.5	225857355488899.78
456.5	227163530070427.1
457.5	228721673000035.25
458.5	229997129897078.22
459.5	231081141749444.25
460.5	232168565785166.1
461.5	232947390695290.75
462.5	233174782102664.5
463.5	232794542001844.16
464.5	232054628891129.97
465.5	231173731319173.5
466.5	230132995787643.62
467.5	229719653371753.72
468.5	230059610827043.97
469.5	230750826116824.88
470.5	231870759867224.6
471.5	233460891955822.9
472.5	235154234245214.38
473.5	236731199500813.62
474.5	238364305463718.12
475.5	239938063238403.1
476.5	241206658414060.03
477.5	242532326752969.5
478.5	243709645501954.9
479.5	244334503086931.16
480.5	244089164313778.62
481.5	242337786379236.4
482.5	239450679681634.1
483.5	236011125464341.97
484.5	232538799474071.03
485.5	229648468177726.1
486.5	227918103628292.97
487.5	227837540160240.78
488.5	229171403522147.72
489.5	231152745344790.1
490.5	233368504501702.16
491.5	235509836341560.84
492.5	237403107490148.25
493.5	238589723586492.16
494.5	239357943286715.12
495.5	239509431896587.66
496.5	239153133697023.16
497.5	238614196964565.66
498.5	237843071921229.25
499.5	237050090768703.0
500.5	236525279350779.5
501.5	236417704631761.5
502.5	236821239671720.38
503.5	237646166234323.03
504.5	238745175900200.4
505.5	239900959472268.16
506.5	240829710688567.66
507.5	241332827607904.84
508.5	241450578734088.6
509.5	241222036455385.88
510.5	240507025881707.5
511.5	238863052652999.25
512.5	236590901245773.34
513.5	234335242980368.5
514.5	232272568356647.0
515.5	230490081348942.4
516.5	229106125015177.66
517.5	228334569985427.66
518.5	229213841413511.1
519.5	230775831133946.12
520.5	232457177702129.38
521.5	234128141024473.78
522.5	235896084020043.12
523.5	237846492515449.78
524.5	239613468298312.78
525.5	240899306105083.75
526.5	241810230628592.5
527.5	242719738340215.28
528.5	244176037887603.16
529.5	245523066142921.6
530.5	246634212263432.5
531.5	247435974823182.9
532.5	247980254297965.72
533.5	248366552254757.28
534.5	248573972991447.66
535.5	248576701896286.22
536.5	248223773324656.97
537.5	247905359467359.5
538.5	247657451322654.16
539.5	247514901520522.12
540.5	247580069719784.75
541.5	247783323689263.62
542.5	248113030112962.66
543.5	248581940657641.75
544.5	249120375709058.03
545.5	249648274275896.25
546.5	250133868197561.0
547.5	250668058705205.72
548.5	251150414112915.9
549.5	251560079615263.84
550.5	251695847757255.4
551.5	251655498072012.66
552.5	251518555960045.03
553.5	251398045937107.72
554.5	251235251619236.97
555.5	251034290092531.66
556.5	250760573026305.47
557.5	250484360203218.16
558.5	250271218283728.28
559.5	250318704063475.5
560.5	250488060121973.9
561.5	250718393089203.16
562.5	250971590534272.16
563.5	251290648078210.16
564.5	251660764738766.25
565.5	252200511031886.1
566.5	252761286175496.9
567.5	253345846559553.34
568.5	253871203071462.5
569.5	254364883050693.25
570.5	254798484348222.88
571.5	255321833498048.1
572.5	255883542153043.5
573.5	256414753905871.6
574.5	256881492508229.6
575.5	257265725285232.97
576.5	257546358516486.47
577.5	257793850197588.47
578.5	258006893635049.75
579.5	258062553443229.0
580.5	257932741291478.72
581.5	257673209165575.6
582.5	257373485184212.66
583.5	257051854593778.16
584.5	256716222592303.16
585.5	256358517117039.88
586.5	256017459875990.5
587.5	255684660954111.03
588.5	255490230522440.38
589.5	255345832569928.47
590.5	255416332819240.72
591.5	255524314841546.25
592.5	255691848338638.97
593.5	255855978206240.5
594.5	256017530141274.16
595.5	256206247650398.9
596.5	256400748580378.16
597.5	256535898090092.84
598.5	256640757775754.4
599.5	256601224504330.16
600.5	256524270791496.66
601.5	256372711360732.75
602.5	256196765182070.4
603.5	255993448108056.0
604.5	255704929749995.25
605.5	255358549543768.25
606.5	254884071968405.4
607.5	254357731183178.38
608.5	253877928110352.47
609.5	253406838270374.84
610.5	252979292677679.88
611.5	252554154987706.6
612.5	252121358736950.1
613.5	251686291850870.9
614.5	251317501613190.25
615.5	250955825239863.38
616.5	250823606055260.78
617.5	250701730490638.9
618.5	250767941876902.38
619.5	250828372838743.25
620.5	250814225064517.38
621.5	250797303380236.25
622.5	250744813042728.6
623.5	250691495191903.9
624.5	250699940845379.34
625.5	250707125888093.84
626.5	250737264879969.9
627.5	250767231112589.9
628.5	250671790858282.03
629.5	250559396950625.5
630.5	250417960192363.66
631.5	250267946681928.28
632.5	250152534298450.4
633.5	250051853655502.16
634.5	249957421131447.25
635.5	249867351277466.03
636.5	249731580229403.4
637.5	249535493651060.75
638.5	249335297365511.16
639.5	249127118146162.4
640.5	248918361612516.75
641.5	248720851379211.5
642.5	248521513736537.25
643.5	248079156173505.28
644.5	247604364938415.0
645.5	247054760254310.4
646.5	246468259754356.4
647.5	245910141813595.88
648.5	245389123488936.1
649.5	244877002444579.22
650.5	244411989910497.97
651.5	243944388486632.4
652.5	243551044548918.75
653.5	243162959104697.12
654.5	242893459521855.12
655.5	242696222363291.0
656.5	242616009750771.16
657.5	242811950426582.22
658.5	243007362983379.4
659.5	243356374535015.75
660.5	243710099419475.28
661.5	244042290446098.88
662.5	244360611507140.75
663.5	244667600255444.6
664.5	244936918936383.1
665.5	245205938341787.78
666.5	245437038054805.22
667.5	245660549057751.22
668.5	245814077958378.88
669.5	245870778372327.34
670.5	245926549706363.16
671.5	245755472814142.84
672.5	245578176502007.84
673.5	245393610577825.53
674.5	245201971908688.66
675.5	245008763822863.16
676.5	244816471802514.34
677.5	244622538986024.53
678.5	244406020695344.66
679.5	244168437826828.9
680.5	243929095434900.1
681.5	243705656698380.53
682.5	243480510274629.4
683.5	243246926217276.4
684.5	243003036862146.5
685.5	242757395063873.75
686.5	242481551036969.0
687.5	242199614373528.66
688.5	241913959005001.5
689.5	241621384530600.47
690.5	241326942215012.16
691.5	241032552805407.0
692.5	240737336854056.66
693.5	240440455644113.25
694.5	240160952959556.62
695.5	239879646938900.38
696.5	239602246250468.4
697.5	239334156061320.9
698.5	239064310749142.03
699.5	238797343335628.9
700.5	238531132316152.12
701.5	238263186553131.25
702.5	238010097304113.1
703.5	237756381070383.5
704.5	237497342902035.4
705.5	237222039497258.9
706.5	236944999967303.28
707.5	236662975388404.9
708.5	236374892699967.97
709.5	236085052527661.6
710.5	235792804640900.03
711.5	235498446822975.6
712.5	235202328705264.1
713.5	234898950196881.66
714.5	234592667867988.75
715.5	234284606664352.9
716.5	233991792928731.25
717.5	233697420068087.16
718.5	233409218507404.6
719.5	233172265418853.97
720.5	232933750664305.9
721.5	232693711790383.1
722.5	232452230416972.6
723.5	232209187811228.6
724.5	231963347318223.84
725.5	231713310660169.03
726.5	231461702101605.0
727.5	231219406172321.4
728.5	230993351646246.0
729.5	230765803964677.1
730.5	230551645065606.25
731.5	230357478543494.5
732.5	230161918242781.12
733.5	229960472330207.34
734.5	229751408926802.6
735.5	229540922583675.28
736.5	229329634538470.72
737.5	229117858362261.1
738.5	228904663463828.16
739.5	228711511244476.75
740.5	228556909131121.47
741.5	228401054132701.6
742.5	228252894382542.22
743.5	228126546324933.16
744.5	227999031463388.34
745.5	227871401559428.4
746.5	227747749632204.03
747.5	227622947498850.6
748.5	227495728520454.6
749.5	227336916003863.0
750.5	227176868669324.47
751.5	227015586516838.88
752.5	226856459791321.72
753.5	226696526834345.66
754.5	226535369183712.22
755.5	226358557074264.84
756.5	226174289701294.34
757.5	225988743064315.1
758.5	225787718873301.4
759.5	225570580685457.34
760.5	225352086829907.47
761.5	225133282566793.66
762.5	224916439718361.5
763.5	224698252640833.03
764.5	224478721334208.34
765.5	224275886994072.5
766.5	224072314264581.16
767.5	223867445899516.0
768.5	223691952050159.03
769.5	223530368234089.84
770.5	223367607914119.47
771.5	223200153927243.9
772.5	223024973978130.28
773.5	222848591474468.16
774.5	222671006416257.75
775.5	222480569033527.88
776.5	222288781225526.4
777.5	222095760514957.5
778.5	221908101403274.66
779.5	221723628312070.88
780.5	221537950554229.62
781.5	221347135610567.88
782.5	221138319533767.75
783.5	220928245821758.4
784.5	220716914474539.84
785.5	220478146474953.38
786.5	220228844441643.66
787.5	219978194697885.6
788.5	219722582809925.03
789.5	219455829292110.53
790.5	219187694108764.1
791.5	218918177259885.62
792.5	218672549532090.53
793.5	218433161855216.66
794.5	218192475337298.88
795.5	217955051051063.4
796.5	217731628264296.12
797.5	217506956493809.9
798.5	217281035739604.72
799.5	217030220746218.28
800.5	216766436881587.12
801.5	216501315749494.5
802.5	216237207694084.72
803.5	215998830867373.4
804.5	215759189992644.47
805.5	215518285069897.75
806.5	215290607372680.9
807.5	215079435081219.25
808.5	214867078599967.16
809.5	214653537928924.34
810.5	214425586251726.34
811.5	214193106962155.66
812.5	213959402684471.34
813.5	213723055719139.75
814.5	213473995702061.1
815.5	213223679011121.84
816.5	212972105646321.75
817.5	212729802074518.34
818.5	212502076596582.38
819.5	212273158826846.0
820.5	212043048765309.25
821.5	211835699527854.72
822.5	211640129846130.78
823.5	211443457588851.22
824.5	211245682756015.9
825.5	211024890534878.9
826.5	210799950639900.6
827.5	210573847834548.22
828.5	210340980188817.25
829.5	210032420636364.12
830.5	209722504986882.75
831.5	209411233240373.03
832.5	209087871422479.5
833.5	208729095971506.9
834.5	208368856976315.16
835.5	208007154436904.5
836.5	207660580746365.9
837.5	207340868869116.62
838.5	207019800666550.1
839.5	206697376138666.22
840.5	206343894422433.34
841.5	205955453395782.84
842.5	205565505673022.47
843.5	205174051254152.16
844.5	204753772952631.25
845.5	204308625509716.97
846.5	203861851566352.88
847.5	203413451122539.1
848.5	203022048412736.75
849.5	202671659449422.25
850.5	202319882232602.84
851.5	201966716762278.4
852.5	201683026920263.88
853.5	201447417231451.34
854.5	201210701068076.34
855.5	200972878430138.9
856.5	200783123007430.03
857.5	200629515187389.62
858.5	200475002339678.16
859.5	200319584464295.6
860.5	200171641402353.9
861.5	200030873365755.75
862.5	199889238491053.0
863.5	199746736778245.78
864.5	199642601257717.4
865.5	199589756396899.78
866.5	199536255778615.1
867.5	199482099402863.25
868.5	199454194149391.25
869.5	199482938053975.25
870.5	199511219831487.62
871.5	199539039481928.34
872.5	199560020663740.62
873.5	199549357871412.84
874.5	199538146974038.53
875.5	199526387971617.78
876.5	199514080864150.6
877.5	199445250774293.28
878.5	199375745001321.6
879.5	199305563545235.28
880.5	199234706406034.6
881.5	199166630605405.0
882.5	199098806962780.66
883.5	199030317565520.25
884.5	198961162413623.5
885.5	198874025488891.62
886.5	198772562891803.34
887.5	198670364700528.25
888.5	198567430915066.25
889.5	198451861188486.47
890.5	198306361023464.16
891.5	198160032997410.5
892.5	198012877110325.47
893.5	197864893362209.16
894.5	197687655040149.66
895.5	197509525298170.25
896.5	197330504136270.97
897.5	197150591554451.78
898.5	196946205889805.53
899.5	196729248538231.6
900.5	196511321421692.0
901.5	196292424540186.78
902.5	196082099233972.25
903.5	195892086015233.66
904.5	195701171238769.34
905.5	195509354904579.1
906.5	195316637012662.97
907.5	195128390255043.6
908.5	194939658622131.25
909.5	194750038163367.88
910.5	194559528878753.47
911.5	194369982503290.78
912.5	194181332434828.12
913.5	193991801507279.0
914.5	193801389720643.4
915.5	193608456261912.03
916.5	193392815175299.62
917.5	193176242022203.97
918.5	192958736802625.12
919.5	192740299516563.1
920.5	192533681688195.22
921.5	192335030354195.5
922.5	192135493912436.9
923.5	191935072362919.34
924.5	191735470512563.34
925.5	191552243379911.75
926.5	191368172117974.1
927.5	191183256726750.4
928.5	190997497206240.84
929.5	190797509485906.22
930.5	190586121468762.6
931.5	190373837896564.34
932.5	190160658769311.53
933.5	189946584087004.1
934.5	189725515480446.72
935.5	189503538267215.25
936.5	189280652447309.72
937.5	189056858020730.12
938.5	188848806165551.1
939.5	188663868171384.38
940.5	188478108118501.97
941.5	188291526006903.66
942.5	188104121836589.84
943.5	187948521773812.6
944.5	187800333998730.72
945.5	187651410614764.25
946.5	187501751621913.06
947.5	187349330340927.38
948.5	187184672536495.72
949.5	187019250603506.53
950.5	186853064541959.9
951.5	186686114351855.84
952.5	186518400033194.28
953.5	186354001675206.16
954.5	186190137547306.9
955.5	186025520551549.6
956.5	185860150687934.28
957.5	185699292748515.9
958.5	185590981431353.78
959.5	185482039434719.0
960.5	185372466758611.6
961.5	185262263403031.5
962.5	185159510894092.8
963.5	185068797966996.03
964.5	184977497418840.84
965.5	184885609249627.22
966.5	184793133459355.1
967.5	184691289713480.06
968.5	184584511083682.12
969.5	184477117742434.0
970.5	184369109689735.9
971.5	184260486925587.75
972.5	184121640637658.6
973.5	183979541419302.1
974.5	183836761302366.1
975.5	183693300286850.72
976.5	183544483001252.75
977.5	183368454338091.6
978.5	183191680937859.8
979.5	183014162800557.3
980.5	182835899926184.12
981.5	182654385796042.03
982.5	182467462115302.66
983.5	182279779104559.22
984.5	182091336763811.94
985.5	181902135093060.75
986.5	181705974821742.84
987.5	181503314447899.53
988.5	181299870574413.88
989.5	181095643201285.75
990.5	180890632328515.25
991.5	180681350575744.66
992.5	180469635513419.53
993.5	180257126606519.06
994.5	180043823855043.22
995.5	179829727258992.03
996.5	179632051970837.94
997.5	179437925496365.1
998.5	179243048366359.78
999.5	179047420580821.9
1000.5	178851042139751.5
1001.5	178685087991514.66
1002.5	178521531759527.6
1003.5	178357293285757.34
1004.5	178192372570203.97
1005.5	178026769612867.6
1006.5	177886790333712.4
1007.5	177746447065209.22
1008.5	177605474354995.12
1009.5	177463872203070.1
1010.5	177321165831831.66
1011.5	177168799377706.34
1012.5	177015784688100.66
1013.5	176862121763014.5
1014.5	176707810602447.84
1015.5	176552661390515.03
1016.5	176394678537013.9
1017.5	176236042775066.12
1018.5	176076754104671.8
1019.5	175916812525830.84
1020.5	175757945945807.16
1021.5	175615918026166.53
1022.5	175473274824673.22
1023.5	175330016341327.28
1024.5	175186142576128.78
1025.5	175040666325791.97
1026.5	174884581412662.62
1027.5	174727859825334.66
1028.5	174570501563808.2
1029.5	174412506628083.12
1030.5	174252720825816.56
1031.5	174074196215424.34
1032.5	173894997596454.1
1033.5	173715124968905.66
1034.5	173534578332779.16
1035.5	173353280573616.0
1036.5	173163666952926.0
1037.5	172973364429508.4
1038.5	172782373003363.4
1039.5	172590692674490.9
1040.5	172398323442890.78
1041.5	172202774998121.03
1042.5	172006345245767.2
1043.5	171809221448577.12
1044.5	171611403606550.66
1045.5	171412891719687.9
1046.5	171200179978247.94
1047.5	170984173387165.44
1048.5	170767442023401.53
1049.5	170549985886956.25
1050.5	170331804977829.6
1051.5	170089086324255.5
1052.5	169836781690995.75
1053.5	169583690239387.9
1054.5	169329811969431.97
1055.5	169075146881128.03
1056.5	168813335851647.9
1057.5	168546482537809.78
1058.5	168278822342134.72
1059.5	168010355264622.5
1060.5	167741081305273.25
1061.5	167472697472495.34
1062.5	167205503972285.75
1063.5	166937510541061.0
1064.5	166668717178821.12
1065.5	166399123885566.06
1066.5	166130647484198.84
1067.5	165866072057958.3
1068.5	165600709095890.88
1069.5	165334558597996.62
1070.5	165067620564275.4
1071.5	164803117695576.78
1072.5	164563932220611.0
1073.5	164324013894429.47
1074.5	164083362717032.28
1075.5	163841978688419.4
1076.5	163599861808590.78
1077.5	163394192287750.5
1078.5	163191539504013.0
1079.5	162988229706412.66
1080.5	162784262894949.47
1081.5	162579639069623.47
1082.5	162404872020445.22
1083.5	162243226092274.4
1084.5	162081004855338.38
1085.5	161918208309637.0
1086.5	161754836455170.47
1087.5	161605638063065.22
1088.5	161473221181884.84
1089.5	161340287957540.9
1090.5	161206838390033.38
1091.5	161072872479362.38
1092.5	160942499115719.25
1093.5	160827088333001.53
1094.5	160711197026147.78
1095.5	160594825195157.97
1096.5	160477972840032.1
1097.5	160360639960770.22
1098.5	160257327871718.78
1099.5	160154325582421.28
1100.5	160050870560597.0
1101.5	159946962806246.03
1102.5	159842602319368.34
1103.5	159729991553465.75
1104.5	159613069859677.5
1105.5	159495674340242.28
1106.5	159377804995160.1
1107.5	159259461824430.84
1108.5	159135025581729.03
1109.5	159000528837606.6
1110.5	158865530866570.03
1111.5	158730031668619.66
1112.5	158594031243755.22
1113.5	158457225316196.38
1114.5	158315871463655.88
1115.5	158174008576753.03
1116.5	158031636655487.88
1117.5	157888755699860.4
1118.5	157745365709870.66
1119.5	157596015811000.25
1120.5	157444328558534.4
1121.5	157292119287637.1
1122.5	157139387998308.38
1123.5	156986134690548.22
1124.5	156829192848770.38
1125.5	156667162611341.4
1126.5	156504596619227.16
1127.5	156341494872427.6
1128.5	156177857370942.72
1129.5	156013672240034.1
1130.5	155848793429356.22
1131.5	155683378563613.97
1132.5	155517427642807.2
1133.5	155350940666935.9
1134.5	155183917636000.22
1135.5	155022124065683.25
1136.5	154862161598181.9
1137.5	154701677378468.84
1138.5	154540671406543.94
1139.5	154379143682407.34
1140.5	154218590511915.5
1141.5	154060425353652.84
1142.5	153901746160670.03
1143.5	153742552932967.0
1144.5	153582845670543.84
1145.5	153422624373400.47
1146.5	153248614509740.75
1147.5	153073656544120.03
1148.5	152898160670976.25
1149.5	152722126890309.25
1150.5	152545555202119.0
1151.5	152364727681825.28
1152.5	152180661168189.72
1153.5	151996045613353.53
1154.5	151810881017316.75
1155.5	151625167380079.3
1156.5	151440873148339.97
1157.5	151265008401724.34
1158.5	151088613525823.22
1159.5	150911688520636.78
1160.5	150734233386164.97
1161.5	150556248122407.72
1162.5	150376116098622.72
1163.5	150194967859160.88
1164.5	150013285878335.4
1165.5	149831070156146.4
1166.5	149648320692593.78
1167.5	149462581560358.5
1168.5	149271739565080.34
1169.5	149080351807992.9
1170.5	148888418289096.16
1171.5	148695939008390.12
1172.5	148502913965874.75
1173.5	148320747827821.84
1174.5	148138914512212.1
1175.5	147956556334805.0
1176.5	147773673295600.53
1177.5	147590265394598.72
1178.5	147417290618112.6
1179.5	147255224505156.72
1180.5	147092671482439.78
1181.5	146929631549961.75
1182.5	146766104707722.6
1183.5	146603282687007.28
1184.5	146462637796999.66
1185.5	146321546275432.4
1186.5	146180008122305.44
1187.5	146038023337618.88
1188.5	145895591921372.66
1189.5	145758787163496.4
1190.5	145625598249347.66
1191.5	145491979722806.78
1192.5	145357931583873.72
1193.5	145223453832548.6
1194.5	145091227556676.53
1195.5	144973781707577.56
1196.5	144855936173116.97
1197.5	144737690953294.8
1198.5	144619046048111.0
1199.5	144500001457565.56
1200.5	144398563984628.2
1201.5	144305237673351.03
1202.5	144211555792651.66
1203.5	144117518342529.97
1204.5	144023125322986.1
1205.5	143929588952880.84
1206.5	143840000456586.12
1207.5	143750065532446.53
1208.5	143659784180461.97
1209.5	143569156400632.47
1210.5	143478182192958.06
1211.5	143384064733518.97
1212.5	143288612750128.8
1213.5	143192808099534.62
1214.5	143096650781736.34
1215.5	143000140796734.1
1216.5	142902225706521.4
1217.5	142801108399225.34
1218.5	142699632016310.03
1219.5	142597796557775.5
1220.5	142495602023621.7
1221.5	142393048413848.66
1222.5	142282337605815.25
1223.5	142169053694851.34
1224.5	142055394352287.62
1225.5	141941359578124.06
1226.5	141826949372360.66
1227.5	141708893275012.72
1228.5	141582819127355.1
1229.5	141456351785925.28
1230.5	141329491250723.34
1231.5	141202237521749.12
1232.5	141074590599002.78
1233.5	140941723294858.16
1234.5	140807321748897.22
1235.5	140672517346430.56
1236.5	140537310087458.25
1237.5	140401699971980.2
1238.5	140263598760417.31
1239.5	140120439550072.62
1240.5	139976866605133.06
1241.5	139832879925598.64
1242.5	139688479511469.38
1243.5	139543665362745.25
1244.5	139387022956735.36
1245.5	139227440831888.33
1246.5	139067422601776.2
1247.5	138906968266398.86
1248.5	138746077825756.3
1249.5	138579844011546.36
1250.5	138402729946463.55
1251.5	138225155229955.55
1252.5	138047119862022.38
1253.5	137868623842664.06
1254.5	137689667171880.55
1255.5	137523940380251.14
1256.5	137360782378164.88
1257.5	137197190320860.55
1258.5	137033164208338.12
1259.5	136868704040597.62
1260.5	136707027628550.58
1261.5	136552090173233.08
1262.5	136396735132408.17
1263.5	136240962506075.95
1264.5	136084772294236.42
1265.5	135928164496889.55
1266.5	135778032313722.3
1267.5	135629111630549.36
1268.5	135479786800673.73
1269.5	135330057824095.45
1270.5	135179924700814.56
1271.5	135034588153268.36
1272.5	134901000202352.89
1273.5	134767035372908.56
1274.5	134632693664935.31
1275.5	134497975078433.17
1276.5	134362879613402.11
1277.5	134247779445940.0
1278.5	134137431324518.42
1279.5	134026746191840.12
1280.5	133915724047905.17
1281.5	133804364892713.5
1282.5	133700284214994.48
1283.5	133614537757127.83
1284.5	133528495239748.62
1285.5	133442156662856.92
1286.5	133355522026452.75
1287.5	133268591330536.06
1288.5	133180041653967.33
1289.5	133090820443268.42
1290.5	133001300540456.7
1291.5	132911481945532.19
1292.5	132821364658494.86
1293.5	132729897881991.25
1294.5	132635426649357.31
1295.5	132540650921985.64
1296.5	132445570699876.17
1297.5	132350185983029.02
1298.5	132254496771444.06
1299.5	132157505458730.3
1300.5	132059909900276.2
1301.5	131962007853097.88
1302.5	131863799317195.27
1303.5	131765284292568.48
1304.5	131665071691158.62
1305.5	131560588182571.27
1306.5	131455789982364.05
1307.5	131350677090536.94
1308.5	131245249507089.92
1309.5	131139507232023.05
1310.5	131035110749363.19
1311.5	130930926872707.92
1312.5	130826431638805.0
1313.5	130721625047654.44
1314.5	130616507099256.2
1315.5	130511069162640.7
1316.5	130405295271914.69
1317.5	130299209973471.98
1318.5	130192813267312.5
1319.5	130086105153436.25
1320.5	129979085631843.31
1321.5	129874127502480.58
1322.5	129769611428729.33
1323.5	129664788672354.38
1324.5	129559659233355.58
1325.5	129454223111733.12
1326.5	129348629994469.73
1327.5	129243156773621.75
1328.5	129137377738177.42
1329.5	129031292888136.7
1330.5	128924902223499.67
1331.5	128818205744266.25
1332.5	128710330606151.08
1333.5	128601872501461.3
1334.5	128493106858378.75
1335.5	128384033676903.55
1336.5	128274652957035.56
1337.5	128163557155861.0
1338.5	128048343287274.45
1339.5	127932814084972.7
1340.5	127816969548955.8
1341.5	127700809679223.67
1342.5	127584334475776.38
1343.5	127462639265124.17
1344.5	127339237020297.58
1345.5	127215510081066.69
1346.5	127091458447431.45
1347.5	126967082119391.88
1348.5	126843038074107.2
1349.5	126720279962899.52
1350.5	126597200517225.89
1351.5	126473799737086.33
1352.5	126350077622480.88
1353.5	126226034173409.5
1354.5	126105653942797.64
1355.5	125985893599398.77
1356.5	125865819185027.77
1357.5	125745430699684.61
1358.5	125624728143369.23
1359.5	125503215898708.67
1360.5	125380381860340.17
1361.5	125257231541553.56
1362.5	125133764942348.95
1363.5	125009982062726.36
1364.5	124885882902685.67
1365.5	124776099495905.81
1366.5	124668404943091.8
1367.5	124560419029658.58
1368.5	124452141755606.17
1369.5	124343573120934.56
1370.5	124234591472001.3
1371.5	124125119652566.62
1372.5	124015356005323.89
1373.5	123905300530273.12
1374.5	123794953227414.3
1375.5	123684314096747.36
1376.5	123576399791731.33
1377.5	123468460550245.92
1378.5	123360234245167.7
1379.5	123251720876496.69
1380.5	123142920444232.92
1381.5	123031471607746.5
1382.5	122916958274064.08
1383.5	122802150445230.12
1384.5	122687048121244.62
1385.5	122571651302107.58
1386.5	122455959987818.98
1387.5	122332598394913.92
1388.5	122208931675097.42
1389.5	122084959828369.39
1390.5	121960682854729.92
1391.5	121836100754178.92
1392.5	121707024058177.56
1393.5	121574206009510.64
1394.5	121441071893586.81
1395.5	121307621710406.0
1396.5	121173855459968.3
1397.5	121040269658298.83
1398.5	120910840341775.92
1399.5	120781102063771.05
1400.5	120651054824284.17
1401.5	120520698623315.3
1402.5	120390033460864.48
1403.5	120253897323081.52
1404.5	120114783753939.2
1405.5	119975350077988.08
1406.5	119835596295228.11
1407.5	119695522405659.33
1408.5	119556893403038.62
1409.5	119424208947765.83
1410.5	119291215777517.92
1411.5	119157913892294.92
1412.5	119024303292096.8
1413.5	118890383976923.61
1414.5	118759237111602.58
1415.5	118628605510698.11
1416.5	118497670709429.61
1417.5	118366432707796.98
1418.5	118234891505800.3
1419.5	118105384835313.8
1420.5	117979561524713.38
1421.5	117853443915748.55
1422.5	117727032008419.3
1423.5	117600325802725.62
1424.5	117473325298667.5
1425.5	117356907486556.36
1426.5	117240783511446.45
1427.5	117124381301758.11
1428.5	117007700857491.38
1429.5	116890742178646.23
1430.5	116777991818870.27
1431.5	116668794047964.5
1432.5	116559329658604.27
1433.5	116449598650789.69
1434.5	116339601024520.62
1435.5	116230510296088.58
1436.5	116128368348892.8
1437.5	116025971461764.64
1438.5	115923319634704.19
1439.5	115820412867711.38
1440.5	115717251160786.19
1441.5	115624689900676.58
1442.5	115535705462568.2
1443.5	115446486437550.8
1444.5	115357032825624.33
1445.5	115267344626788.86
1446.5	115177297241362.05
1447.5	115086783537366.86
1448.5	114996034754241.25
1449.5	114905050891985.27
1450.5	114813831950598.89
1451.5	114722377930082.17
1452.5	114616565195581.88
1453.5	114509909044666.89
1454.5	114402997556969.67
1455.5	114295830732490.25
1456.5	114188408571228.64
1457.5	114084261628392.55
1458.5	113982319313435.17
1459.5	113880129873005.2
1460.5	113777693307102.62
1461.5	113675009615727.45
1462.5	113569208164160.19
1463.5	113452970997436.92
1464.5	113336468861357.8
1465.5	113219701755922.8
1466.5	113102669681131.95
1467.5	112985372636985.25
1468.5	112853148158059.27
1469.5	112718250202083.3
1470.5	112583064056624.2
1471.5	112447589721682.05
1472.5	112311827197256.83
1473.5	112173877159367.45
1474.5	112033735741049.5
1475.5	111893300977296.11
1476.5	111752572868107.19
1477.5	111611551413482.73
1478.5	111473333284460.0
1479.5	111351094517840.5
1480.5	111228588586636.3
1481.5	111105815490847.44
1482.5	110982775230473.89
1483.5	110859467805515.7
1484.5	110745051307371.08
1485.5	110632391649873.75
1486.5	110519479874479.75
1487.5	110406315981189.05
1488.5	110292899970001.61
1489.5	110190990887114.05
1490.5	110101092699704.73
1491.5	110010974617364.11
1492.5	109920636640092.17
1493.5	109830078767888.89
1494.5	109742020119447.11
1495.5	109667029795091.25
1496.5	109591840980709.83
1497.5	109516453676302.88
1498.5	109440867881870.36
1499.5	109365083597412.27
1500.5	109313759886842.52
1501.5	109266625053657.02
1502.5	109219330398441.2
1503.5	109171875921195.11
1504.5	109124261621918.64
1505.5	109082430118916.45
1506.5	109045312060263.94
1507.5	109008048533298.2
1508.5	108970639538019.27
1509.5	108933085074427.12
1510.5	108893481835669.8
1511.5	108848016907788.86
1512.5	108802396431187.7
1513.5	108756620405866.3
1514.5	108710688831824.67
1515.5	108664601709062.8
1516.5	108606875563597.3
1517.5	108548499931107.3
1518.5	108489952974160.75
1519.5	108431234692757.62
1520.5	108372345086897.95
1521.5	108304793378325.45
1522.5	108233060897745.67
1523.5	108161140679382.25
1524.5	108089032723235.08
1525.5	108016737029304.25
1526.5	107929953335228.12
1527.5	107822371260239.17
1528.5	107714555749872.44
1529.5	107606506804127.98
1530.5	107498224423005.7
1531.5	107388048683427.05
1532.5	107267434012458.48
1533.5	107146570422477.25
1534.5	107025457913483.33
1535.5	106904096485476.8
1536.5	106782486138457.56
1537.5	106634570643492.33
1538.5	106483149807852.94
1539.5	106331441969738.45
1540.5	106179447129148.95
1541.5	106027165286084.36
1542.5	105854797325075.95
1543.5	105670972467579.95
1544.5	105486820495948.69
1545.5	105302341410182.19
1546.5	105117535210280.44
1547.5	104933830422120.89
1548.5	104751857378032.92
1549.5	104569561722826.75
1550.5	104386943456502.38
1551.5	104204002579059.83
1552.5	104017492179964.52
1553.5	103815853978087.0
1554.5	103613869927227.39
1555.5	103411540027385.73
1556.5	103208864278561.94
1557.5	103005842680756.06
1558.5	102806608154391.86
1559.5	102607205398272.95
1560.5	102407462317875.8
1561.5	102207378913200.3
1562.5	102006955184246.56
1563.5	101827139783978.73
1564.5	101653998207067.3
1565.5	101480552035378.44
1566.5	101306801268912.08
1567.5	101132745907668.33
1568.5	100975797396312.95
1569.5	100832821301419.0
1570.5	100689580977921.77
1571.5	100546076425821.36
1572.5	100402307645117.67
1573.5	100270132959829.64
1574.5	100158803981221.81
1575.5	100047252642188.64
1576.5	99935478942730.08
1577.5	99823482882846.17
1578.5	99713762196847.52
1579.5	99615208091000.58
1580.5	99516449206358.58
1581.5	99417485542921.5
1582.5	99318317100689.42
1583.5	99219143753370.95
1584.5	99139565872914.14
1585.5	99059808458210.31
1586.5	98979871509259.38
1587.5	98899755026061.42
1588.5	98819459008616.38
1589.5	98755288196977.5
1590.5	98693837483914.5
1591.5	98632231372555.55
1592.5	98570469862900.61
1593.5	98508552954949.67
1594.5	98447958452487.62
1595.5	98387844147041.11
1596.5	98327577091336.55
1597.5	98267157285373.95
1598.5	98206584729153.38
1599.5	98093936590535.02
1600.5	97938561900876.27
1601.5	97813023846405.45
1602.5	97751270832503.7
1603.5	97689364522008.92
1604.5	97627304914921.08
1605.5	97565092011240.25
1606.5	97502725810966.36
1607.5	97440206314099.44
1608.5	97377533520639.48
1609.5	97314707430586.5
1610.5	97251728043940.48
1611.5	97188595360701.44
1612.5	97125309380869.36
1613.5	97061870104444.25
1614.5	96998277531426.11
1615.5	96934531661814.94
1616.5	96870632495610.73
1617.5	96786794909762.42
1618.5	96691643551321.8
1619.5	96596300671552.75
1620.5	96500766270455.23
1621.5	96405040348029.27
1622.5	96309122904274.88
1623.5	96213013939192.0
1624.5	96116713452780.73
1625.5	96020221445040.98
1626.5	95923537915972.8
1627.5	95826662865576.14
1628.5	95729596293851.06
1629.5	95632338200797.52
1630.5	95534888586415.55
1631.5	95437247450705.11
1632.5	95339120307142.08
1633.5	95237412611959.23
1634.5	95135508885700.25
1635.5	95033409128365.12
1636.5	94931113339953.86
1637.5	94828621520466.45
1638.5	94725933669902.92
1639.5	94623049788263.23
1640.5	94519969875547.42
1641.5	94416693931755.45
1642.5	94313221956887.38
1643.5	94209553950943.14
1644.5	94105689913922.8
1645.5	94001629845826.3
1646.5	93897373746653.64
1647.5	93792921616404.88
1648.5	93685708731650.8
1649.5	93576513357658.62
1650.5	93467116678718.48
1651.5	93357518694830.36
1652.5	93247719405994.27
1653.5	93137718812210.2
1654.5	93027516913478.14
1655.5	92917113709798.12
1656.5	92806509201170.12
1657.5	92695703387594.14
1658.5	92584696269070.2
1659.5	92473487845598.27
1660.5	92362078117178.38
1661.5	92250467083810.48
1662.5	92138654745494.62
1663.5	92026922572746.33
1664.5	91916190108050.61
1665.5	91805258119499.55
1666.5	91694126607093.06
1667.5	91582795570831.2
1668.5	91471265010713.98
1669.5	91359534926741.36
1670.5	91247605318913.36
1671.5	91135476187229.98
1672.5	91023147531691.23
1673.5	90910619352297.08
1674.5	90797891649047.56
1675.5	90684964421942.66
1676.5	90571837670982.39
1677.5	90458511396166.7
1678.5	90344985597495.69
1679.5	90228889214886.02
1680.5	90112297258032.36
1681.5	89995502604816.69
1682.5	89878505255238.98
1683.5	89761305209299.27
1684.5	89643902466997.5
1685.5	89526297028333.75
1686.5	89408488893307.94
1687.5	89290478061920.12
1688.5	89172264534170.3
1689.5	89053848310058.44
1690.5	88935229389584.53
1691.5	88816407772748.61
1692.5	88697383459550.67
1693.5	88578156449990.72
1694.5	88456047925013.23
1695.5	88332472177212.11
1696.5	88208689083370.83
1697.5	88084698643489.42
1698.5	87960500857567.86
1699.5	87836095725606.16
1700.5	87711483247604.3
1701.5	87586663423562.33
1702.5	87461636253480.17
1703.5	87336401737357.89
1704.5	87210959875195.45
1705.5	87085310666992.9
1706.5	86959454112750.19
1707.5	86833390212467.33
1708.5	86707118966144.33
1709.5	86564675382058.12
1710.5	86409954963081.8
1711.5	86254994429703.33
1712.5	86099793781922.75
1713.5	85944353019740.0
1714.5	85788672143155.14
1715.5	85632751152168.16
1716.5	85476590046779.05
1717.5	85320188826987.77
1718.5	85163547492794.39
1719.5	85006666044198.88
1720.5	84849544481201.23
1721.5	84692182803801.45
1722.5	84534581011999.52
1723.5	84376739105795.48
1724.5	84244868531047.38
1725.5	84134246405130.81
1726.5	84023439435527.48
1727.5	83912447622237.33
1728.5	83801270965260.36
1729.5	83689909464596.56
1730.5	83578363120245.98
1731.5	83466631932208.58
1732.5	83354715900484.39
1733.5	83242615025073.38
1734.5	83130329305975.55
1735.5	83017858743190.94
1736.5	82905203336719.48
1737.5	82792363086561.25
1738.5	82679337992716.2
1739.5	82580906920542.14
1740.5	82490625887553.12
1741.5	82400186561009.1
1742.5	82309588940910.02
1743.5	82218833027255.92
1744.5	82127918820046.83
1745.5	82036846319282.69
1746.5	81945615524963.55
1747.5	81854226437089.38
1748.5	81762679055660.17
1749.5	81670973380675.95
1750.5	81579109412136.7
1751.5	81487087150042.45
1752.5	81394906594393.19
1753.5	81302567745188.88
1754.5	81186761894582.73
1755.5	81065300589283.58
1756.5	80943648187713.48
1757.5	80821804689872.45
1758.5	80699770095760.52
1759.5	80577544405377.64
1760.5	80455127618723.83
1761.5	80332519735799.12
1762.5	80209720756603.47
1763.5	80086730681136.89
1764.5	79963549509399.39
1765.5	79840177241390.95
1766.5	79716613877111.61
1767.5	79592859416561.33
1768.5	79468700874298.25
1769.5	79341519731134.73
1770.5	79214144050762.58
1771.5	79086573833181.77
1772.5	78958809078392.36
1773.5	78830849786394.28
1774.5	78702695957187.58
1775.5	78574347590772.25
1776.5	78445804687148.27
1777.5	78317067246315.67
1778.5	78188135268274.44
1779.5	78059008753024.56
1780.5	77929687700566.05
1781.5	77800172110898.89
1782.5	77670461984023.12
1783.5	77538486191475.67
1784.5	77403566550457.36
1785.5	77268446970965.67
1786.5	77133127453000.64
1787.5	76997607996562.23
1788.5	76861888601650.48
1789.5	76725969268265.36
1790.5	76589849996406.83
1791.5	76453530786074.98
1792.5	76317011637269.77
1793.5	76180292549991.19
1794.5	76043373524239.25
1795.5	75906254560013.95
1796.5	75768935657315.27
1797.5	75631416816143.23
1798.5	75531405674138.33
1799.5	75436381335587.86
1800.5	75341204708926.27
1801.5	75245875794153.52
1802.5	75150394591269.64
1803.5	75054761100274.62
1804.5	74958975321168.45
1805.5	74863037253951.16
1806.5	74766946898622.72
1807.5	74670704255183.11
1808.5	74574309323632.39
1809.5	74477762103970.52
1810.5	74381062596197.5
1811.5	74284210800313.36
1812.5	74191353548095.42
1813.5	74104078320288.02
1814.5	74016661699165.56
1815.5	73929103684728.11
1816.5	73841404276975.64
1817.5	73753563475908.17
1818.5	73665581281525.67
1819.5	73577457693828.2
1820.5	73489192712815.7
1821.5	73400786338488.17
1822.5	73312238570845.64
1823.5	73223549409888.11
1824.5	73134718855615.56
1825.5	73045746908028.02
1826.5	72956749866094.02
1827.5	72869434572911.11
1828.5	72781980008850.78
1829.5	72694386173913.05
1830.5	72606653068097.92
1831.5	72518780691405.36
1832.5	72430769043835.42
1833.5	72342618125388.1
1834.5	72254327936063.33
1835.5	72165898475861.17
1836.5	72077329744781.61
1837.5	71988621742824.64
1838.5	71899774469990.27
1839.5	71810787926278.48
1840.5	71721662111689.3
1841.5	71602617098678.0
1842.5	71474996443716.95
1843.5	71347195052340.3
1844.5	71219212924548.06
1845.5	71091050060340.2
1846.5	70962706459716.8
1847.5	70834182122677.75
1848.5	70705477049223.12
1849.5	70576591239352.89
1850.5	70447524693067.1
1851.5	70318277410365.664
1852.5	70188849391248.664
1853.5	70059240635716.06
1854.5	69929451143767.875
1855.5	69806419586501.56
1856.5	69687843045592.77
1857.5	69569098233320.21
1858.5	69450185149683.85
1859.5	69331103794683.76
1860.5	69211854168319.875
1861.5	69092436270592.23
1862.5	68972850101500.805
1863.5	68853095661045.6
1864.5	68733172949226.625
1865.5	68613081966043.9
1866.5	68492822711497.375
1867.5	68372395185587.09
1868.5	68251799388313.03
1869.5	68167344436840.98
1870.5	68119088596670.51
1871.5	68070742172469.07
1872.5	68022305164236.66
1873.5	67973777571973.27
1874.5	67925159395678.9
1875.5	67876450635353.555
1876.5	67827651290997.23
1877.5	67778761362609.945
1878.5	67729780850191.68
1879.5	67680709753742.445
1880.5	67631548073262.22
1881.5	67582295808751.02
1882.5	67532952960208.85
1883.5	67492843471245.31
1884.5	67461982192845.71
1885.5	67431050131728.88
1886.5	67400047287894.836
1887.5	67368973661343.52
1888.5	67337829252075.0
1889.5	67306614060089.24
1890.5	67275328085386.25
1891.5	67243971327966.04
1892.5	67212543787828.6
1893.5	67181045464973.914
1894.5	67149476359402.01
1895.5	67117836471112.875
1896.5	67086125800106.52
1897.5	67020048380320.43
1898.5	66929015931049.664
1899.5	66837850373922.336
1900.5	66746551708938.38
1901.5	66655119936097.875
1902.5	66563555055400.77
1903.5	66471857066847.055
1904.5	66380025970436.73
1905.5	66288061766169.85
1906.5	66195964454046.35
1907.5	66103734034066.27
1908.5	66011370506229.59
1909.5	65918873870536.336
1910.5	65826244126986.48
1911.5	65699717462986.51
1912.5	65561761872059.28
1913.5	65423626070563.65
1914.5	65285310058499.66
1915.5	65146813835867.28
1916.5	65008137402666.52
1917.5	64869280758897.38
1918.5	64730243904559.85
1919.5	64591026839653.97
1920.5	64451629564179.695
1921.5	64312052078137.03
1922.5	64172294381526.0
1923.5	64032356474346.59
1924.5	63893056522292.63
1925.5	63793688160379.75
1926.5	63694182101054.82
1927.5	63594538344317.87
1928.5	63494756890168.87
1929.5	63394837738607.82
1930.5	63294780889634.74
1931.5	63194586343249.65
1932.5	63094254099452.52
1933.5	62993784158243.336
1934.5	62893176519622.125
1935.5	62792431183588.88
1936.5	62691548150143.6
1937.5	62590527419286.305
1938.5	62510457220444.71
1939.5	62466196589775.56
1940.5	62421857065114.23
1941.5	62377438646460.65
1942.5	62332941333814.9
1943.5	62288365127176.93
1944.5	62243710026546.75
1945.5	62198976031924.375
1946.5	62154163143309.79
1947.5	62109271360702.99
1948.5	62064300684104.0
1949.5	62019251113512.81
1950.5	61974122648929.4
1951.5	61928915290353.79
1952.5	61867438512099.31
1953.5	61801560240565.336
1954.5	61735582082121.04
1955.5	61669504036766.414
1956.5	61603326104501.47
1957.5	61537048285326.21
1958.5	61470670579240.62
1959.5	61404192986244.695
1960.5	61337615506338.47
1961.5	61270938139521.91
1962.5	61204160885795.02
1963.5	61137283745157.81
1964.5	61070306717610.28
1965.5	61003087029569.1
1966.5	60935449361292.836
1967.5	60867711337462.18
1968.5	60799872958077.16
1969.5	60731934223137.74
1970.5	60663895132643.945
1971.5	60595755686595.79
1972.5	60527515884993.24
1973.5	60459175727836.31
1974.5	60390735215125.02
1975.5	60322194346859.32
1976.5	60253553123039.25
1977.5	60184811543664.81
1978.5	60115969608736.0
1979.5	60051115887638.086
1980.5	59986570510178.0
1981.5	59921929316626.41
1982.5	59857192306983.34
1983.5	59792359481248.77
1984.5	59727430839422.71
1985.5	59662406381505.15
1986.5	59597286107496.09
1987.5	59532070017395.54
1988.5	59466758111203.5
1989.5	59401350388919.98
1990.5	59335846850544.94
1991.5	59270247496078.414
1992.5	59203087707375.35
1993.5	59134769514607.5
1994.5	59066352971039.305
1995.5	58997838076670.76
1996.5	58929224831501.85
1997.5	58860513235532.59
1998.5	58791703288763.0
1999.5	58722794991193.03
2000.5	58653788342822.75
2001.5	58584683343652.086
2002.5	58515479993681.07
2003.5	58446178292909.71
2004.5	58376778241338.0
2005.5	58318686413404.25
2006.5	58281701810976.586
2007.5	58244651358583.94
2008.5	58207535056226.35
2009.5	58170352903903.77
2010.5	58133104901616.23
2011.5	58095791049363.73
2012.5	58058411347146.26
2013.5	58020965794963.81
2014.5	57983454392816.414
2015.5	57945877140704.04
2016.5	57908234038626.695
2017.5	57870525086584.4
2018.5	57827232658070.47
2019.5	57760334746071.336
2020.5	57693342210127.02
2021.5	57626255050237.586
2022.5	57559073266402.96
2023.5	57491796858623.19
2024.5	57424425826898.25
2025.5	57356960171228.15
2026.5	57289399891612.9
2027.5	57221744988052.48
2028.5	57153995460546.914
2029.5	57086151309096.195
2030.5	57018212533700.29
2031.5	56949107607428.5
2032.5	56872045270129.77
2033.5	56794879517952.0
2034.5	56717610350895.19
2035.5	56640237768959.34
2036.5	56562761772144.44
2037.5	56485182360450.5
2038.5	56407499533877.53
2039.5	56329713292425.51
2040.5	56251823636094.47
2041.5	56173830564884.375
2042.5	56095734078795.23
2043.5	56017534177827.06
2044.5	55935788862478.13
2045.5	55828683089521.98
2046.5	55721445842670.695
2047.5	55614077121924.31
2048.5	55506576927282.79
2049.5	55398945258746.18
2050.5	55291182116314.44
2051.5	55183287499987.6
2052.5	55075261409765.65
2053.5	54967103845648.57
2054.5	54858814807636.375
2055.5	54750394295729.086
2056.5	54641842309926.664
2057.5	54545242929651.77
2058.5	54496883632286.086
2059.5	54448451592881.49
2060.5	54399946811438.06
2061.5	54351369287955.76
2062.5	54302719022434.586
2063.5	54253996014874.555
2064.5	54205200265275.66
2065.5	54156331773637.875
2066.5	54107390539961.23
2067.5	54058376564245.72
2068.5	54009289846491.35
2069.5	53960130386698.12
2070.5	53909753259823.56
2071.5	53857351876461.29
2072.5	53804874762031.44
2073.5	53752321916533.945
2074.5	53699693339968.87
2075.5	53646989032336.164
2076.5	53594208993635.84
2077.5	53541353223867.93
2078.5	53488421723032.4
2079.5	53435414491129.26
2080.5	53382331528158.5
2081.5	53329172834120.16
2082.5	53275938409014.164
2083.5	53202853641859.77
2084.5	53117025309409.195
2085.5	53031090127681.21
2086.5	52945048096675.84
2087.5	52858899216393.03
2088.5	52772643486832.85
2089.5	52686280907995.27
2090.5	52599811479880.27
2091.5	52513235202487.875
2092.5	52426552075818.086
2093.5	52339762099870.875
2094.5	52252865274646.28
2095.5	52165861600144.27
2096.5	52104618167963.46
2097.5	52045542948160.15
2098.5	51986387701310.695
2099.5	51927152427415.07
2100.5	51867837126473.32
2101.5	51808441798485.414
2102.5	51748966443451.375
2103.5	51689411061371.164
2104.5	51629775652244.82
2105.5	51570060216072.32
2106.5	51510264752853.68
2107.5	51450389262588.875
2108.5	51389447316401.79
2109.5	51326227766434.23
2110.5	51262925171133.94
2111.5	51199539530500.914
2112.5	51136070844535.164
2113.5	51072519113236.664
2114.5	51008884336605.445
2115.5	50945166514641.49
2116.5	50881365647344.78
2117.5	50817481734715.35
2118.5	50753514776753.195
2119.5	50689464773458.29
2120.5	50625331724830.664
2121.5	50561435811203.19
2122.5	50497552837448.086
2123.5	50433587210364.6
2124.5	50369538929952.74
2125.5	50305407996212.48
2126.5	50241194409143.84
2127.5	50176898168746.805
2128.5	50112519275021.41
2129.5	50048057727967.625
2130.5	49983513527585.44
2131.5	49918886673874.875
2132.5	49854177166835.94
2133.5	49783064965738.23
2134.5	49697110513028.12
2135.5	49611053658405.19
2136.5	49524894401869.44
2137.5	49438632743420.91
2138.5	49352268683059.54
2139.5	49265802220785.37
2140.5	49179233356598.4
2141.5	49092562090498.62
2142.5	49005788422486.02
2143.5	48918912352560.625
2144.5	48831933880722.414
2145.5	48744853006971.38
2146.5	48677433462583.54
2147.5	48611885496492.57
2148.5	48546255364581.055
2149.5	48480543066848.98
2150.5	48414748603296.35
2151.5	48348871973923.19
2152.5	48282913178729.48
2153.5	48216872217715.21
2154.5	48150749090880.4
2155.5	48084543798225.03
2156.5	48018256339749.1
2157.5	47951886715452.66
2158.5	47887757422283.74
2159.5	47825162801518.98
2160.5	47762489662314.27
2161.5	47699738004669.62
2162.5	47636907828584.99
2163.5	47573999134060.414
2164.5	47511011921095.9
2165.5	47447946189691.41
2166.5	47384801939846.96
2167.5	47321579171562.56
2168.5	47258277884838.21
2169.5	47194898079673.91
2170.5	47148455919930.75
2171.5	47133566927929.97
2172.5	47118644216025.086
2173.5	47103687784216.1
2174.5	47088697632503.02
2175.5	47073673760885.82
2176.5	47058616169364.52
2177.5	47043524857939.125
2178.5	47028399826609.6
2179.5	47013241075375.98
2180.5	46998048604238.27
2181.5	46982822413196.445
2182.5	46963184651719.35
2183.5	46920514912361.73
2184.5	46877786379500.16
2185.5	46834999053134.65
2186.5	46792152933265.2
2187.5	46749248019891.82
2188.5	46706284313014.48
2189.5	46663261812633.195
2190.5	46620180518747.99
2191.5	46577040431358.84
2192.5	46533841550465.76
2193.5	46490583876068.72
2194.5	46446808176832.72
2195.5	46395775362834.58
2196.5	46344676779843.24
2197.5	46293512427858.73
2198.5	46242282306881.01
2199.5	46190986416910.1
2200.5	46139624757945.99
2201.5	46088197329988.69
2202.5	46036704133038.19
2203.5	45985145167094.51
2204.5	45933520432157.625
2205.5	45881829928227.54
2206.5	45830629652215.42
2207.5	45806620306906.65
2208.5	45782570390742.5
2209.5	45758479903722.99
2210.5	45734348845848.125
2211.5	45710177217117.87
2212.5	45685965017532.26
2213.5	45661712247091.26
2214.5	45637418905794.92
2215.5	45613084993643.21
2216.5	45588710510636.125
2217.5	45564295456773.68
2218.5	45536765685906.82
2219.5	45450757467930.38
2220.5	45364653251626.88
2221.5	45278453036996.32
2222.5	45192156824038.68
2223.5	45105764612753.98
2224.5	45019276403142.22
2225.5	44932692195203.38
2226.5	44846011988937.5
2227.5	44759235784344.555
2228.5	44672363581424.53
2229.5	44585395380177.44
2230.5	44500664186775.86
2231.5	44430176835753.8
2232.5	44359608428641.664
2233.5	44288958965439.46
2234.5	44218228446147.164
2235.5	44147416870764.82
2236.5	44076524239292.38
2237.5	44005550551729.88
2238.5	43934495808077.31
2239.5	43863360008334.664
2240.5	43792143152501.93
2241.5	43720845240579.125
2242.5	43655907386730.43
2243.5	43605930189772.13
2244.5	43555891085335.18
2245.5	43505790073419.555
2246.5	43455627154025.28
2247.5	43405402327152.336
2248.5	43355115592800.74
2249.5	43304766950970.484
2250.5	43254356401661.56
2251.5	43203883944873.97
2252.5	43153349580607.73
2253.5	43102753308862.82
2254.5	43056660930693.45
2255.5	43014561409277.66
2256.5	42972407622626.68
2257.5	42930199570740.53
2258.5	42887937253619.22
2259.5	42845620671262.72
2260.5	42803249823671.055
2261.5	42760824710844.22
2262.5	42718345332782.19
2263.5	42675811689485.0
2264.5	42633223780952.64
2265.5	42590581607185.1
2266.5	42543472333134.484
2267.5	42495335801389.99
2268.5	42447140255673.35
2269.5	42398885695984.6
2270.5	42350572122323.72
2271.5	42302199534690.69
2272.5	42253767933085.54
2273.5	42205277317508.266
2274.5	42156727687958.85
2275.5	42108119044437.305
2276.5	42059451386943.63
2277.5	42002167756452.18
2278.5	41903021159739.07
2279.5	41803771347031.336
2280.5	41704418318329.02
2281.5	41604962073632.09
2282.5	41505402612940.555
2283.5	41405739936254.43
2284.5	41305974043573.69
2285.5	41206104934898.33
2286.5	41106132610228.375
2287.5	41006057069563.83
2288.5	40905878312904.664
2289.5	40853649179649.33
2290.5	40834766043345.53
2291.5	40815850838014.13
2292.5	40796903563655.19
2293.5	40777924220268.664
2294.5	40758912807854.55
2295.5	40739869326412.875
2296.5	40720793775943.61
2297.5	40701686156446.77
2298.5	40682546467922.37
2299.5	40663374710370.375
2300.5	40641727908386.38
2301.5	40587576131749.76
2302.5	40533361945160.84
2303.5	40479085348619.664
2304.5	40424746342126.22
2305.5	40370344925680.49
2306.5	40315881099282.49
2307.5	40261354862932.22
2308.5	40206766216629.66
2309.5	40152115160374.836
2310.5	40097401694167.74
2311.5	40042625818008.37
2312.5	40004976184720.96
2313.5	39978273226104.71
2314.5	39951532227801.586
2315.5	39924753189811.62
2316.5	39897936112134.77
2317.5	39871080994771.086
2318.5	39844187837720.52
2319.5	39817256640983.09
2320.5	39790287404558.81
2321.5	39763280128447.664
2322.5	39736234812649.66
2323.5	39700802977810.65
2324.5	39635714024049.46
2325.5	39570554366402.195
2326.5	39505324004868.87
2327.5	39440022939449.48
2328.5	39374651170144.01
2329.5	39309208696952.48
2330.5	39243695519874.88
2331.5	39178111638911.21
2332.5	39112457054061.48
2333.5	39046731765325.68
2334.5	38980935772703.805
2335.5	38948551248809.97
2336.5	38921129918864.34
2337.5	38893670841792.13
2338.5	38866174017593.34
2339.5	38838639446267.94
2340.5	38811067127815.97
2341.5	38783457062237.38
2342.5	38755809249532.22
2343.5	38728123689700.46
2344.5	38700400382742.12
2345.5	38672639328657.17
2346.5	38635901634972.06
2347.5	38593156773957.48
2348.5	38550361467623.98
2349.5	38507515715971.59
2350.5	38464619519000.31
2351.5	38421672876710.125
2352.5	38378675789101.055
2353.5	38335628256173.07
2354.5	38292530277926.195
2355.5	38249381854360.43
2356.5	38206182985475.76
2357.5	38149261393000.71
2358.5	38070883839757.375
2359.5	37992426100262.99
2360.5	37913888174517.555
2361.5	37835270062521.086
2362.5	37756571764273.555
2363.5	37677793279774.98
2364.5	37598934609025.35
2365.5	37519995752024.68
2366.5	37440976708772.945
2367.5	37361877479270.18
2368.5	37294492703517.13
2369.5	37268872716732.21
2370.5	37243217814542.75
2371.5	37217527996948.79
2372.5	37191803263950.305
2373.5	37166043615547.305
2374.5	37140249051739.77
2375.5	37114419572527.74
2376.5	37088555177911.18
2377.5	37062655867890.1
2378.5	37036721642464.51
2379.5	37004366417897.32
2380.5	36929215312260.055
2381.5	36853988002106.21
2382.5	36778684487435.81
2383.5	36703304768248.85
2384.5	36627848844545.336
2385.5	36552316716325.26
2386.5	36476708383588.62
2387.5	36401023846335.4
2388.5	36325263104565.63
2389.5	36249426158279.29
2390.5	36233233100868.52
2391.5	36186671221973.63
2392.5	36140168444937.42
2393.5	36093724709975.57
2394.5	36047339957328.195
2395.5	36001014127259.9
2396.5	35954747160059.77
2397.5	35908538996041.695
2398.5	35862389575544.24
2399.5	35816298838930.96
