4891.5 0.50 4.117093690958473E-6 0.3652797043323517
4891.5 1.50 6.690626196359517E-5 0.3652797043323517
4891.5 2.50 3.0342082209244835E-5 0.3652797043323517
4891.5 3.50 1.8685176382859935E-5 0.3652797043323517
4891.5 4.50 3.150690536131151E-5 0.3652797043323517
4891.5 5.50 2.8261137231311295E-5 0.3652797043323517
4891.5 6.50 3.1422565916727764E-5 0.3652797043323517
4891.5 7.50 4.7084745892789216E-5 0.3652797043323517
4891.5 8.50 4.2474083602428434E-5 0.3652797043323517
4891.5 9.50 3.575835889932932E-5 0.3652797043323517
4891.5 10.50 2.6048245490528644E-5 0.3652797043323517
4891.5 11.50 1.8397631447442108E-5 0.3652797043323517
4891.5 12.50 1.006201714517374E-5 0.3652797043323517
4891.5 13.50 1.081544805856538E-5 0.3652797043323517
4891.5 14.50 2.1786304751003625E-5 0.3652797043323517
4891.5 15.50 1.958280799954082E-5 0.3652797043323517
4891.5 16.50 4.888752755505266E-5 0.3652797043323517
4891.5 17.50 2.620146333356388E-4 0.3652797043323517
4891.5 18.50 1.4815931717748754E-4 0.3652797043323517
4891.5 19.50 1.1455588100943715E-4 0.3652797043323517
4891.5 20.50 7.692236395087093E-5 0.3652797043323517
4891.5 21.50 6.650453906331677E-5 0.3652797043323517
4891.5 22.50 8.00034700660035E-5 0.3652797043323517
4891.5 23.50 4.7326190542662514E-5 0.3652797043323517
4891.5 24.50 5.7546964308130553E-5 0.3652797043323517
4891.5 25.50 9.174546466965694E-5 0.3652797043323517
4891.5 26.50 2.883755551010836E-5 0.3652797043323517
4891.5 27.50 3.79193494154606E-5 0.3652797043323517
4891.5 28.50 5.935227691225009E-5 0.3652797043323517
4891.5 29.50 1.9923761328755063E-5 0.3652797043323517
4891.5 30.50 5.702689352801826E-4 0.3652797043323517
4891.5 31.50 4.265205907358904E-5 0.3652797043323517
4891.5 32.50 1.4958661176933674E-5 0.3652797043323517
4891.5 33.50 4.7822973647271284E-5 0.3652797043323517
4891.5 34.50 4.1965475065808275E-5 0.3652797043323517
4891.5 35.50 3.3637540946074294E-5 0.3652797043323517
4891.5 36.50 7.204667181213154E-5 0.3652797043323517
4891.5 37.50 6.984053084124753E-6 0.3652797043323517
4891.5 38.50 4.345492493484926E-6 0.3652797043323517
4891.5 39.50 3.944355967178126E-6 0.3652797043323517
4891.5 115.50 2.0671695888879563E-5 7.866545921348305E-7
4891.5 116.50 2.4725251273613713E-5 8.88299757565038E-7
4891.5 117.50 8.298862407583036E-5 2.7036375336683165E-6
4891.5 118.50 3.2409453782401826E-5 1.1026233455041086E-6
4891.5 119.50 5.442514772206467E-5 1.7769845042019233E-6
4891.5 120.50 1.597368859040079E-4 5.730678376198703E-6
4891.5 121.50 0.006869173264200386 2.821632976210875E-4
4891.5 122.50 6.697807906671133E-5 2.5229053515826816E-6
4891.5 123.50 4.3180244876488285E-5 1.38771710252442E-6
4891.5 124.50 3.150441679251229E-5 1.0267518644064125E-6
4891.5 125.50 2.871529450917616E-5 9.362751944519516E-7
4891.5 126.50 3.931604440006577E-5 1.2628458322366771E-6
4891.5 127.50 2.072244212076539E-5 6.938191527373941E-7
4891.5 128.50 1.642401024758052E-5 5.548875247303366E-7
4891.5 129.50 1.9069008566841386E-5 6.406505264095159E-7
4891.5 130.50 1.5911748169232536E-4 5.085677420938329E-6
4891.5 131.50 2.5568384536999068E-5 8.476059657889686E-7
4891.5 132.50 2.07325574142537E-5 6.983885113098572E-7
4891.5 133.50 1.9370973427715283E-4 7.089761051714449E-6
4891.5 134.50 1.9227125693839333E-5 6.53218051932924E-7
4891.5 135.50 4.290114657182619E-5 1.3855022126771835E-6
4891.5 136.50 2.6714745030402045E-5 8.83618638868208E-7
4891.5 137.50 2.87600172935505E-5 9.488057278328928E-7
4891.5 138.50 2.8659768060691515E-5 9.495473654511572E-7
4891.5 139.50 7.776544692885285E-5 2.71365381910523E-6
4891.5 140.50 6.574539948735678E-5 2.119052317322276E-6
4891.5 141.50 4.02697764503213E-5 1.312177917049258E-6
4891.5 142.50 4.290120757227864E-5 1.3998586813443185E-6
4891.5 143.50 4.922026798713476E-5 1.640522108815029E-6
4891.5 144.50 4.882349840530804E-5 1.6417617826450215E-6
4891.5 145.50 5.17749991614762E-5 1.7751181250127328E-6
4891.5 146.50 6.37383465220853E-5 2.1853287254824157E-6
4891.5 147.50 7.843161352444493E-5 2.779713980452514E-6
4891.5 148.50 8.111492556382164E-5 2.811689576030359E-6
4891.5 149.50 7.285312802574664E-5 2.547668218799711E-6
4891.5 150.50 8.23718168020121E-5 2.856164063016124E-6
4891.5 151.50 8.995558332170442E-5 3.083918344078035E-6
4891.5 152.50 1.1219662716665389E-4 3.7559541709960782E-6
4891.5 153.50 1.238042589840864E-4 4.148384544448503E-6
4891.5 154.50 2.129556983950892E-4 7.202659339837823E-6
4891.5 155.50 1.8808917342854112E-4 6.24664355708785E-6
4891.5 156.50 1.8736562484184785E-4 6.474706930537574E-6
4891.5 157.50 1.650547848200787E-4 5.757999319194814E-6
4891.5 158.50 1.6262961479961025E-4 5.663980230657208E-6
4891.5 159.50 1.5970452979439833E-4 5.575208033885998E-6
4891.5 160.50 1.8103590026460556E-4 6.307795604557059E-6
4891.5 161.50 2.131617465526387E-4 7.442817136226004E-6
4891.5 162.50 2.4647048769611954E-4 8.568882141244361E-6
4891.5 163.50 2.640716396920475E-4 9.24185124609874E-6
4891.5 164.50 3.032971111796173E-4 1.0465351707005659E-5
4891.5 165.50 4.83515955922638E-4 1.6850654366038792E-5
4891.5 166.50 3.291075510009227E-4 1.1447830682564034E-5
4891.5 167.50 3.8972528690419804E-4 1.3497330204951435E-5
4891.5 168.50 4.283521754972468E-4 1.4845852197409885E-5
4891.5 169.50 5.636252265649229E-4 1.9520866474844077E-5
4891.5 170.50 6.494077630710259E-4 2.251434949476294E-5
4891.5 171.50 6.527648218040945E-4 2.248030253446119E-5
4891.5 172.50 7.139216530653113E-4 2.447871010888491E-5
4891.5 173.50 7.163931421823754E-4 2.460941702264037E-5
4891.5 174.50 8.811879820919291E-4 3.014108397370062E-5
4891.5 175.50 0.0010635276517718263 3.7072212687227876E-5
4891.5 176.50 0.0011532788343477877 4.008301176548345E-5
4891.5 177.50 0.0013925710185740691 4.786945008721441E-5
4891.5 178.50 0.0015465674884418395 5.332869339215056E-5
4891.5 179.50 0.0015374634251558844 5.306212595641133E-5
4891.5 180.50 0.002113563455146136 3.204136685828553E-5
4891.5 181.50 0.002467074513559545 3.8370417818026285E-5
4891.5 182.50 0.0023448461087025715 3.879382152726161E-5
4891.5 183.50 0.0025311278394048523 4.35241606857997E-5
4891.5 184.50 0.002193533238243618 3.8529260562146895E-5
4891.5 185.50 0.0024684846058097734 4.456175877233433E-5
4891.5 186.50 0.0028400556676918542 5.213656795398743E-5
4891.5 187.50 0.003193641535826839 6.167178192251429E-5
4891.5 188.50 0.0033990850596437258 6.8444923013211E-5
4891.5 189.50 0.003751827203895653 7.998223419120544E-5
4891.5 190.50 0.003955338387184777 8.378562678143482E-5
4891.5 191.50 0.00419422670891459 8.993235603748429E-5
4891.5 192.50 0.004510641074553138 9.537433645592439E-5
4891.5 193.50 0.003496953956108709 7.494710284830786E-5
4891.5 194.50 0.005720761335693305 1.2917913206853885E-4
4891.5 195.50 0.0055224948898036095 1.3175085612103258E-4
4891.5 196.50 0.006243460215688531 1.5482406287501362E-4
4891.5 197.50 0.006348430281241025 1.5805164268010177E-4
4891.5 198.50 0.006391696083022918 1.5629919817564868E-4
4891.5 199.50 0.006910984078376111 1.6951864131670356E-4
4891.5 200.50 0.007474497291944887 1.8203196418772378E-4
4891.5 201.50 0.008334174940779695 2.0460476905337938E-4
4891.5 202.50 0.008211373320623912 1.9697958427725883E-4
4891.5 203.50 0.009493750785572607 2.2288580293823538E-4
4891.5 204.50 0.010510511560520287 2.3319957580907386E-4
4891.5 205.50 0.010789604948453354 2.231609318684929E-4
4891.5 206.50 0.011166417946889533 2.166315121199828E-4
4891.5 207.50 0.012899091555078006 2.2973724860726684E-4
4891.5 208.50 0.014887257109188522 2.3920614244266031E-4
4891.5 209.50 0.02143495341763944 3.1697983832189357E-4
4891.5 210.50 0.02771705111512708 3.6435734474770965E-4
4891.5 211.50 0.03351810040249415 3.988400729940805E-4
4891.5 212.50 0.03198006562718443 3.448880302059941E-4
4891.5 213.50 0.029232155928002553 2.902241057593837E-4
4891.5 214.50 0.04178241302440393 3.979138477717199E-4
4891.5 215.50 0.03410861818978883 3.2298895549843164E-4
4891.5 216.50 0.03282683180907639 3.0692860501018435E-4
4891.5 217.50 0.03196492211917567 3.1101402032073536E-4
4891.5 218.50 0.045040152814590985 4.6304709959515066E-4
4891.5 219.50 0.04717259764158715 5.279501752193827E-4
4891.5 220.50 0.04643378292015973 5.547002421796228E-4
4891.5 221.50 0.03304025037480786 4.341448410736881E-4
4891.5 222.50 0.04850684194447397 6.762084769131271E-4
4891.5 223.50 0.06186429269276096 8.981010651004095E-4
4891.5 224.50 0.05673378555286809 9.040514872846187E-4
4891.5 225.50 0.049853725207648455 8.220304644452812E-4
4891.5 226.50 0.03513042325066478 5.91116774105947E-4
4891.5 227.50 0.03563805157253859 6.050534685107759E-4
4891.5 228.50 0.05094112389133537 8.314577164802327E-4
4891.5 229.50 0.043158017473618984 7.039516139228624E-4
4891.5 230.50 0.052688683681807146 8.369339298432982E-4
4891.5 231.50 0.04532906937951711 7.393822411236161E-4
4891.5 232.50 0.04887923458501499 7.835566346116418E-4
4891.5 233.50 0.04106731925567228 6.81842128605094E-4
4891.5 234.50 0.03330546167663408 5.884185226448494E-4
4891.5 235.50 0.0531293319114634 9.413420833992081E-4
4891.5 236.50 0.040911422598245026 7.496280340732105E-4
4891.5 237.50 0.049599942266779745 9.069574130716489E-4
4891.5 238.50 0.033971285339820044 6.796994795780447E-4
4891.5 239.50 0.04185249539870811 8.368241105261146E-4
4891.5 240.50 0.03842692585255006 7.942458905241884E-4
4891.5 241.50 0.04459116259928522 9.325429364723412E-4
4891.5 242.50 0.0667014075289169 0.001371541187260407
4891.5 243.50 0.060889969778293175 0.0012132368617431683
4891.5 244.50 0.05811822722269742 0.0011102240115276637
4891.5 245.50 0.04614268095987218 8.446159951579897E-4
4891.5 246.50 0.046591173113115815 8.261497163747848E-4
4891.5 247.50 0.054136892554289336 9.452784075824661E-4
4891.5 248.50 0.04211382474938233 7.277719281341129E-4
4891.5 249.50 0.05433254698842324 9.937343228403E-4
4891.5 250.50 0.05752175364963667 0.0010754577966067642
4891.5 251.50 0.0447827839460791 8.453312081080104E-4
4891.5 252.50 0.03984750693136254 7.700231763702967E-4
4891.5 253.50 0.0512627593784629 9.928103227930718E-4
4891.5 254.50 0.05699431343864582 0.0011144519873308517
4891.5 255.50 0.0805029128095331 0.001555151318103269
4891.5 256.50 0.0961138465781447 0.0019264876552351517
4891.5 257.50 0.11909264358565039 0.002342889810928644
4891.5 258.50 0.12596900755317317 0.0024865932475819793
4891.5 259.50 0.1058744469375545 0.0020160239822286786
4891.5 260.50 0.08588776796851928 0.001630444408466046
4891.5 261.50 0.0833592226546683 0.001470705993134988
4891.5 262.50 0.10514213409608202 0.0018329394655405874
4891.5 263.50 0.15381213899315893 0.002662400583995828
4891.5 264.50 0.23972192407620257 0.004123713700531414
4891.5 265.50 0.24921817891230527 0.00435613613208423
4891.5 266.50 0.2422691518430961 0.00429823951984578
4891.5 267.50 0.24234585758012264 0.0042970989810239765
4891.5 268.50 0.24210966275447154 0.004304784434191158
4891.5 269.50 0.2159731664323675 0.003808838528917737
4891.5 270.50 0.27238478234832286 0.004793773855982447
4891.5 271.50 0.22629377765539122 0.00386272229739081
4891.5 272.50 0.1782594368578059 0.0031020710511359202
4891.5 273.50 0.2041828998379742 0.0036356477407504416
4891.5 274.50 0.12054507573670717 0.002301833503520186
4891.5 275.50 0.17221711330393016 0.0034982512057154906
4891.5 276.50 0.23815869141670787 0.0051190238118710785
4891.5 277.50 0.2365504817228061 0.005328958601287653
4891.5 278.50 0.15632146561528945 0.0036988468305692657
4891.5 279.50 0.0740745321108099 0.0017284887163966252
4891.5 280.50 0.08576110475861856 0.001868401578185825
4891.5 281.50 0.20030842271357097 0.004346709955288879
4891.5 282.50 0.27866720431827174 0.005978400065461593
4891.5 283.50 0.3091552547024092 0.006792344110638183
4891.5 284.50 0.2365329230995357 0.005427008279714989
4891.5 285.50 0.11957556080159801 0.002559811652746105
4891.5 286.50 0.3173974864762624 0.007316531004168188
4891.5 287.50 0.3451801396838509 0.0078034186798212725
4891.5 288.50 0.28603956332030434 0.006075173916267757
4891.5 289.50 0.42671135452957604 0.008745508152812363
4891.5 290.50 0.5683132639542524 0.011983095688916768
4891.5 291.50 0.5285577695859719 0.0114035588333804
4891.5 292.50 0.4620879660925639 0.010357386071501124
4891.5 293.50 0.5232524332628603 0.011450612664943731
4891.5 294.50 0.47427064671434543 0.009730583152157352
4891.5 295.50 0.5321254529245898 0.009952537990139402
4891.5 296.50 0.4732907218054207 0.009138178015604466
4891.5 297.50 0.5079838796049594 0.010102540331001029
4891.5 298.50 0.37559573477872293 0.007984817245094835
4891.5 299.50 0.526291966323132 0.011985825039466045
4891.5 300.50 0.3494658606998305 0.00807318299831747
4891.5 301.50 0.4775097376756244 0.011691818789633067
4891.5 302.50 0.47004987302602597 0.012166447755740342
4891.5 303.50 0.6188851233288538 0.01696843147713681
4891.5 304.50 0.5856107209537054 0.01666140442721688
4891.5 305.50 0.6184027344153593 0.02070281165682534
4891.5 306.50 0.5653800734844461 0.019977453524425856
4891.5 307.50 0.657347638130156 0.02496710835007673
4891.5 308.50 0.668753942761778 0.027589963314043054
4891.5 309.50 0.5096668747830085 0.02173671754750723
4891.5 310.25 0.5593602290875223 NaN
4891.5 310.48 0.6037458145341552 NaN
4891.5 310.71 0.6508300213650404 NaN
4891.5 310.95 0.6824656249494254 NaN
4891.5 311.18 0.694851095964726 NaN
4891.5 311.42 0.7000639489088472 NaN
4891.5 311.65 0.6923696679225212 NaN
4891.5 311.89 0.6757147415064146 NaN
4891.5 312.12 0.6591526758130799 NaN
4891.5 312.36 0.6463760027186216 NaN
4891.5 312.60 0.6426867290932181 NaN
4891.5 312.84 0.6508052884975871 NaN
4891.5 313.08 0.6600614267404897 NaN
4891.5 313.32 0.6719062082489138 NaN
4891.5 313.56 0.6737385554973226 NaN
4891.5 313.80 0.6742233940256228 NaN
4891.5 314.04 0.6703991261556242 NaN
4891.5 314.28 0.6645903447921946 NaN
4891.5 314.53 0.6559079161809891 NaN
4891.5 314.77 0.6436992918020091 NaN
4891.5 315.02 0.6356476546147459 NaN
4891.5 315.26 0.6222432148554023 NaN
4891.5 315.51 0.6094648999555977 NaN
4891.5 315.75 0.5973005283668256 NaN
4891.5 316.00 0.5960516376455124 NaN
4891.5 316.25 0.6137409816700812 NaN
4891.5 316.50 0.6376012311637258 NaN
4891.5 316.75 0.6630826912145378 NaN
4891.5 317.00 0.6941997533758454 NaN
4891.5 317.25 0.71117740189509 NaN
4891.5 317.50 0.7156496017772852 NaN
4891.5 317.75 0.7065218084578361 NaN
4891.5 318.01 0.6875236837596252 NaN
4891.5 318.26 0.6724925938312285 NaN
4891.5 318.51 0.6627795727779479 NaN
4891.5 318.77 0.6596660736906448 NaN
4891.5 319.02 0.6648347064552289 NaN
4891.5 319.28 0.6813912104338712 NaN
4891.5 319.54 0.7051046578323956 NaN
4891.5 319.80 0.7279714491621255 NaN
4891.5 320.06 0.7410418533917813 NaN
4891.5 320.32 0.7437004568700165 NaN
4891.5 320.58 0.7428771821472683 NaN
4891.5 320.84 0.7338016260438783 NaN
4891.5 321.10 0.7219394293503183 NaN
4891.5 321.36 0.707331443927268 NaN
4891.5 321.62 0.6959069460970098 NaN
4891.5 321.89 0.6864939766882316 NaN
4891.5 322.15 0.6762352813851588 NaN
4891.5 322.42 0.6674624880547481 NaN
4891.5 322.69 0.6615292008658696 NaN
4891.5 322.95 0.6560785532507579 NaN
4891.5 323.22 0.6580520688142264 NaN
4891.5 323.49 0.6679362301767321 NaN
4891.5 323.76 0.6822893763055311 NaN
4891.5 324.03 0.7007380947391747 NaN
4891.5 324.30 0.7260864252740146 NaN
4891.5 324.57 0.7524512819276168 NaN
4891.5 324.85 0.7854885500765928 NaN
4891.5 325.12 0.8135422433375176 NaN
4891.5 325.39 0.8502402310325279 NaN
4891.5 325.67 0.8887246408433899 NaN
4891.5 325.94 0.9095780503993076 NaN
4891.5 326.22 0.9339562880810226 NaN
4891.5 326.50 0.9459659083861918 NaN
4891.5 326.78 0.9502913019706681 NaN
4891.5 327.06 0.9467954808312035 NaN
4891.5 327.34 0.9399850028567059 NaN
4891.5 327.62 0.9320455360668348 NaN
4891.5 327.90 0.9249539126232302 NaN
4891.5 328.18 0.9245364781374924 NaN
4891.5 328.47 0.9322606910045906 NaN
4891.5 328.75 0.9489788271327075 NaN
4891.5 329.04 0.9737964453335016 NaN
4891.5 329.32 0.9970483375979908 NaN
4891.5 329.61 1.0087978593266358 NaN
4891.5 329.90 1.0180936119042199 NaN
4891.5 330.19 1.0156463064131929 NaN
4891.5 330.48 1.0021842065366773 NaN
4891.5 330.77 0.985661483349823 NaN
4891.5 331.06 0.968637265555863 NaN
4891.5 331.35 0.958397231778988 NaN
4891.5 331.64 0.9537888959599001 NaN
4891.5 331.94 0.9442777878553988 NaN
4891.5 332.23 0.9389299243627318 NaN
4891.5 332.53 0.9330653119663502 NaN
4891.5 332.83 0.9282915205969896 NaN
4891.5 333.12 0.9262756948683543 NaN
4891.5 333.42 0.9251621456248047 NaN
4891.5 333.72 0.9223510922477348 NaN
4891.5 334.02 0.9293213312157252 NaN
4891.5 334.32 0.9391422246945276 NaN
4891.5 334.63 0.9425822337765866 NaN
4891.5 334.93 0.9365734147829957 NaN
4891.5 335.23 0.9290612638352888 NaN
4891.5 335.54 0.9130232572543923 NaN
4891.5 335.85 0.8867325332219334 NaN
4891.5 336.15 0.8595169222253636 NaN
4891.5 336.46 0.8454236821396051 NaN
4891.5 336.77 0.8363592890550671 NaN
4891.5 337.08 0.8349258815893421 NaN
4891.5 337.39 0.8420152720041825 NaN
4891.5 337.71 0.8654373555596913 NaN
4891.5 338.02 0.8852316609347765 NaN
4891.5 338.33 0.9044833394481059 NaN
4891.5 338.65 0.9269189598376671 NaN
4891.5 338.96 0.9467311538951754 NaN
4891.5 339.28 0.962220008021982 NaN
4891.5 339.60 0.9748485811360512 NaN
4891.5 339.92 0.9868217257270735 NaN
4891.5 340.24 0.9917243445320565 NaN
4891.5 340.56 0.9849540950399588 NaN
4891.5 340.88 0.9765617480091457 NaN
4891.5 341.21 0.9721377295565888 NaN
4891.5 341.53 0.9707129139214913 NaN
4891.5 341.86 0.972279781156566 NaN
4891.5 342.18 0.9788568801769151 NaN
4891.5 342.51 0.9811865424854771 NaN
4891.5 342.84 0.9700133447933532 NaN
4891.5 343.17 0.9550589603653908 NaN
4891.5 343.50 0.9326627075334825 NaN
4891.5 343.83 0.9071179656386411 NaN
4891.5 344.17 0.8842570581009948 NaN
4891.5 344.50 0.8761672500945844 NaN
4891.5 344.84 0.8777466443220463 NaN
4891.5 345.17 0.8932341308973586 NaN
4891.5 345.51 0.9098936577707823 NaN
4891.5 345.85 0.9206313223789174 NaN
4891.5 346.19 0.9284378727730925 NaN
4891.5 346.53 0.934496023323562 NaN
4891.5 346.88 0.9343531057770844 NaN
4891.5 347.22 0.9286737084679315 NaN
4891.5 347.56 0.9245297068105621 NaN
4891.5 347.91 0.9142307196754609 NaN
4891.5 348.26 0.913324396109318 NaN
4891.5 348.60 0.9165605918999993 NaN
4891.5 348.95 0.9228297934551792 NaN
4891.5 349.30 0.934998039936524 NaN
4891.5 349.66 0.9561201511849863 NaN
4891.5 350.01 0.9777057444535295 NaN
4891.5 350.36 0.9985480746155945 NaN
4891.5 350.72 1.0074023543207447 NaN
4891.5 351.08 1.002443006541137 NaN
4891.5 351.43 0.998721888960085 NaN
4891.5 351.79 0.9893384111917541 NaN
4891.5 352.15 0.981074431240951 NaN
4891.5 352.52 0.9803457839288756 NaN
4891.5 352.88 0.9942613978100652 NaN
4891.5 353.24 1.0189551974049236 NaN
4891.5 353.61 1.0496804031215523 NaN
4891.5 353.98 1.070768389960104 NaN
4891.5 354.34 1.08868113568 NaN
4891.5 354.71 1.0953320326101201 NaN
4891.5 355.08 1.0845772402763274 NaN
4891.5 355.46 1.0561563970433014 NaN
4891.5 355.83 1.0238955000917562 NaN
4891.5 356.20 0.9877082071134996 NaN
4891.5 356.58 0.9368022511671271 NaN
4891.5 356.96 0.8882239889448068 NaN
4891.5 357.34 0.8497890743294522 NaN
4891.5 357.72 0.8304452380977798 NaN
4891.5 358.10 0.8252237009924015 NaN
4891.5 358.48 0.8399030472536546 NaN
4891.5 358.86 0.8682312709537231 NaN
4891.5 359.25 0.9102013991927896 NaN
4891.5 359.64 0.9458719278024184 NaN
4891.5 360.03 0.9680753011868954 NaN
4891.5 360.42 0.9727298964312733 NaN
4891.5 360.81 0.9724767781539911 NaN
4891.5 361.20 0.9730862190905739 NaN
4891.5 361.59 0.9654911362593952 NaN
4891.5 361.99 0.966753669387282 NaN
4891.5 362.39 0.9822417853280575 NaN
4891.5 362.79 1.0014724509306019 NaN
4891.5 363.19 1.012409638145687 NaN
4891.5 363.59 1.02502805039812 NaN
4891.5 363.99 1.0474569668382536 NaN
4891.5 364.39 1.0720800661215681 NaN
4891.5 364.80 1.0961803785022701 NaN
4891.5 365.21 1.1249522732770407 NaN
4891.5 365.62 1.1631424038313947 NaN
4891.5 366.03 1.1941203106916032 NaN
4891.5 366.44 1.204014411143486 NaN
4891.5 366.85 1.212034587429314 NaN
4891.5 367.27 1.209855793363957 NaN
4891.5 367.69 1.2043475856004269 NaN
4891.5 368.10 1.1981248662682837 NaN
4891.5 368.52 1.1944761294716808 NaN
4891.5 368.95 1.1960658846041339 NaN
4891.5 369.37 1.2065063885225125 NaN
4891.5 369.79 1.2138671372062173 NaN
4891.5 370.22 1.2081611964514203 NaN
4891.5 370.65 1.1978719022893538 NaN
4891.5 371.08 1.1826427097975738 NaN
4891.5 371.51 1.1633560482710432 NaN
4891.5 371.94 1.1242831019591832 NaN
4891.5 372.38 1.0836365980833462 NaN
4891.5 372.81 1.0465742496822144 NaN
4891.5 373.25 1.0144391954416163 NaN
4891.5 373.69 0.9910771041877285 NaN
4891.5 374.13 0.9799860568833496 NaN
4891.5 374.58 0.9853971590847431 NaN
4891.5 375.02 1.002290277468565 NaN
4891.5 375.47 1.0357430446578868 NaN
4891.5 375.92 1.0852684572034679 NaN
4891.5 376.37 1.1341543340331497 NaN
4891.5 376.82 1.1786364252966868 NaN
4891.5 377.28 1.2184968506108358 NaN
4891.5 377.73 1.2453519460041147 NaN
4891.5 378.19 1.252191031032165 NaN
4891.5 378.65 1.250687219666218 NaN
4891.5 379.11 1.2380482029720667 NaN
4891.5 379.57 1.2100749393257046 NaN
4891.5 380.04 1.1822007375836356 NaN
4891.5 380.51 1.1471626654603069 NaN
4891.5 380.98 1.1016443029067273 NaN
4891.5 381.45 1.041065826769438 NaN
4891.5 381.92 0.9754363832464404 NaN
4891.5 382.39 0.9220566453726408 NaN
4891.5 382.87 0.8836365421029497 NaN
4891.5 383.35 0.8601227694230216 NaN
4891.5 383.83 0.8623529629752288 NaN
4891.5 384.31 0.8921741507040811 NaN
4891.5 384.80 0.9328666225104625 NaN
4891.5 385.28 0.9623061472717289 NaN
4891.5 385.77 0.9854062842743663 NaN
4891.5 386.26 0.9990006202422939 NaN
4891.5 386.76 1.0068505267160637 NaN
4891.5 387.25 1.0148121165177195 NaN
4891.5 387.75 1.027395503506394 NaN
4891.5 388.25 1.0496495878132255 NaN
4891.5 388.75 1.0822397951337077 NaN
4891.5 389.25 1.1274782763654838 NaN
4891.5 389.76 1.1715132609211687 NaN
4891.5 390.26 1.1995416142416788 NaN
4891.5 390.77 1.1963538480138138 NaN
4891.5 391.29 1.164928052681521 NaN
4891.5 391.80 1.1135548352765352 NaN
4891.5 392.32 1.0474631236782224 NaN
4891.5 392.84 0.9918035482666124 NaN
4891.5 393.36 0.9632099327364092 NaN
4891.5 393.88 0.9595555322855487 NaN
4891.5 394.40 0.9725503941211646 NaN
4891.5 394.93 0.9916715122264976 NaN
4891.5 395.46 1.0200324381595465 NaN
4891.5 395.99 1.0486390340591591 NaN
4891.5 396.53 1.0786764149708292 NaN
4891.5 397.07 1.124242860588713 NaN
4891.5 397.61 1.2000825800540096 NaN
4891.5 398.15 1.3011006212699878 NaN
4891.5 398.69 1.405208875789992 NaN
4891.5 399.24 1.5095460352766603 NaN
4891.5 399.79 1.6038230643863838 NaN
4891.5 400.34 1.672317474702588 NaN
4891.5 400.89 1.7107843720139226 NaN
4891.5 401.45 1.7327362156448574 NaN
4891.5 402.01 1.745760016239347 NaN
4891.5 402.57 1.7463614197199953 NaN
4891.5 403.13 1.7401458958272837 NaN
4891.5 403.70 1.7273183586311303 NaN
4891.5 404.27 1.7113003825966508 NaN
4891.5 404.84 1.6945080052768973 NaN
4891.5 405.41 1.6790964129132306 NaN
4891.5 405.99 1.6760844951075984 NaN
4891.5 406.57 1.679039891803354 NaN
4891.5 407.15 1.6849807874673988 NaN
4891.5 407.74 1.6854980568262665 NaN
4891.5 408.33 1.6981751076674747 NaN
4891.5 408.92 1.7114359198452072 NaN
4891.5 409.51 1.7190553607660972 NaN
4891.5 410.11 1.7248560206955386 NaN
4891.5 410.70 1.7353124553736639 NaN
4891.5 411.31 1.7574668722586781 NaN
4891.5 411.91 1.7703183278137131 NaN
4891.5 412.52 1.7796625372691626 NaN
4891.5 413.13 1.7872376317677905 NaN
4891.5 413.74 1.7970390396651872 NaN
4891.5 414.36 1.7995025519588026 NaN
4891.5 414.98 1.792687246230478 NaN
4891.5 415.60 1.7874863251534454 NaN
4891.5 416.22 1.7815452814766557 NaN
4891.5 416.85 1.774354173033654 NaN
4891.5 417.48 1.7602247788001901 NaN
4891.5 418.11 1.755088187796262 NaN
4891.5 418.75 1.7536153852835459 NaN
4891.5 419.39 1.7546586447383123 NaN
4891.5 420.04 1.74986181627801 NaN
4891.5 420.68 1.7514264252613891 NaN
4891.5 421.33 1.7548110459832311 NaN
4891.5 421.98 1.7494380037984831 NaN
4891.5 422.64 1.7392881276462109 NaN
4891.5 423.30 1.7301798149970833 NaN
4891.5 423.96 1.7270897661766866 NaN
4891.5 424.63 1.7144000969061797 NaN
4891.5 425.30 1.7039434951948182 NaN
4891.5 425.97 1.6901758105051417 NaN
4891.5 426.65 1.6696711487809652 NaN
4891.5 427.32 1.6328298951263447 NaN
4891.5 428.01 1.5886656293449284 NaN
4891.5 428.69 1.5573168367945585 NaN
4891.5 429.38 1.5299355524777754 NaN
4891.5 430.08 1.514206711409843 NaN
4891.5 430.77 1.5205252007765135 NaN
4891.5 431.47 1.5524317224101238 NaN
4891.5 432.18 1.5978832904402072 NaN
4891.5 432.89 1.6459875900144978 NaN
4891.5 433.60 1.6933532706020884 NaN
4891.5 434.31 1.7335735012218103 NaN
4891.5 435.03 1.7618412757168243 NaN
4891.5 435.75 1.7792532146649234 NaN
4891.5 436.48 1.7853899172919636 NaN
4891.5 437.21 1.7879023172519077 NaN
4891.5 437.94 1.78594819241358 NaN
4891.5 438.68 1.792496554781852 NaN
4891.5 439.42 1.8035412527698966 NaN
4891.5 440.17 1.8244350400012095 NaN
4891.5 440.92 1.8498600061541333 NaN
4891.5 441.67 1.8816868065108328 NaN
4891.5 442.43 1.9061532988849479 NaN
4891.5 443.19 1.9253326888275102 NaN
4891.5 443.96 1.9398380970997189 NaN
4891.5 444.73 1.9476746137987309 NaN
4891.5 445.50 1.9558226670307846 NaN
4891.5 446.28 1.9664193772384668 NaN
4891.5 447.06 1.9891217046646974 NaN
4891.5 447.85 2.016473864280028 NaN
4891.5 448.64 2.0373777917521925 NaN
4891.5 449.43 2.052869687986791 NaN
4891.5 450.23 2.0650783779200372 NaN
4891.5 451.04 2.0691528916146535 NaN
4891.5 451.85 2.061382017505017 NaN
4891.5 452.66 2.0511251762142777 NaN
4891.5 453.48 2.0464648787579223 NaN
4891.5 454.30 2.0453904077111296 NaN
4891.5 455.13 2.04685213370656 NaN
4891.5 455.96 2.0505325002582486 NaN
4891.5 456.80 2.058557901352556 NaN
4891.5 457.64 2.066617852674755 NaN
4891.5 458.48 2.0727088421301194 NaN
4891.5 459.33 2.076739182129933 NaN
4891.5 460.19 2.082486648077468 NaN
4891.5 461.05 2.085043062396448 NaN
4891.5 461.92 2.0866378013516567 NaN
4891.5 462.79 2.0813407606702166 NaN
4891.5 463.66 2.0738245455567745 NaN
4891.5 464.54 2.0638667814280027 NaN
4891.5 465.43 2.05298621981468 NaN
4891.5 466.32 2.0402454900182154 NaN
4891.5 467.22 2.0312810998977193 NaN
4891.5 468.12 2.0291882927917078 NaN
4891.5 469.03 2.0291549843778807 NaN
4891.5 469.94 2.0326069975947187 NaN
4891.5 470.86 2.038982060739248 NaN
4891.5 471.78 2.0487502688708674 NaN
4891.5 472.71 2.0584670566208443 NaN
4891.5 473.64 2.0672164380150617 NaN
4891.5 474.58 2.0769845558080076 NaN
4891.5 475.53 2.08578989262464 NaN
4891.5 476.48 2.0910708054724565 NaN
4891.5 477.44 2.098265131564403 NaN
4891.5 478.40 2.104270242157146 NaN
4891.5 479.37 2.106428377869552 NaN
4891.5 480.34 2.101385112733651 NaN
4891.5 481.33 2.084952840665637 NaN
4891.5 482.31 2.0572352474657425 NaN
4891.5 483.31 2.0237474993434708 NaN
4891.5 484.30 1.9893665873673037 NaN
4891.5 485.31 1.9591137841273374 NaN
4891.5 486.32 1.938046696285929 NaN
4891.5 487.34 1.929681951134478 NaN
4891.5 488.37 1.9370039401223262 NaN
4891.5 489.40 1.9501009879365432 NaN
4891.5 490.43 1.9651301247448323 NaN
4891.5 491.48 1.9791587695212458 NaN
4891.5 492.53 1.99242407621248 NaN
4891.5 493.59 1.9981936085112009 NaN
4891.5 494.65 1.9998755683904434 NaN
4891.5 495.72 1.9963919821944782 NaN
4891.5 496.80 1.9875164110655912 NaN
4891.5 497.89 1.9780719986207076 NaN
4891.5 498.98 1.9660585253368466 NaN
4891.5 500.08 1.9549801339249222 NaN
4891.5 501.19 1.9479614719873057 NaN
4891.5 502.30 1.9465109472272961 NaN
4891.5 503.42 1.9494202772944729 NaN
4891.5 504.55 1.9555827149026663 NaN
4891.5 505.69 1.9617541502708784 NaN
4891.5 506.83 1.9655141100553086 NaN
4891.5 507.99 1.9641297253852152 NaN
4891.5 509.14 1.9588465114080718 NaN
4891.5 510.31 1.9502135633287443 NaN
4891.5 511.49 1.9298617056154816 NaN
4891.5 512.67 1.9037804791251334 NaN
4891.5 513.86 1.8776237577477561 NaN
4891.5 515.06 1.8543419065688616 NaN
4891.5 516.27 1.8352980695397807 NaN
4891.5 517.49 1.8231908092519857 NaN
4891.5 518.71 1.826798705127273 NaN
4891.5 519.94 1.8397047242000628 NaN
4891.5 521.18 1.8513284929298912 NaN
4891.5 522.43 1.8637038643926642 NaN
4891.5 523.69 1.8787135828008936 NaN
4891.5 524.96 1.8913182653713005 NaN
4891.5 526.24 1.896293629521218 NaN
4891.5 527.52 1.9007925218028923 NaN
4891.5 528.82 1.9108557847808902 NaN
4891.5 530.12 1.919903164828496 NaN
4891.5 531.44 1.9234652246101538 NaN
4891.5 532.76 1.92429789297527 NaN
4891.5 534.09 1.9223007766185523 NaN
4891.5 535.43 1.9184092489677849 NaN
4891.5 536.79 1.9098040235508953 NaN
4891.5 538.15 1.902001668715593 NaN
4891.5 539.52 1.8955373730807106 NaN
4891.5 540.90 1.891442613164762 NaN
4891.5 542.29 1.8893384796263812 NaN
4891.5 543.69 1.889836545093424 NaN
4891.5 545.11 1.8904270997903911 NaN
4891.5 546.53 1.890720653084777 NaN
4891.5 547.96 1.8912204586239958 NaN
4891.5 549.41 1.8913453272394563 NaN
4891.5 550.86 1.8878494833572204 NaN
4891.5 552.33 1.8815974354012945 NaN
4891.5 553.80 1.875659301554668 NaN
4891.5 555.29 1.8685301333045419 NaN
4891.5 556.79 1.8604892384452336 NaN
4891.5 558.30 1.8521845539688369 NaN
4891.5 559.82 1.8477951647945505 NaN
4891.5 561.36 1.8447655197623958 NaN
4891.5 562.90 1.8429245284800486 NaN
4891.5 564.46 1.8419493549147 NaN
4891.5 566.03 1.8431233946603307 NaN
4891.5 567.61 1.8445468747748377 NaN
4891.5 569.21 1.845559962796279 NaN
4891.5 570.81 1.8450984267748656 NaN
4891.5 572.43 1.8465429291225655 NaN
4891.5 574.06 1.847803413237956 NaN
4891.5 575.71 1.8470912684384058 NaN
4891.5 577.37 1.8444806939383096 NaN
4891.5 579.04 1.8417725339410158 NaN
4891.5 580.72 1.835160526286973 NaN
4891.5 582.42 1.826216941462171 NaN
4891.5 584.13 1.816904518305298 NaN
4891.5 585.86 1.807226477924084 NaN
4891.5 587.59 1.7976219264666347 NaN
4891.5 589.35 1.7901869139872504 NaN
4891.5 591.11 1.7850353141023212 NaN
4891.5 592.90 1.7820817295943543 NaN
4891.5 594.69 1.7785274908068314 NaN
4891.5 596.50 1.775756080475512 NaN
4891.5 598.33 1.7719424035888747 NaN
4891.5 600.17 1.7660347286260647 NaN
4891.5 602.03 1.7589124750223835 NaN
4891.5 603.90 1.7505855300157962 NaN
4891.5 605.78 1.7409354182563082 NaN
4891.5 607.69 1.7283210260232573 NaN
4891.5 609.60 1.7169902690705419 NaN
4891.5 611.54 1.7060644475547593 NaN
4891.5 613.49 1.6949963714039513 NaN
4891.5 615.46 1.6846597571683666 NaN
4891.5 617.44 1.6769638980004673 NaN
4891.5 619.44 1.6728762697576594 NaN
4891.5 621.46 1.6670833367780966 NaN
4891.5 623.49 1.6607058808553776 NaN
4891.5 625.54 1.655521809197501 NaN
4891.5 627.61 1.650519510229455 NaN
4891.5 629.70 1.643559872740311 NaN
4891.5 631.81 1.6359864464520677 NaN
4891.5 633.93 1.6292726031985456 NaN
4891.5 636.07 1.6225394703814275 NaN
4891.5 638.23 1.614128695690784 NaN
4891.5 640.41 1.605623108257226 NaN
4891.5 642.61 1.5971606671556737 NaN
4891.5 644.82 1.5855094372950458 NaN
4891.5 647.06 1.5715119980746102 NaN
4891.5 649.31 1.55855507902867 NaN
4891.5 651.59 1.5461222244557935 NaN
4891.5 653.88 1.5354654154165668 NaN
4891.5 656.20 1.5270660386411028 NaN
4891.5 658.53 1.5240703196729464 NaN
4891.5 660.89 1.523853222302249 NaN
4891.5 663.27 1.5232578182724028 NaN
4891.5 665.66 1.5218022395857338 NaN
4891.5 668.08 1.5194652901938133 NaN
4891.5 670.52 1.5150209216601351 NaN
4891.5 672.99 1.5066900509521395 NaN
4891.5 675.47 1.498253904567213 NaN
4891.5 677.98 1.489969128386431 NaN
4891.5 680.50 1.4806048242794072 NaN
4891.5 683.06 1.4717843990823882 NaN
4891.5 685.63 1.4625363290635387 NaN
4891.5 688.23 1.4524399460506427 NaN
4891.5 690.85 1.4424051675024825 NaN
4891.5 693.49 1.4322361298235973 NaN
4891.5 696.16 1.4223098918111978 NaN
4891.5 698.85 1.412732841719225 NaN
4891.5 701.56 1.4029118562176919 NaN
4891.5 704.30 1.3934202343943816 NaN
4891.5 707.07 1.3836028147250263 NaN
4891.5 709.85 1.37349888571425 NaN
4891.5 712.67 1.3632744810927537 NaN
4891.5 715.51 1.352778472845 NaN
4891.5 718.37 1.3424923743549306 NaN
4891.5 721.26 1.3332106970989772 NaN
4891.5 724.18 1.3238390334701153 NaN
4891.5 727.12 1.3141657239010862 NaN
4891.5 730.09 1.3049214829828166 NaN
4891.5 733.08 1.2963490395192019 NaN
4891.5 736.10 1.2875348539121416 NaN
4891.5 739.15 1.2786726067940881 NaN
4891.5 742.22 1.270714324704851 NaN
4891.5 745.33 1.2629591356539047 NaN
4891.5 748.46 1.2557905513763572 NaN
4891.5 751.61 1.2477257900468057 NaN
4891.5 754.80 1.2395839871692664 NaN
4891.5 758.01 1.2311137866060875 NaN
4891.5 761.26 1.2220032064994657 NaN
4891.5 764.53 1.2129264311558894 NaN
4891.5 767.83 1.2040537301731904 NaN
4891.5 771.15 1.196113286843296 NaN
4891.5 774.51 1.187794820467259 NaN
4891.5 777.90 1.1791326304464373 NaN
4891.5 781.31 1.1706792511410977 NaN
4891.5 784.76 1.1617675419017257 NaN
4891.5 788.23 1.1521362737407725 NaN
4891.5 791.73 1.142160617492062 NaN
4891.5 795.27 1.1326308007147878 NaN
4891.5 798.83 1.1235361884014412 NaN
4891.5 802.42 1.1135953858741376 NaN
4891.5 806.05 1.1040806151545088 NaN
4891.5 809.70 1.0951943605101533 NaN
4891.5 813.39 1.0859332494104774 NaN
4891.5 817.10 1.0763329210178352 NaN
4891.5 820.85 1.0669965566761048 NaN
4891.5 824.62 1.05840888010439 NaN
4891.5 828.43 1.0493530939961522 NaN
4891.5 832.26 1.038778222925741 NaN
4891.5 836.13 1.0267798595067732 NaN
4891.5 840.03 1.015945451319703 NaN
4891.5 843.96 1.0039659786221362 NaN
4891.5 847.92 0.9905421377896511 NaN
4891.5 851.91 0.9791171123086515 NaN
4891.5 855.93 0.9697567141983842 NaN
4891.5 859.99 0.9623394827029156 NaN
4891.5 864.07 0.9550089297628974 NaN
4891.5 868.18 0.949479492721791 NaN
4891.5 872.33 0.94549706557531 NaN
4891.5 876.50 0.9408649876250923 NaN
4891.5 880.71 0.9350350973936321 NaN
4891.5 884.94 0.9292527601183005 NaN
4891.5 889.21 0.9228100135260832 NaN
4891.5 893.50 0.915515659655472 NaN
4891.5 897.83 0.9077399113021459 NaN
4891.5 902.19 0.8989146303638527 NaN
4891.5 906.57 0.8909772903218406 NaN
4891.5 910.99 0.8828752776722314 NaN
4891.5 915.43 0.8749408482871996 NaN
4891.5 919.91 0.8662483651836417 NaN
4891.5 924.41 0.8577731360941991 NaN
4891.5 928.94 0.849998336347135 NaN
4891.5 933.50 0.841695625343769 NaN
4891.5 938.09 0.8331332661191638 NaN
4891.5 942.70 0.8253750652985545 NaN
4891.5 947.35 0.8183802455080602 NaN
4891.5 952.74 0.807554571065242 NaN
4891.5 957.41 0.8002677826213043 NaN
4891.5 962.11 0.7942431894898223 NaN
4891.5 966.83 0.7886421328032347 NaN
4891.5 971.58 0.7826313175337668 NaN
4891.5 976.35 0.7760650035879938 NaN
4891.5 981.15 0.7687415022503359 NaN
4891.5 985.98 0.7612990232770529 NaN
4891.5 990.82 0.7534559312102249 NaN
4891.5 995.70 0.7454531217838622 NaN
4891.5 1000.59 0.7378256683822447 NaN
4891.5 1005.51 0.7309244209065505 NaN
4891.5 1010.45 0.724473260117159 NaN
4891.5 1015.42 0.7177966440659406 NaN
4891.5 1020.41 0.7109815196967185 NaN
4891.5 1025.41 0.7046475592894916 NaN
4891.5 1030.44 0.6980971723880708 NaN
4891.5 1035.49 0.6910518476901322 NaN
4891.5 1040.57 0.683933158370707 NaN
4891.5 1045.66 0.676626681312659 NaN
4891.5 1050.77 0.6690885863358856 NaN
4891.5 1055.90 0.6607894079394674 NaN
4891.5 1061.04 0.6521510350587469 NaN
4891.5 1066.21 0.6437108416980907 NaN
4891.5 1071.39 0.6352238931626313 NaN
4891.5 1076.59 0.6273551025150089 NaN
4891.5 1081.81 0.6203189394890416 NaN
4891.5 1087.04 0.6140951199158473 NaN
4891.5 1092.29 0.6084963153809279 NaN
4891.5 1097.55 0.6031968443589006 NaN
4891.5 1102.83 0.5983137036254488 NaN
4891.5 1108.13 0.5930918122296233 NaN
4891.5 1113.43 0.5876196902077464 NaN
4891.5 1118.75 0.5820660702402568 NaN
4891.5 1124.09 0.5763453701753974 NaN
4891.5 1129.43 0.5704758449771917 NaN
4891.5 1134.79 0.5645348107038298 NaN
4891.5 1140.16 0.5588009004747982 NaN
4891.5 1145.53 0.5530954155781262 NaN
4891.5 1150.92 0.5471254479983405 NaN
4891.5 1156.32 0.5410063316635675 NaN
4891.5 1161.73 0.5350726037687761 NaN
4891.5 1167.15 0.5291194619063279 NaN
4891.5 1172.57 0.5229717520806287 NaN
4891.5 1178.01 0.5171218341581817 NaN
4891.5 1183.45 0.5116561553555383 NaN
4891.5 1188.90 0.5066151204285791 NaN
4891.5 1194.35 0.5017886879947148 NaN
4891.5 1199.82 0.4972469087444206 NaN
4891.5 1205.28 0.4932538571871621 NaN
4891.5 1210.76 0.4893842269165468 NaN
4891.5 1216.23 0.48542137779519784 NaN
4891.5 1221.72 0.48131821772877587 NaN
4891.5 1227.20 0.47704786399888716 NaN
4891.5 1232.69 0.47256570714828633 NaN
4891.5 1238.19 0.46797431178901905 NaN
4891.5 1243.68 0.46325205481290216 NaN
4891.5 1249.18 0.45834225779640186 NaN
4891.5 1254.68 0.4530498371814173 NaN
4891.5 1260.19 0.44817497797804035 NaN
4891.5 1265.69 0.44343308660596115 NaN
4891.5 1271.20 0.4388692206828614 NaN
4891.5 1276.70 0.43452932722700954 NaN
4891.5 1282.21 0.430685530368686 NaN
4891.5 1287.72 0.42732559329567116 NaN
4891.5 1293.22 0.4239402088041807 NaN
4891.5 1298.73 0.42054368216472443 NaN
4891.5 1304.24 0.4170241128442708 NaN
4891.5 1309.74 0.4134779172077232 NaN
4891.5 1315.24 0.4099913399151952 NaN
4891.5 1320.74 0.40639977413338757 NaN
4891.5 1326.24 0.40294869540073186 NaN
4891.5 1331.74 0.3994456237425575 NaN
4891.5 1337.23 0.3959400596467858 NaN
4891.5 1342.72 0.3923772684443832 NaN
4891.5 1348.21 0.3886843571969374 NaN
4891.5 1353.69 0.3850933832506077 NaN
4891.5 1359.17 0.3816106598315144 NaN
4891.5 1364.64 0.3779330995698309 NaN
4891.5 1370.12 0.37467709616879685 NaN
4891.5 1375.58 0.37139292554486897 NaN
4891.5 1381.04 0.36819299899688945 NaN
4891.5 1386.50 0.3648642355494462 NaN
4891.5 1391.95 0.36141150085745893 NaN
4891.5 1397.40 0.35786750091665714 NaN
4891.5 1402.84 0.35440515387137245 NaN
4891.5 1408.28 0.35074864524101873 NaN
4891.5 1413.71 0.3472548680675441 NaN
4891.5 1419.13 0.3438369976827868 NaN
4891.5 1424.55 0.34055827586126275 NaN
4891.5 1429.96 0.3374214584002229 NaN
4891.5 1435.36 0.3344828185959251 NaN
4891.5 1440.76 0.33162684512308566 NaN
4891.5 1446.15 0.32901656353801506 NaN
4891.5 1451.54 0.3264344310242351 NaN
4891.5 1456.91 0.32358374799897277 NaN
4891.5 1462.28 0.32083235085992723 NaN
4891.5 1467.64 0.31790529715356 NaN
4891.5 1473.00 0.3147545460091347 NaN
4891.5 1478.34 0.3115116151031413 NaN
4891.5 1483.68 0.30864147946632403 NaN
4891.5 1489.01 0.3057890921089805 NaN
4891.5 1494.33 0.30340104162862624 NaN
4891.5 1499.65 0.30119245815806855 NaN
4891.5 1504.95 0.2993547194167592 NaN
4891.5 1510.25 0.29782661503818064 NaN
4891.5 1515.54 0.29618127600020216 NaN
4891.5 1520.82 0.29427388870997484 NaN
4891.5 1526.09 0.29224122644290906 NaN
4891.5 1531.36 0.2896886992881471 NaN
4891.5 1536.61 0.2870255613259238 NaN
4891.5 1541.86 0.2838322657174674 NaN
4891.5 1547.09 0.28025366474777874 NaN
4891.5 1552.32 0.2768498783921824 NaN
4891.5 1557.54 0.2731507509388826 NaN
4891.5 1562.75 0.2694143793657295 NaN
4891.5 1567.95 0.2661499598612074 NaN
4891.5 1573.14 0.2633883190045504 NaN
4891.5 1578.32 0.26098343196238266 NaN
4891.5 1583.49 0.2587526619866759 NaN
4891.5 1588.65 0.25682164357597403 NaN
4891.5 1593.80 0.25516380648765574 NaN
4891.5 1598.95 0.2535721078403312 NaN
4891.5 1601.18 0.25199757212386703 NaN
4891.5 1616.86 0.24800040645449362 NaN
4891.5 1632.42 0.24132561107625847 NaN
4891.5 1647.91 0.23511559549592187 NaN
4891.5 1663.31 0.22792750652183494 NaN
4891.5 1678.61 0.22208305539290463 NaN
4891.5 1693.82 0.2153978261406901 NaN
4891.5 1708.93 0.20964134976059765 NaN
4891.5 1723.95 0.20259213687972408 NaN
4891.5 1738.86 0.196005 NaN
4891.5 1753.69 0.191565 NaN
4891.5 1768.43 0.185322 NaN
4891.5 1783.07 0.17989414848971305 NaN
4891.5 1797.62 0.17408706803788673 NaN
4891.5 1812.08 0.16940147805413466 NaN
4891.5 1826.44 0.16459550281700314 NaN
4891.5 1840.72 0.1613945065601764 NaN
4891.5 1854.90 0.155240 NaN
4891.5 1869.00 0.150917 NaN
4891.5 1883.00 0.148203 NaN
4891.5 1896.92 0.14606221015972104 NaN
4891.5 1910.75 0.142960 NaN
4891.5 1924.48 0.136929 NaN
4891.5 1938.13 0.133079 NaN
4891.5 1951.71 0.131636 NaN
4891.5 1965.19 0.128331 NaN
4891.5 1978.59 0.124820 NaN
4891.5 1991.92 0.122458 NaN
4891.5 2005.15 0.11979739101150541 NaN
4891.5 2018.31 0.118333 NaN
4891.5 2031.38 0.115986 NaN
4891.5 2044.38 0.11331500744586641 NaN
4891.5 2057.30 0.10903592113537929 NaN
4891.5 2070.13 0.10771843144593589 NaN
4891.5 2082.89 0.10557192321611829 NaN
4891.5 2095.58 0.10282296408656534 NaN
4891.5 2108.19 0.10102729175905063 NaN
4891.5 2120.73 0.09835815046523418 NaN
4891.5 2133.20 0.0966187781876887 NaN
4891.5 2145.59 0.09417424772824737 NaN
4891.5 2157.91 0.09194786438824973 NaN
4891.5 2170.15 0.08911503000031827 NaN
4891.5 2182.34 0.08894230235814346 NaN
4891.5 2194.44 0.08784970873440154 NaN
4891.5 2206.48 0.08562391461689295 NaN
4891.5 2218.45 0.08443031232060831 NaN
4891.5 2230.36 0.08261306611661327 NaN
4891.5 2242.20 0.07969500657716039 NaN
4891.5 2253.97 0.07853682490425924 NaN
4891.5 2265.68 0.07865901182714628 NaN
4891.5 2277.33 0.0765200776418077 NaN
4891.5 2288.91 0.07256653648796924 NaN
4891.5 2300.43 0.0727455692608198 NaN
4891.5 2311.89 0.07105550559855217 NaN
4891.5 2323.28 0.07022421795510685 NaN
4891.5 2334.63 0.06871349490893928 NaN
4891.5 2345.90 0.06825645031404827 NaN
4891.5 2357.11 0.067080392813398 NaN
4891.5 2368.28 0.06610637087056467 NaN
4891.5 2379.37 0.06458333990738882 NaN
4891.5 2390.42 0.06169028351367084 NaN

