3070.5 0.50 5.692622999881048E-6 0.28098636865615845
3070.5 1.50 9.100484257942298E-5 0.28098636865615845
3070.5 2.50 3.588474528442021E-5 0.28098636865615845
3070.5 3.50 2.1713747173635056E-5 0.28098636865615845
3070.5 4.50 3.59096919055446E-5 0.28098636865615845
3070.5 5.50 3.1911576479615177E-5 0.28098636865615845
3070.5 6.50 3.5724624649446926E-5 0.28098636865615845
3070.5 7.50 5.5087634609662925E-5 0.28098636865615845
3070.5 8.50 4.9149552432936615E-5 0.28098636865615845
3070.5 9.50 4.066990004503168E-5 0.28098636865615845
3070.5 10.50 2.928953654190991E-5 0.28098636865615845
3070.5 11.50 2.0279735053918557E-5 0.28098636865615845
3070.5 12.50 1.1312976994304336E-5 0.28098636865615845
3070.5 13.50 1.2042393609590363E-5 0.28098636865615845
3070.5 14.50 2.433296904200688E-5 0.28098636865615845
3070.5 15.50 2.283262228957028E-5 0.28098636865615845
3070.5 16.50 5.418663149612257E-5 0.28098636865615845
3070.5 17.50 2.855045415344648E-4 0.28098636865615845
3070.5 18.50 1.6433439814136363E-4 0.28098636865615845
3070.5 19.50 1.317047415795969E-4 0.28098636865615845
3070.5 20.50 9.188927579089068E-5 0.28098636865615845
3070.5 21.50 7.95070573076373E-5 0.28098636865615845
3070.5 22.50 8.97218498721486E-5 0.28098636865615845
3070.5 23.50 5.26795512996614E-5 0.28098636865615845
3070.5 24.50 6.504029843199533E-5 0.28098636865615845
3070.5 25.50 1.0394271375844256E-4 0.28098636865615845
3070.5 26.50 3.5133394158037844E-5 0.28098636865615845
3070.5 27.50 4.455907801457215E-5 0.28098636865615845
3070.5 28.50 7.66082289374026E-5 0.28098636865615845
3070.5 29.50 2.285669133925694E-5 0.28098636865615845
3070.5 30.50 6.210940002347343E-4 0.28098636865615845
3070.5 31.50 4.684648947659298E-5 0.28098636865615845
3070.5 32.50 1.752271227815072E-5 0.28098636865615845
3070.5 33.50 6.236642984731588E-5 0.28098636865615845
3070.5 34.50 4.733061978186015E-5 0.28098636865615845
3070.5 35.50 3.955254560423782E-5 0.28098636865615845
3070.5 36.50 8.468840478599304E-5 0.28098636865615845
3070.5 37.50 7.610314401063078E-6 0.28098636865615845
3070.5 38.50 4.821868606086354E-6 0.28098636865615845
3070.5 39.50 4.335414109846169E-6 0.28098636865615845
3070.5 115.50 2.0396682745274903E-5 6.418102616837336E-7
3070.5 116.50 2.4907654831218723E-5 7.681409233895794E-7
3070.5 117.50 8.53786805058599E-5 2.6783214305255834E-6
3070.5 118.50 3.42024200645974E-5 1.0493202011287168E-6
3070.5 119.50 5.705363896761752E-5 1.7248923945258528E-6
3070.5 120.50 1.703822601938E-4 5.123062922164328E-6
3070.5 121.50 0.007191444610807508 2.465319445389273E-4
3070.5 122.50 6.985983634025859E-5 2.1189274323435974E-6
3070.5 123.50 4.4609685991225195E-5 1.3525489020685598E-6
3070.5 124.50 3.271091737235227E-5 9.922920229562082E-7
3070.5 125.50 2.9302395770152333E-5 8.78090384589152E-7
3070.5 126.50 4.1014741969901023E-5 1.2463767495199773E-6
3070.5 127.50 2.0951811588213592E-5 6.356644433570666E-7
3070.5 128.50 1.6397391352275624E-5 4.964766319904083E-7
3070.5 129.50 1.8922183262710867E-5 5.743608991534969E-7
3070.5 130.50 1.6293041228924177E-4 5.074981082382418E-6
3070.5 131.50 2.5990813497043447E-5 7.826000676942105E-7
3070.5 132.50 2.0704335549860857E-5 6.297706814772255E-7
3070.5 133.50 2.0053550206869004E-4 6.5056341018757575E-6
3070.5 134.50 1.9298103126180688E-5 5.860023803263342E-7
3070.5 135.50 4.3261860991431855E-5 1.3434989463831322E-6
3070.5 136.50 2.7113735661800032E-5 8.335640399355126E-7
3070.5 137.50 2.9215760438791964E-5 8.995122861113418E-7
3070.5 138.50 2.8779574774910223E-5 8.853657092969106E-7
3070.5 139.50 7.889387156018545E-5 2.5257770898554756E-6
3070.5 140.50 6.708323739747991E-5 2.1046279667252226E-6
3070.5 141.50 4.011022248883317E-5 1.2446742747203615E-6
3070.5 142.50 4.3388375880729244E-5 1.3438984110948264E-6
3070.5 143.50 4.973720897896879E-5 1.5429825994027616E-6
3070.5 144.50 4.859666423233505E-5 1.508327176255974E-6
3070.5 145.50 5.137548487159954E-5 1.6053940522670097E-6
3070.5 146.50 6.3235911339707E-5 1.979124534432933E-6
3070.5 147.50 7.907582432350511E-5 2.4943772392437713E-6
3070.5 148.50 8.090292131782491E-5 2.5288187719782805E-6
3070.5 149.50 7.339760776140438E-5 2.3096593692517657E-6
3070.5 150.50 8.190559405393054E-5 2.5812987602052254E-6
3070.5 151.50 8.889469659606693E-5 2.807843171275991E-6
3070.5 152.50 1.1161957278013981E-4 3.5560666022854847E-6
3070.5 153.50 1.245985869761445E-4 3.973584484022267E-6
3070.5 154.50 2.104441717627963E-4 6.89240216298646E-6
3070.5 155.50 1.8681578859469487E-4 5.973283066576792E-6
3070.5 156.50 1.865130440654115E-4 6.027192998633331E-6
3070.5 157.50 1.6619746410558478E-4 5.376918032562783E-6
3070.5 158.50 1.6514175171867138E-4 5.3351153706490166E-6
3070.5 159.50 1.6361403323697727E-4 5.3369884184143296E-6
3070.5 160.50 1.8374040795951873E-4 6.009712798929175E-6
3070.5 161.50 2.169362400548699E-4 7.140960235199537E-6
3070.5 162.50 2.491637669420467E-4 8.19749911818024E-6
3070.5 163.50 2.699609033942513E-4 8.963247550920859E-6
3070.5 164.50 3.0861302234693936E-4 1.0268489428701374E-5
3070.5 165.50 4.931977822722847E-4 1.6571830061440522E-5
3070.5 166.50 3.33542480467077E-4 1.120759427756294E-5
3070.5 167.50 3.9798722890451604E-4 1.3423826963285518E-5
3070.5 168.50 4.3589080433833826E-4 1.4856580434469007E-5
3070.5 169.50 5.743855122787478E-4 1.9509603494577654E-5
3070.5 170.50 6.594242333879763E-4 2.2398973095657894E-5
3070.5 171.50 6.630901301372968E-4 2.2627176080394628E-5
3070.5 172.50 7.229983419031539E-4 2.4730578673458336E-5
3070.5 173.50 7.280342611910825E-4 2.503378995923498E-5
3070.5 174.50 8.945459637451866E-4 3.082567271055229E-5
3070.5 175.50 0.0010927775008530412 3.775795944382967E-5
3070.5 176.50 0.0011797640706204804 4.0868244682654186E-5
3070.5 177.50 0.001423767391428679 4.9421828696785015E-5
3070.5 178.50 0.0015874888319285508 5.535095998812149E-5
3070.5 179.50 0.0015840179406086782 5.525500640331392E-5
3070.5 180.50 0.0020982028516676465 3.106823130266466E-5
3070.5 181.50 0.002473572198087637 3.779920048130784E-5
3070.5 182.50 0.002358813421055802 3.833230101690445E-5
3070.5 183.50 0.002516487190701477 4.247170147721227E-5
3070.5 184.50 0.0021765733502048796 3.761889843280652E-5
3070.5 185.50 0.0024637992346311878 4.398465878712156E-5
3070.5 186.50 0.0028348434700013543 5.1635807925383383E-5
3070.5 187.50 0.003176636091768646 6.0748646054681434E-5
3070.5 188.50 0.003395283210228337 6.786196306901856E-5
3070.5 189.50 0.003732523970796332 7.922208551448145E-5
3070.5 190.50 0.0039329365497753725 8.291627559125997E-5
3070.5 191.50 0.004194939689466763 8.961191451239008E-5
3070.5 192.50 0.004490382979602043 9.447436791398E-5
3070.5 193.50 0.003474387294580639 7.388788788706665E-5
3070.5 194.50 0.005683613055623038 1.2796462899489292E-4
3070.5 195.50 0.005514304217039594 1.306637059439417E-4
3070.5 196.50 0.00621755705654119 1.5280644667417135E-4
3070.5 197.50 0.006309952715380168 1.567290534263895E-4
3070.5 198.50 0.006332987655517201 1.5456815916262438E-4
3070.5 199.50 0.006859985787954843 1.6817165492275497E-4
3070.5 200.50 0.007457061769472497 1.805259823513055E-4
3070.5 201.50 0.008272171883879305 2.0270953694370274E-4
3070.5 202.50 0.008195697332507534 1.9673855486579438E-4
3070.5 203.50 0.009456194416462015 2.2166038070161454E-4
3070.5 204.50 0.010453545928441828 2.3185162788669794E-4
3070.5 205.50 0.010796305558477845 2.23177034732725E-4
3070.5 206.50 0.01117593624055189 2.1464211142932767E-4
3070.5 207.50 0.01293329408123443 2.3140539528391306E-4
3070.5 208.50 0.014863559130275669 2.392162606017552E-4
3070.5 209.50 0.021405620331627247 3.1464334982316553E-4
3070.5 210.50 0.02774292476356542 3.616677833143829E-4
3070.5 211.50 0.033454527550404345 3.95159353475347E-4
3070.5 212.50 0.03196425236532131 3.4465094222345546E-4
3070.5 213.50 0.028959121759220458 2.882559791105436E-4
3070.5 214.50 0.04130670221277098 3.916423786356524E-4
3070.5 215.50 0.033837698331915855 3.1132572882553735E-4
3070.5 216.50 0.03251576083158897 3.027830425523169E-4
3070.5 217.50 0.03158023390177826 3.073137329431987E-4
3070.5 218.50 0.04481203676233698 4.591806200006903E-4
3070.5 219.50 0.04681975684541427 5.214667744162376E-4
3070.5 220.50 0.0462911757271383 5.519771676217337E-4
3070.5 221.50 0.03289669630801437 4.314362313047784E-4
3070.5 222.50 0.04829377150378217 6.71090980511755E-4
3070.5 223.50 0.06167906833729518 8.997152804061393E-4
3070.5 224.50 0.05659518162449337 8.932413877031655E-4
3070.5 225.50 0.04981280778784672 8.200147302966964E-4
3070.5 226.50 0.03513210461603046 5.913808224826952E-4
3070.5 227.50 0.035538882400500627 5.987046522397824E-4
3070.5 228.50 0.05084348857346917 8.301617230030709E-4
3070.5 229.50 0.04309097703161919 7.020798439796891E-4
3070.5 230.50 0.052455583728594435 8.549554322224964E-4
3070.5 231.50 0.045134925626128745 7.3704954742335E-4
3070.5 232.50 0.04876318537777957 7.765514569391208E-4
3070.5 233.50 0.04095197626816971 6.82567071379567E-4
3070.5 234.50 0.0331745278883597 5.718426305679273E-4
3070.5 235.50 0.05298513883221494 9.325715069032868E-4
3070.5 236.50 0.04083379501996858 7.494342143881533E-4
3070.5 237.50 0.0494276019514515 9.006030254763498E-4
3070.5 238.50 0.03390591778095261 6.689150410624124E-4
3070.5 239.50 0.04163459308940114 8.402708326236413E-4
3070.5 240.50 0.038154140304697354 7.863118852330767E-4
3070.5 241.50 0.04436195350552451 9.28146921455206E-4
3070.5 242.50 0.06642067679276217 0.0013722098111087612
3070.5 243.50 0.0606173457701979 0.0012042726763226508
3070.5 244.50 0.057975856383428746 0.0011068955093966068
3070.5 245.50 0.04601858970662059 8.420912861980041E-4
3070.5 246.50 0.0463661571702752 8.20466390311186E-4
3070.5 247.50 0.0538429751707936 9.376286768264841E-4
3070.5 248.50 0.0418691909617569 7.222200283700029E-4
3070.5 249.50 0.0539270648000901 9.872877004284586E-4
3070.5 250.50 0.05713138717794018 0.001065704823553525
3070.5 251.50 0.044460104596546146 8.454787083524728E-4
3070.5 252.50 0.03937225492345044 7.598638969626107E-4
3070.5 253.50 0.050673649617406585 9.788921362549764E-4
3070.5 254.50 0.05626371680968663 0.001099004298173424
3070.5 255.50 0.07960946280744884 0.0015445048790020462
3070.5 256.50 0.09518062874281383 0.0019018859938741426
3070.5 257.50 0.11820595703989172 0.0023230161562603994
3070.5 258.50 0.1251670801314646 0.0024562374425195436
3070.5 259.50 0.10518264774785299 0.002035041323535059
3070.5 260.50 0.08528514764905382 0.0016187292303612225
3070.5 261.50 0.08293257375184945 0.0014744006268728573
3070.5 262.50 0.10481084908822308 0.001841639470465242
3070.5 263.50 0.15324613167965373 0.002700142175899935
3070.5 264.50 0.23876459594448043 0.004103620217087377
3070.5 265.50 0.24852550637442009 0.004344094416071827
3070.5 266.50 0.24143218002327965 0.004320409964656039
3070.5 267.50 0.24144345275332524 0.004308809225020775
3070.5 268.50 0.2408670099340041 0.004280310265183358
3070.5 269.50 0.21478815363501264 0.003796438539752929
3070.5 270.50 0.27126782359039087 0.004767190408596386
3070.5 271.50 0.22563339856549036 0.0038493591141688342
3070.5 272.50 0.17788638238589508 0.0030718455929647746
3070.5 273.50 0.20384519662981845 0.0036339038724069453
3070.5 274.50 0.12037092437121963 0.002290180184325147
3070.5 275.50 0.17200276056663313 0.003366110479047068
3070.5 276.50 0.2382965836906647 0.005100987893751552
3070.5 277.50 0.23680004379319827 0.005306230825949731
3070.5 278.50 0.15651348250052732 0.0036872774582701827
3070.5 279.50 0.07498532149420307 0.0017298525650796853
3070.5 280.50 0.08660048053222269 0.0018837483654836633
3070.5 281.50 0.2012118760807842 0.004359443802796565
3070.5 282.50 0.2797089117828446 0.005969962432572105
3070.5 283.50 0.31034162298762064 0.0067583322457934955
3070.5 284.50 0.23759324004233262 0.005409359694809183
3070.5 285.50 0.12023724943852027 0.0027704835260995136
3070.5 286.50 0.31914200888468885 0.007396797055344764
3070.5 287.50 0.3473310501352331 0.007807814429439144
3070.5 288.50 0.28785463106876613 0.0060566729858860455
3070.5 289.50 0.42926076799359975 0.008725508762017407
3070.5 290.50 0.5739941156291619 0.012113574427353856
3070.5 291.50 0.5336857436291443 0.011448132128563751
3070.5 292.50 0.46530862448868443 0.010367869658427993
3070.5 293.50 0.5271334622416683 0.011531014460642757
3070.5 294.50 0.47707243418312256 0.00975427521636149
3070.5 295.50 0.5340922401516842 0.009923885474686726
3070.5 296.50 0.4749258518888064 0.00908946428639313
3070.5 297.50 0.508854040148581 0.01004236480698307
3070.5 298.50 0.3752596758467806 0.007922384404091393
3070.5 299.50 0.5254328128684425 0.01178087474970406
3070.5 300.50 0.34857090700507143 0.007865521965004233
3070.5 301.50 0.47560355145890854 0.011434450018170146
3070.5 302.50 0.4672755529041937 0.011691332827337907
3070.5 303.50 0.6146462926736073 0.01653387797292964
3070.5 304.50 0.5805001562405094 0.01617111229875102
3070.5 305.50 0.612007665110603 0.019989174655483194
3070.5 306.50 0.5589484932755447 0.019657777616992965
3070.5 307.50 0.6485203910521816 0.024412105664421285
3070.5 308.50 0.6587640179204551 0.02698244091909697
3070.5 309.50 0.5007219706307934 0.021289095547034596
3070.5 310.25 0.559792300221578 NaN
3070.5 310.48 0.6064929843568002 NaN
3070.5 310.71 0.6519318209634215 NaN
3070.5 310.95 0.6815136459749158 NaN
3070.5 311.18 0.6957261976598641 NaN
3070.5 311.42 0.7007065402530128 NaN
3070.5 311.65 0.6924942774745976 NaN
3070.5 311.89 0.6759759435529281 NaN
3070.5 312.12 0.6565811901061729 NaN
3070.5 312.36 0.647345100796151 NaN
3070.5 312.60 0.645665898494677 NaN
3070.5 312.84 0.6524235007928676 NaN
3070.5 313.08 0.6596623488814881 NaN
3070.5 313.32 0.6672281363313897 NaN
3070.5 313.56 0.6691277927014488 NaN
3070.5 313.80 0.6713935589308246 NaN
3070.5 314.04 0.670315891876633 NaN
3070.5 314.28 0.6605962591367898 NaN
3070.5 314.53 0.6537580693710539 NaN
3070.5 314.77 0.6437751424884515 NaN
3070.5 315.02 0.6365087659925797 NaN
3070.5 315.26 0.6231584004773183 NaN
3070.5 315.51 0.605881283069995 NaN
3070.5 315.75 0.5983433392699551 NaN
3070.5 316.00 0.5980051747862085 NaN
3070.5 316.25 0.6125348819970363 NaN
3070.5 316.50 0.6395859186659155 NaN
3070.5 316.75 0.6642111569305931 NaN
3070.5 317.00 0.6933681380211228 NaN
3070.5 317.25 0.7122241934600404 NaN
3070.5 317.50 0.7200710348063604 NaN
3070.5 317.75 0.7102818770144784 NaN
3070.5 318.01 0.6890873751036993 NaN
3070.5 318.26 0.672472990648412 NaN
3070.5 318.51 0.6611228682683429 NaN
3070.5 318.77 0.6603258790943164 NaN
3070.5 319.02 0.6680741230537628 NaN
3070.5 319.28 0.6821129957591079 NaN
3070.5 319.54 0.70442833149188 NaN
3070.5 319.80 0.7266828961748459 NaN
3070.5 320.06 0.7430179233914707 NaN
3070.5 320.32 0.7468894164573648 NaN
3070.5 320.58 0.7432772626858384 NaN
3070.5 320.84 0.73638995767253 NaN
3070.5 321.10 0.724665682805816 NaN
3070.5 321.36 0.7066212535630123 NaN
3070.5 321.62 0.6959655076550966 NaN
3070.5 321.89 0.6862214239126748 NaN
3070.5 322.15 0.6778494254971866 NaN
3070.5 322.42 0.6661626390018099 NaN
3070.5 322.69 0.6569967427691191 NaN
3070.5 322.95 0.6543520995654986 NaN
3070.5 323.22 0.6583686896735618 NaN
3070.5 323.49 0.6657814773133566 NaN
3070.5 323.76 0.6814665359308875 NaN
3070.5 324.03 0.6989049307816961 NaN
3070.5 324.30 0.7276601372047227 NaN
3070.5 324.57 0.7553940011908038 NaN
3070.5 324.85 0.7858318937509406 NaN
3070.5 325.12 0.8170152060631137 NaN
3070.5 325.39 0.851301579951779 NaN
3070.5 325.67 0.8859800253796003 NaN
3070.5 325.94 0.9100681355644047 NaN
3070.5 326.22 0.933878083564686 NaN
3070.5 326.50 0.9477046303896915 NaN
3070.5 326.78 0.9539517878291952 NaN
3070.5 327.06 0.9497889013820785 NaN
3070.5 327.34 0.9412166626470436 NaN
3070.5 327.62 0.930511300017517 NaN
3070.5 327.90 0.9257127315843182 NaN
3070.5 328.18 0.9261744613746435 NaN
3070.5 328.47 0.9355506681794361 NaN
3070.5 328.75 0.952319791396809 NaN
3070.5 329.04 0.9753915422527342 NaN
3070.5 329.32 0.9997160461416572 NaN
3070.5 329.61 1.0125389500985633 NaN
3070.5 329.90 1.0240523707589424 NaN
3070.5 330.19 1.0189157268344753 NaN
3070.5 330.48 1.0057969828305815 NaN
3070.5 330.77 0.988021109028755 NaN
3070.5 331.06 0.9719171431472838 NaN
3070.5 331.35 0.9601891932322404 NaN
3070.5 331.64 0.9508888854281805 NaN
3070.5 331.94 0.945666747958096 NaN
3070.5 332.23 0.9407096271188949 NaN
3070.5 332.53 0.9352489436155695 NaN
3070.5 332.83 0.9290001384982827 NaN
3070.5 333.12 0.9267466804068476 NaN
3070.5 333.42 0.9238817332866783 NaN
3070.5 333.72 0.9206512643509931 NaN
3070.5 334.02 0.9290965627320524 NaN
3070.5 334.32 0.9438475624392498 NaN
3070.5 334.63 0.9433443278018334 NaN
3070.5 334.93 0.9366287310450627 NaN
3070.5 335.23 0.9296599849168922 NaN
3070.5 335.54 0.9154754665134968 NaN
3070.5 335.85 0.8851108911974158 NaN
3070.5 336.15 0.8579542283500343 NaN
3070.5 336.46 0.8452672663896906 NaN
3070.5 336.77 0.8362176361653383 NaN
3070.5 337.08 0.8334316417090479 NaN
3070.5 337.39 0.8419344345617118 NaN
3070.5 337.71 0.8664353560716209 NaN
3070.5 338.02 0.8846867811707112 NaN
3070.5 338.33 0.9014694386139919 NaN
3070.5 338.65 0.9250842048840097 NaN
3070.5 338.96 0.9456830911679156 NaN
3070.5 339.28 0.9607081211266582 NaN
3070.5 339.60 0.9726058519954985 NaN
3070.5 339.92 0.9846183256369442 NaN
3070.5 340.24 0.9864937413298598 NaN
3070.5 340.56 0.9809465492950384 NaN
3070.5 340.88 0.9738800425579401 NaN
3070.5 341.21 0.9681128340571281 NaN
3070.5 341.53 0.9667558718164552 NaN
3070.5 341.86 0.97014304061372 NaN
3070.5 342.18 0.9780405688857265 NaN
3070.5 342.51 0.9772633689341506 NaN
3070.5 342.84 0.9675562258722039 NaN
3070.5 343.17 0.9511527456241823 NaN
3070.5 343.50 0.9299399021504141 NaN
3070.5 343.83 0.9033213152855527 NaN
3070.5 344.17 0.8826671967142445 NaN
3070.5 344.50 0.8728112866622764 NaN
3070.5 344.84 0.8767495751733934 NaN
3070.5 345.17 0.8925207737912455 NaN
3070.5 345.51 0.9078936505139847 NaN
3070.5 345.85 0.9205231661440219 NaN
3070.5 346.19 0.9276315613473748 NaN
3070.5 346.53 0.935244372647807 NaN
3070.5 346.88 0.933866247687483 NaN
3070.5 347.22 0.9287417143873913 NaN
3070.5 347.56 0.9223701530998749 NaN
3070.5 347.91 0.9159885446636031 NaN
3070.5 348.26 0.9136082824795237 NaN
3070.5 348.60 0.9177037138539266 NaN
3070.5 348.95 0.9243641012089052 NaN
3070.5 349.30 0.9373241649825277 NaN
3070.5 349.66 0.9578721854640931 NaN
3070.5 350.01 0.9788267228097757 NaN
3070.5 350.36 1.0006571396398884 NaN
3070.5 350.72 1.009192814382949 NaN
3070.5 351.08 1.0040788941907506 NaN
3070.5 351.43 0.9980673204495988 NaN
3070.5 351.79 0.9906072534088411 NaN
3070.5 352.15 0.9830478100635005 NaN
3070.5 352.52 0.9806195939005455 NaN
3070.5 352.88 0.9940960705011699 NaN
3070.5 353.24 1.0207253992867664 NaN
3070.5 353.61 1.0512532938204902 NaN
3070.5 353.98 1.0718148621811012 NaN
3070.5 354.34 1.0889025748788985 NaN
3070.5 354.71 1.0980287054775892 NaN
3070.5 355.08 1.08554197519642 NaN
3070.5 355.46 1.056432167584975 NaN
3070.5 355.83 1.0244229072725952 NaN
3070.5 356.20 0.9876602563498275 NaN
3070.5 356.58 0.9372717916622109 NaN
3070.5 356.96 0.8866712506490325 NaN
3070.5 357.34 0.8478681234248705 NaN
3070.5 357.72 0.8302509260289473 NaN
3070.5 358.10 0.8255289424388317 NaN
3070.5 358.48 0.8387482574405973 NaN
3070.5 358.86 0.8691664220855498 NaN
3070.5 359.25 0.9110247808559115 NaN
3070.5 359.64 0.9471383852431655 NaN
3070.5 360.03 0.9686236120271541 NaN
3070.5 360.42 0.9738735738737205 NaN
3070.5 360.81 0.9747657178718844 NaN
3070.5 361.20 0.9723112125672153 NaN
3070.5 361.59 0.9649260846356301 NaN
3070.5 361.99 0.9670010827080376 NaN
3070.5 362.39 0.981714214291792 NaN
3070.5 362.79 1.002285465491778 NaN
3070.5 363.19 1.0121601361404653 NaN
3070.5 363.59 1.025879987067185 NaN
3070.5 363.99 1.0479620242298224 NaN
3070.5 364.39 1.0723213270789993 NaN
3070.5 364.80 1.094518703657562 NaN
3070.5 365.21 1.1245154247276588 NaN
3070.5 365.62 1.166693839572813 NaN
3070.5 366.03 1.1943591518204657 NaN
3070.5 366.44 1.206913706719303 NaN
3070.5 366.85 1.2104596936923846 NaN
3070.5 367.27 1.2109253881096722 NaN
3070.5 367.69 1.2034311723047486 NaN
3070.5 368.10 1.1978623385905367 NaN
3070.5 368.52 1.1940162740164864 NaN
3070.5 368.95 1.194281809741969 NaN
3070.5 369.37 1.2056992518030012 NaN
3070.5 369.79 1.2145910393629689 NaN
3070.5 370.22 1.2070501847781687 NaN
3070.5 370.65 1.1961319002216304 NaN
3070.5 371.08 1.1839468373924245 NaN
3070.5 371.51 1.1614239640774269 NaN
3070.5 371.94 1.1251187299575054 NaN
3070.5 372.38 1.0860035356327664 NaN
3070.5 372.81 1.0471447258333393 NaN
3070.5 373.25 1.01684523856779 NaN
3070.5 373.69 0.989661289909675 NaN
3070.5 374.13 0.9808951560671624 NaN
3070.5 374.58 0.9853123932836054 NaN
3070.5 375.02 1.0019062400077388 NaN
3070.5 375.47 1.0369093327913879 NaN
3070.5 375.92 1.0864165043756435 NaN
3070.5 376.37 1.1353841890240075 NaN
3070.5 376.82 1.18016147950812 NaN
3070.5 377.28 1.221321754249882 NaN
3070.5 377.73 1.2455675774916437 NaN
3070.5 378.19 1.2545173511749386 NaN
3070.5 378.65 1.2519942279065832 NaN
3070.5 379.11 1.2378105274187503 NaN
3070.5 379.57 1.2119575214534737 NaN
3070.5 380.04 1.18415190917472 NaN
3070.5 380.51 1.150453237854636 NaN
3070.5 380.98 1.1037116407539065 NaN
3070.5 381.45 1.0426272439174575 NaN
3070.5 381.92 0.9779449383403271 NaN
3070.5 382.39 0.9233353606741889 NaN
3070.5 382.87 0.8841947609935734 NaN
3070.5 383.35 0.8626967152849419 NaN
3070.5 383.83 0.8629910016446676 NaN
3070.5 384.31 0.8932992416855142 NaN
3070.5 384.80 0.933707465294206 NaN
3070.5 385.28 0.9646213071371462 NaN
3070.5 385.77 0.9867964398089156 NaN
3070.5 386.26 1.0008591376305858 NaN
3070.5 386.76 1.0093468399323635 NaN
3070.5 387.25 1.0159685036816835 NaN
3070.5 387.75 1.0285131135082632 NaN
3070.5 388.25 1.0502348427921497 NaN
3070.5 388.75 1.0848073879069091 NaN
3070.5 389.25 1.1297536602494882 NaN
3070.5 389.76 1.1737361179760895 NaN
3070.5 390.26 1.2033880667216212 NaN
3070.5 390.77 1.1997052287830272 NaN
3070.5 391.29 1.1698206888195373 NaN
3070.5 391.80 1.1173551202989411 NaN
3070.5 392.32 1.0501658353982644 NaN
3070.5 392.84 0.9933854694230647 NaN
3070.5 393.36 0.963395691775607 NaN
3070.5 393.88 0.9602045898039132 NaN
3070.5 394.40 0.9731634553620294 NaN
3070.5 394.93 0.9924567715375552 NaN
3070.5 395.46 1.021252527888865 NaN
3070.5 395.99 1.0488110998252371 NaN
3070.5 396.53 1.0780340369872878 NaN
3070.5 397.07 1.1217769437885403 NaN
3070.5 397.61 1.2012291334826162 NaN
3070.5 398.15 1.3014401696671607 NaN
3070.5 398.69 1.4051430268194502 NaN
3070.5 399.24 1.5102635901438723 NaN
3070.5 399.79 1.6050991706507607 NaN
3070.5 400.34 1.6731635736098138 NaN
3070.5 400.89 1.7111969491108876 NaN
3070.5 401.45 1.734781419468703 NaN
3070.5 402.01 1.745376174761423 NaN
3070.5 402.57 1.7470940607210403 NaN
3070.5 403.13 1.7405480661685677 NaN
3070.5 403.70 1.7275278245289583 NaN
3070.5 404.27 1.712263386173479 NaN
3070.5 404.84 1.6943750451770445 NaN
3070.5 405.41 1.6807909276918374 NaN
3070.5 405.99 1.676136856235598 NaN
3070.5 406.57 1.6800369413943967 NaN
3070.5 407.15 1.684088825821096 NaN
3070.5 407.74 1.6876687568689435 NaN
3070.5 408.33 1.698225875575659 NaN
3070.5 408.92 1.7110346693255767 NaN
3070.5 409.51 1.7200942672819561 NaN
3070.5 410.11 1.7249033539115426 NaN
3070.5 410.70 1.7367145782052988 NaN
3070.5 411.31 1.75752180717661 NaN
3070.5 411.91 1.7711331683977058 NaN
3070.5 412.52 1.779370509240086 NaN
3070.5 413.13 1.788084846024853 NaN
3070.5 413.74 1.798706682996201 NaN
3070.5 414.36 1.800268193186782 NaN
3070.5 414.98 1.7931852443300849 NaN
3070.5 415.60 1.7871458807290859 NaN
3070.5 416.22 1.7830651649063312 NaN
3070.5 416.85 1.7741813007092946 NaN
3070.5 417.48 1.761111386910498 NaN
3070.5 418.11 1.755771769838758 NaN
3070.5 418.75 1.7551729607917743 NaN
3070.5 419.39 1.754092386585424 NaN
3070.5 420.04 1.7507962809616557 NaN
3070.5 420.68 1.752954011286853 NaN
3070.5 421.33 1.7557636001715642 NaN
3070.5 421.98 1.7495193263708178 NaN
3070.5 422.64 1.7400937501034777 NaN
3070.5 423.30 1.7327571152580845 NaN
3070.5 423.96 1.7268314662034194 NaN
3070.5 424.63 1.7157144495394363 NaN
3070.5 425.30 1.703674197299127 NaN
3070.5 425.97 1.6915402691734966 NaN
3070.5 426.65 1.6708727388506117 NaN
3070.5 427.32 1.6332017408694712 NaN
3070.5 428.01 1.5898394909010152 NaN
3070.5 428.69 1.5573266685720453 NaN
3070.5 429.38 1.5294754701303452 NaN
3070.5 430.08 1.5155417197387309 NaN
3070.5 430.77 1.5200200822066838 NaN
3070.5 431.47 1.5534085806963371 NaN
3070.5 432.18 1.5982546441751742 NaN
3070.5 432.89 1.6455101579776836 NaN
3070.5 433.60 1.6933415679252803 NaN
3070.5 434.31 1.7337932782235834 NaN
3070.5 435.03 1.7634283567379843 NaN
3070.5 435.75 1.7787108011320492 NaN
3070.5 436.48 1.786626460173963 NaN
3070.5 437.21 1.7870031149666994 NaN
3070.5 437.94 1.78633936572144 NaN
3070.5 438.68 1.7915424927315544 NaN
3070.5 439.42 1.8048392215792992 NaN
3070.5 440.17 1.8244266321416984 NaN
3070.5 440.92 1.8500875232164593 NaN
3070.5 441.67 1.8819263767703385 NaN
3070.5 442.43 1.907454838904868 NaN
3070.5 443.19 1.925769336576936 NaN
3070.5 443.96 1.9397966817982237 NaN
3070.5 444.73 1.9492642061764436 NaN
3070.5 445.50 1.9564613634784973 NaN
3070.5 446.28 1.967740968352148 NaN
3070.5 447.06 1.9898192587635148 NaN
3070.5 447.85 2.016601166267508 NaN
3070.5 448.64 2.037923763362905 NaN
3070.5 449.43 2.0532488487997718 NaN
3070.5 450.23 2.066939319801023 NaN
3070.5 451.04 2.0700087341813878 NaN
3070.5 451.85 2.0621555607640945 NaN
3070.5 452.66 2.051915432273746 NaN
3070.5 453.48 2.047165987882454 NaN
3070.5 454.30 2.0468294191757375 NaN
3070.5 455.13 2.047343964910226 NaN
3070.5 455.96 2.0513106421686857 NaN
3070.5 456.80 2.0591202266818156 NaN
3070.5 457.64 2.0672330663233898 NaN
3070.5 458.48 2.072860283714861 NaN
3070.5 459.33 2.0768851059466686 NaN
3070.5 460.19 2.0820078995812206 NaN
3070.5 461.05 2.084962165197093 NaN
3070.5 461.92 2.086302662131199 NaN
3070.5 462.79 2.0816286471911405 NaN
3070.5 463.66 2.0739897075154134 NaN
3070.5 464.54 2.064007278375718 NaN
3070.5 465.43 2.053150366056352 NaN
3070.5 466.32 2.0402409827598875 NaN
3070.5 467.22 2.0310720381222023 NaN
3070.5 468.12 2.0287824732036337 NaN
3070.5 469.03 2.0293162579059225 NaN
3070.5 469.94 2.0325458987684306 NaN
3070.5 470.86 2.039110413435609 NaN
3070.5 471.78 2.049260458201539 NaN
3070.5 472.71 2.058711112711856 NaN
3070.5 473.64 2.0670343800717497 NaN
3070.5 474.58 2.0763618794512753 NaN
3070.5 475.53 2.085026407858576 NaN
3070.5 476.48 2.0918995386902295 NaN
3070.5 477.44 2.0985417997529727 NaN
3070.5 478.40 2.104597057801555 NaN
3070.5 479.37 2.1065268824657477 NaN
3070.5 480.34 2.10197165545674 NaN
3070.5 481.33 2.0844782502638344 NaN
3070.5 482.31 2.057211970550035 NaN
3070.5 483.31 2.0237624966212393 NaN
3070.5 484.30 1.989537224036268 NaN
3070.5 485.31 1.958841149415752 NaN
3070.5 486.32 1.9369965646326124 NaN
3070.5 487.34 1.930460533229679 NaN
3070.5 488.37 1.9370610107644186 NaN
3070.5 489.40 1.950002348896684 NaN
3070.5 490.43 1.965061913920919 NaN
3070.5 491.48 1.9801741681982088 NaN
3070.5 492.53 1.9921469373827634 NaN
3070.5 493.59 1.9984239010214075 NaN
3070.5 494.65 2.0005982267448816 NaN
3070.5 495.72 1.9968173009387955 NaN
3070.5 496.80 1.9883718697068302 NaN
3070.5 497.89 1.978821695995628 NaN
3070.5 498.98 1.9661578094013383 NaN
3070.5 500.08 1.9558140328577729 NaN
3070.5 501.19 1.948967338623891 NaN
3070.5 502.30 1.9471461498597054 NaN
3070.5 503.42 1.9500970667723394 NaN
3070.5 504.55 1.955888625845416 NaN
3070.5 505.69 1.9622984907586525 NaN
3070.5 506.83 1.9660514939823908 NaN
3070.5 507.99 1.964610593769598 NaN
3070.5 509.14 1.959543263431109 NaN
3070.5 510.31 1.9500956571198507 NaN
3070.5 511.49 1.9300408687506752 NaN
3070.5 512.67 1.9040918177127018 NaN
3070.5 513.86 1.878073365730284 NaN
3070.5 515.06 1.8547282464122012 NaN
3070.5 516.27 1.835420717230107 NaN
3070.5 517.49 1.8234384382352 NaN
3070.5 518.71 1.8277213831184076 NaN
3070.5 519.94 1.8403690610796968 NaN
3070.5 521.18 1.8522404771819792 NaN
3070.5 522.43 1.8649785555278238 NaN
3070.5 523.69 1.879996932351638 NaN
3070.5 524.96 1.8925162539230107 NaN
3070.5 526.24 1.8973420422495788 NaN
3070.5 527.52 1.9018103105518394 NaN
3070.5 528.82 1.9117378271998549 NaN
3070.5 530.12 1.9198508712303544 NaN
3070.5 531.44 1.9237830222524406 NaN
3070.5 532.76 1.9245460555234566 NaN
3070.5 534.09 1.9232257741860415 NaN
3070.5 535.43 1.9186487572877402 NaN
3070.5 536.79 1.9099381355631038 NaN
3070.5 538.15 1.9021243486466684 NaN
3070.5 539.52 1.8955773779376344 NaN
3070.5 540.90 1.8914264678067017 NaN
3070.5 542.29 1.8897585289276817 NaN
3070.5 543.69 1.8898501121243874 NaN
3070.5 545.11 1.8909816320313182 NaN
3070.5 546.53 1.8913443187667547 NaN
3070.5 547.96 1.8922048283991646 NaN
3070.5 549.41 1.8920099784642765 NaN
3070.5 550.86 1.8883449305959374 NaN
3070.5 552.33 1.8816973898964218 NaN
3070.5 553.80 1.875137599352028 NaN
3070.5 555.29 1.8681760536724032 NaN
3070.5 556.79 1.8601982216996653 NaN
3070.5 558.30 1.8519830129168684 NaN
3070.5 559.82 1.8474480388799797 NaN
3070.5 561.36 1.845109963670437 NaN
3070.5 562.90 1.8429741056890745 NaN
3070.5 564.46 1.8418941700609237 NaN
3070.5 566.03 1.8429457218101941 NaN
3070.5 567.61 1.844690761704759 NaN
3070.5 569.21 1.845636905077924 NaN
3070.5 570.81 1.845432267666771 NaN
3070.5 572.43 1.8469022288938668 NaN
3070.5 574.06 1.8475021857176745 NaN
3070.5 575.71 1.8467602794526374 NaN
3070.5 577.37 1.8447557383694884 NaN
3070.5 579.04 1.8419553699064006 NaN
3070.5 580.72 1.8348711301117226 NaN
3070.5 582.42 1.8259767408248533 NaN
3070.5 584.13 1.8168163542058844 NaN
3070.5 585.86 1.807053926492304 NaN
3070.5 587.59 1.7976578184502428 NaN
3070.5 589.35 1.7900676503168547 NaN
3070.5 591.11 1.7857251538367613 NaN
3070.5 592.90 1.7824479108928069 NaN
3070.5 594.69 1.7791110278373221 NaN
3070.5 596.50 1.77616655506396 NaN
3070.5 598.33 1.7723842451761334 NaN
3070.5 600.17 1.7663986197920019 NaN
3070.5 602.03 1.7588940764945136 NaN
3070.5 603.90 1.7509787584957461 NaN
3070.5 605.78 1.7411015549935747 NaN
3070.5 607.69 1.7289755145890418 NaN
3070.5 609.60 1.7172755688053296 NaN
3070.5 611.54 1.7063398648322168 NaN
3070.5 613.49 1.6951160568149934 NaN
3070.5 615.46 1.6847586407383952 NaN
3070.5 617.44 1.677781822931865 NaN
3070.5 619.44 1.6730387023847404 NaN
3070.5 621.46 1.6675116334257165 NaN
3070.5 623.49 1.6614515180125238 NaN
3070.5 625.54 1.6561774575347972 NaN
3070.5 627.61 1.651003805322805 NaN
3070.5 629.70 1.644003859689066 NaN
3070.5 631.81 1.6363701799303474 NaN
3070.5 633.93 1.629441585247678 NaN
3070.5 636.07 1.622767895992992 NaN
3070.5 638.23 1.6146074768478416 NaN
3070.5 640.41 1.60630743570637 NaN
3070.5 642.61 1.597859081973072 NaN
3070.5 644.82 1.5856826226379521 NaN
3070.5 647.06 1.5718331756946369 NaN
3070.5 649.31 1.5589109543006703 NaN
3070.5 651.59 1.5466838551751612 NaN
3070.5 653.88 1.5355754592016473 NaN
3070.5 656.20 1.527274277335057 NaN
3070.5 658.53 1.5247836632310576 NaN
3070.5 660.89 1.524597533041149 NaN
3070.5 663.27 1.523907852518776 NaN
3070.5 665.66 1.5223663765178335 NaN
3070.5 668.08 1.5201847942189486 NaN
3070.5 670.52 1.515496232502857 NaN
3070.5 672.99 1.5072182504972826 NaN
3070.5 675.47 1.4987767846295157 NaN
3070.5 677.98 1.4901842864549413 NaN
3070.5 680.50 1.4810793782792702 NaN
3070.5 683.06 1.472046814825551 NaN
3070.5 685.63 1.4626941872779968 NaN
3070.5 688.23 1.452871890522686 NaN
3070.5 690.85 1.4426570003186059 NaN
3070.5 693.49 1.4325820536186185 NaN
3070.5 696.16 1.4225806715729696 NaN
3070.5 698.85 1.412770302255459 NaN
3070.5 701.56 1.4031135791974507 NaN
3070.5 704.30 1.3935646641903423 NaN
3070.5 707.07 1.3835750742482689 NaN
3070.5 709.85 1.3735365539265625 NaN
3070.5 712.67 1.3632077827361333 NaN
3070.5 715.51 1.352792841640684 NaN
3070.5 718.37 1.342509134327624 NaN
3070.5 721.26 1.3331987624200512 NaN
3070.5 724.18 1.323751064748882 NaN
3070.5 727.12 1.3142525646326064 NaN
3070.5 730.09 1.305119545734733 NaN
3070.5 733.08 1.2964433730870941 NaN
3070.5 736.10 1.287571890878561 NaN
3070.5 739.15 1.2785743542964951 NaN
3070.5 742.22 1.2705857228379582 NaN
3070.5 745.33 1.2632087999337462 NaN
3070.5 748.46 1.2556490377595408 NaN
3070.5 751.61 1.2476829970254228 NaN
3070.5 754.80 1.239607234803701 NaN
3070.5 758.01 1.2310862787462293 NaN
3070.5 761.26 1.221934747422513 NaN
3070.5 764.53 1.2128834099575108 NaN
3070.5 767.83 1.2040486867884799 NaN
3070.5 771.15 1.195889355569188 NaN
3070.5 774.51 1.187498473175895 NaN
3070.5 777.90 1.1788743054853148 NaN
3070.5 781.31 1.1703890933888161 NaN
3070.5 784.76 1.1613607890696103 NaN
3070.5 788.23 1.151646934301489 NaN
3070.5 791.73 1.141663435522324 NaN
3070.5 795.27 1.1321754725960136 NaN
3070.5 798.83 1.1229484766095448 NaN
3070.5 802.42 1.1130461088900139 NaN
3070.5 806.05 1.1035943953770844 NaN
3070.5 809.70 1.0945836554056345 NaN
3070.5 813.39 1.085200468829868 NaN
3070.5 817.10 1.0756266895921303 NaN
3070.5 820.85 1.0663898647322092 NaN
3070.5 824.62 1.0577737836111334 NaN
3070.5 828.43 1.0485757581707589 NaN
3070.5 832.26 1.0378403488348023 NaN
3070.5 836.13 1.026205998697676 NaN
3070.5 840.03 1.015218733845859 NaN
3070.5 843.96 1.0029480663307888 NaN
3070.5 847.92 0.9896327808166183 NaN
3070.5 851.91 0.9781433629035855 NaN
3070.5 855.93 0.9690131960452824 NaN
3070.5 859.99 0.9612892445086436 NaN
3070.5 864.07 0.9540253967789971 NaN
3070.5 868.18 0.9484114748331024 NaN
3070.5 872.33 0.9443921495690377 NaN
3070.5 876.50 0.9396405158858094 NaN
3070.5 880.71 0.9337739126254837 NaN
3070.5 884.94 0.9279387811419595 NaN
3070.5 889.21 0.9214103998870121 NaN
3070.5 893.50 0.9140575475775329 NaN
3070.5 897.83 0.9060473281098809 NaN
3070.5 902.19 0.8973339232210173 NaN
3070.5 906.57 0.8890709520889799 NaN
3070.5 910.99 0.8809449540729699 NaN
3070.5 915.43 0.8727815904673515 NaN
3070.5 919.91 0.8641743175317323 NaN
3070.5 924.41 0.8560573543397951 NaN
3070.5 928.94 0.848102701127014 NaN
3070.5 933.50 0.8396070622480905 NaN
3070.5 938.09 0.8308789452727126 NaN
3070.5 942.70 0.8230485819767837 NaN
3070.5 947.35 0.8158635174467631 NaN
3070.5 952.74 0.8091991232932466 NaN
3070.5 957.41 0.8018902719237861 NaN
3070.5 962.11 0.7957262181921413 NaN
3070.5 966.83 0.7899014313518731 NaN
3070.5 971.58 0.7838302704901486 NaN
3070.5 976.35 0.7770446554616607 NaN
3070.5 981.15 0.7696281280906979 NaN
3070.5 985.98 0.7619736561478739 NaN
3070.5 990.82 0.7541591282054596 NaN
3070.5 995.70 0.7461742475481576 NaN
3070.5 1000.59 0.7385921461071965 NaN
3070.5 1005.51 0.7316798678905443 NaN
3070.5 1010.45 0.7252515210345482 NaN
3070.5 1015.42 0.7186375791646952 NaN
3070.5 1020.41 0.7119205168626996 NaN
3070.5 1025.41 0.7055703637416053 NaN
3070.5 1030.44 0.6989068449122064 NaN
3070.5 1035.49 0.6918985508157488 NaN
3070.5 1040.57 0.684621499291256 NaN
3070.5 1045.66 0.6773252370544564 NaN
3070.5 1050.77 0.6696072425075592 NaN
3070.5 1055.90 0.661237570352085 NaN
3070.5 1061.04 0.6526619271162591 NaN
3070.5 1066.21 0.6441362517867311 NaN
3070.5 1071.39 0.6357354993440394 NaN
3070.5 1076.59 0.6278095371925793 NaN
3070.5 1081.81 0.6207523882827296 NaN
3070.5 1087.04 0.6145733033703825 NaN
3070.5 1092.29 0.6089680297333955 NaN
3070.5 1097.55 0.6037835214377753 NaN
3070.5 1102.83 0.5988267163346292 NaN
3070.5 1108.13 0.593628874096922 NaN
3070.5 1113.43 0.5881663458846942 NaN
3070.5 1118.75 0.5825291212666013 NaN
3070.5 1124.09 0.5767618036153765 NaN
3070.5 1129.43 0.5708109207896346 NaN
3070.5 1134.79 0.5648728955201547 NaN
3070.5 1140.16 0.5590640614533968 NaN
3070.5 1145.53 0.5533612114957468 NaN
3070.5 1150.92 0.5473753462953266 NaN
3070.5 1156.32 0.5412124254052556 NaN
3070.5 1161.73 0.5353361768205244 NaN
3070.5 1167.15 0.5293141475008848 NaN
3070.5 1172.57 0.5231962562582059 NaN
3070.5 1178.01 0.5173128346003882 NaN
3070.5 1183.45 0.5118542646990534 NaN
3070.5 1188.90 0.5068290328305888 NaN
3070.5 1194.35 0.5020068209482461 NaN
3070.5 1199.82 0.4974948477197368 NaN
3070.5 1205.28 0.4934793670625156 NaN
3070.5 1210.76 0.489557234785784 NaN
3070.5 1216.23 0.4855289860842731 NaN
3070.5 1221.72 0.481451017124789 NaN
3070.5 1227.20 0.4772194760477714 NaN
3070.5 1232.69 0.47276702448958036 NaN
3070.5 1238.19 0.468238015394475 NaN
3070.5 1243.68 0.46349343649594804 NaN
3070.5 1249.18 0.45850027636001234 NaN
3070.5 1254.68 0.4532962088866227 NaN
3070.5 1260.19 0.4483400953632339 NaN
3070.5 1265.69 0.4436044866707752 NaN
3070.5 1271.20 0.43896748949649134 NaN
3070.5 1276.70 0.43473277936274934 NaN
3070.5 1282.21 0.43090520212225664 NaN
3070.5 1287.72 0.42756829460273377 NaN
3070.5 1293.22 0.424128043087996 NaN
3070.5 1298.73 0.4206427757058007 NaN
3070.5 1304.24 0.4171884848144587 NaN
3070.5 1309.74 0.4135679426411075 NaN
3070.5 1315.24 0.4100052646126059 NaN
3070.5 1320.74 0.40647291145297615 NaN
3070.5 1326.24 0.40296619483535434 NaN
3070.5 1331.74 0.3994844341522541 NaN
3070.5 1337.23 0.3960158235585544 NaN
3070.5 1342.72 0.39248084677200723 NaN
3070.5 1348.21 0.38879090294309726 NaN
3070.5 1353.69 0.3851072010515429 NaN
3070.5 1359.17 0.38154892413995944 NaN
3070.5 1364.64 0.3779548414409279 NaN
3070.5 1370.12 0.37469358937846137 NaN
3070.5 1375.58 0.37132515405778077 NaN
3070.5 1381.04 0.36814578106890716 NaN
3070.5 1386.50 0.36483078463979934 NaN
3070.5 1391.95 0.36139458702227567 NaN
3070.5 1397.40 0.3578377566223062 NaN
3070.5 1402.84 0.3543803724061598 NaN
3070.5 1408.28 0.35073475595826004 NaN
3070.5 1413.71 0.34734910493686694 NaN
3070.5 1419.13 0.34395929939626296 NaN
3070.5 1424.55 0.3406479282274159 NaN
3070.5 1429.96 0.337524430933656 NaN
3070.5 1435.36 0.33451510018551667 NaN
3070.5 1440.76 0.3317091628646044 NaN
3070.5 1446.15 0.32908885855008707 NaN
3070.5 1451.54 0.32648577393118927 NaN
3070.5 1456.91 0.3236406268718916 NaN
3070.5 1462.28 0.3209023425892578 NaN
3070.5 1467.64 0.3179414519597275 NaN
3070.5 1473.00 0.31477631459142824 NaN
3070.5 1478.34 0.3114892203753296 NaN
3070.5 1483.68 0.30857466207417433 NaN
3070.5 1489.01 0.3058394917301549 NaN
3070.5 1494.33 0.3033466068171294 NaN
3070.5 1499.65 0.3011975970565386 NaN
3070.5 1504.95 0.29950739431116336 NaN
3070.5 1510.25 0.29782223061339497 NaN
3070.5 1515.54 0.2961288779652888 NaN
3070.5 1520.82 0.294274071453138 NaN
3070.5 1526.09 0.29222718709721357 NaN
3070.5 1531.36 0.2896239029858185 NaN
3070.5 1536.61 0.2869622624750867 NaN
3070.5 1541.86 0.2838939535428127 NaN
3070.5 1547.09 0.28032868169473 NaN
3070.5 1552.32 0.27688028033359635 NaN
3070.5 1557.54 0.2731060823144886 NaN
3070.5 1562.75 0.26948982811023375 NaN
3070.5 1567.95 0.26620667935889836 NaN
3070.5 1573.14 0.2633517775774185 NaN
3070.5 1578.32 0.26099341050731156 NaN
3070.5 1583.49 0.25879256917628984 NaN
3070.5 1588.65 0.2568645197654585 NaN
3070.5 1593.80 0.25521587659729444 NaN
3070.5 1598.95 0.25360518281969524 NaN
3070.5 1601.18 0.2527875210083059 NaN
3070.5 1616.86 0.24704330541092395 NaN
3070.5 1632.42 0.2407395869589316 NaN
3070.5 1647.91 0.23493261067818624 NaN
3070.5 1663.31 0.22921060312131253 NaN
3070.5 1678.61 0.22266582166753843 NaN
3070.5 1693.82 0.21604304226776494 NaN
3070.5 1708.93 0.20965014424977935 NaN
3070.5 1723.95 0.20192500750976997 NaN
3070.5 1738.86 0.19661982362725 NaN
3070.5 1753.69 0.19167550768398767 NaN
3070.5 1768.43 0.18563145974261022 NaN
3070.5 1783.07 0.18020187595842713 NaN
3070.5 1797.62 0.17354735117045703 NaN
3070.5 1812.08 0.1695090756135804 NaN
3070.5 1826.44 0.16513472881637 NaN
3070.5 1840.72 0.1611347262911077 NaN
3070.5 1854.90 0.15589976554201418 NaN
3070.5 1869.00 0.1507572142105079 NaN
3070.5 1883.00 0.14796230432864432 NaN
3070.5 1896.92 0.14577639474714071 NaN
3070.5 1910.75 0.14205056386305434 NaN
3070.5 1924.48 0.1375311417073805 NaN
3070.5 1938.13 0.1333783585100985 NaN
3070.5 1951.71 0.13123656043330317 NaN
3070.5 1965.19 0.1282490821692565 NaN
3070.5 1978.59 0.12571371654026325 NaN
3070.5 1991.92 0.12303007032832504 NaN
3070.5 2005.15 0.12025837521170016 NaN
3070.5 2018.31 0.11898139212203718 NaN
3070.5 2031.38 0.11586045232338278 NaN
3070.5 2044.38 0.1126437064549769 NaN
3070.5 2057.30 0.10975760940499586 NaN
3070.5 2070.13 0.10776056961898511 NaN
3070.5 2082.89 0.10564468893218668 NaN
3070.5 2095.58 0.10272873400310298 NaN
3070.5 2108.19 0.10108183509958521 NaN
3070.5 2120.73 0.09913169894583561 NaN
3070.5 2133.20 0.09637687791847221 NaN
3070.5 2145.59 0.09402537022963496 NaN
3070.5 2157.91 0.0919727830781031 NaN
3070.5 2170.15 0.08990411331229244 NaN
3070.5 2182.34 0.08865443412829421 NaN
3070.5 2194.44 0.08730517819103462 NaN
3070.5 2206.48 0.0860729192834679 NaN
3070.5 2218.45 0.0852042491550392 NaN
3070.5 2230.36 0.08232100771295946 NaN
3070.5 2242.20 0.08101555665225285 NaN
3070.5 2253.97 0.07932946684111732 NaN
3070.5 2265.68 0.07733125980403792 NaN
3070.5 2277.33 0.07586860456406258 NaN
3070.5 2288.91 0.07421675275522474 NaN
3070.5 2300.43 0.07312067784597111 NaN
3070.5 2311.89 0.07155651415699912 NaN
3070.5 2323.28 0.07103041253258607 NaN
3070.5 2334.63 0.06910956915693756 NaN
3070.5 2345.90 0.06819250390251741 NaN
3070.5 2357.11 0.06697174936366601 NaN
3070.5 2368.28 0.06471818812679357 NaN
3070.5 2379.37 0.06416530634393848 NaN
3070.5 2390.42 0.06243774591609676 NaN

