873.5 0.50 4.539736668671135E-6 0.10946221649646759
873.5 1.50 7.316008122870699E-5 0.10946221649646759
873.5 2.50 3.199197899448336E-5 0.10946221649646759
873.5 3.50 1.9585601330618373E-5 0.10946221649646759
873.5 4.50 3.285886978119379E-5 0.10946221649646759
873.5 5.50 2.9386984624579782E-5 0.10946221649646759
873.5 6.50 3.274782848166069E-5 0.10946221649646759
873.5 7.50 4.98009285365697E-5 0.10946221649646759
873.5 8.50 4.4742521640728225E-5 0.10946221649646759
873.5 9.50 3.7384760435088535E-5 0.10946221649646759
873.5 10.50 2.7130115995532833E-5 0.10946221649646759
873.5 11.50 1.903307311295066E-5 0.10946221649646759
873.5 12.50 1.047843211381405E-5 0.10946221649646759
873.5 13.50 1.121955629059812E-5 0.10946221649646759
873.5 14.50 2.2638309837930136E-5 0.10946221649646759
873.5 15.50 2.068597395918914E-5 0.10946221649646759
873.5 16.50 5.067131778559997E-5 0.10946221649646759
873.5 17.50 2.7008590404875576E-4 0.10946221649646759
873.5 18.50 1.5370358523796311E-4 0.10946221649646759
873.5 19.50 1.2043501556036063E-4 0.10946221649646759
873.5 20.50 8.204924706660677E-5 0.10946221649646759
873.5 21.50 7.096101835486479E-5 0.10946221649646759
873.5 22.50 8.331712269864511E-5 0.10946221649646759
873.5 23.50 4.9145000957651064E-5 0.10946221649646759
873.5 24.50 6.008466334606055E-5 0.10946221649646759
873.5 25.50 9.589337059878744E-5 0.10946221649646759
873.5 26.50 3.094975309068104E-5 0.10946221649646759
873.5 27.50 4.019618245365564E-5 0.10946221649646759
873.5 28.50 6.518829395645298E-5 0.10946221649646759
873.5 29.50 2.0883061279164394E-5 0.10946221649646759
873.5 30.50 5.877374344890995E-4 0.10946221649646759
873.5 31.50 4.4088832783018E-5 0.10946221649646759
873.5 32.50 1.5807589261385146E-5 0.10946221649646759
873.5 33.50 5.2328029505588346E-5 0.10946221649646759
873.5 34.50 4.3803326298075264E-5 0.10946221649646759
873.5 35.50 3.563542013580445E-5 0.10946221649646759
873.5 36.50 7.614735441165976E-5 0.10946221649646759
873.5 37.50 7.196779097284889E-6 0.10946221649646759
873.5 38.50 4.495303119256277E-6 0.10946221649646759
873.5 39.50 4.077610606145754E-6 0.10946221649646759
873.5 115.50 1.934440668993492E-5 6.600167863780488E-7
873.5 116.50 2.4539057401181447E-5 8.268073138993726E-7
873.5 117.50 8.343574790691927E-5 2.8846999651979455E-6
873.5 118.50 3.2676968112283736E-5 1.0863523275154804E-6
873.5 119.50 5.392565726822243E-5 1.7954908586333813E-6
873.5 120.50 1.5433852236154832E-4 5.198895616302857E-6
873.5 121.50 0.006578123063474231 2.190673205161434E-4
873.5 122.50 6.586432416057374E-5 2.162825891406908E-6
873.5 123.50 4.2814641342999386E-5 1.434002899450703E-6
873.5 124.50 3.104684585923884E-5 1.0458381870815239E-6
873.5 125.50 2.7758123819309427E-5 9.349117755313542E-7
873.5 126.50 3.756804559786713E-5 1.2862810052967109E-6
873.5 127.50 2.0265742019031617E-5 6.832347362155589E-7
873.5 128.50 1.578670277129272E-5 5.399343049611763E-7
873.5 129.50 1.832963664892629E-5 6.206339765543507E-7
873.5 130.50 1.5631074524868148E-4 5.359598958181174E-6
873.5 131.50 2.5437030699999353E-5 8.671103615761732E-7
873.5 132.50 2.0279559280799295E-5 6.830255103665245E-7
873.5 133.50 1.8738218121526942E-4 6.663178471757961E-6
873.5 134.50 1.8928254652648512E-5 6.495526351374555E-7
873.5 135.50 4.2663034351522496E-5 1.4773023104485306E-6
873.5 136.50 2.658009948421938E-5 9.093894246881216E-7
873.5 137.50 2.9347345496700712E-5 1.0005352634429937E-6
873.5 138.50 2.864319947994918E-5 9.784654923497554E-7
873.5 139.50 7.581534684962201E-5 2.760538867739273E-6
873.5 140.50 6.540831540435955E-5 2.2792946878973E-6
873.5 141.50 3.9823127714660355E-5 1.3473219471432268E-6
873.5 142.50 4.312958439858072E-5 1.470257392901693E-6
873.5 143.50 4.913350493492644E-5 1.6632088104715091E-6
873.5 144.50 4.7717915261065475E-5 1.6097311042372139E-6
873.5 145.50 5.099593208352433E-5 1.7243243324780784E-6
873.5 146.50 6.296960510667616E-5 2.1259194020985545E-6
873.5 147.50 7.871235809183491E-5 2.6672462993637955E-6
873.5 148.50 8.037623826058577E-5 2.6914792818936122E-6
873.5 149.50 7.22519512169604E-5 2.4141740283875747E-6
873.5 150.50 8.021870844062265E-5 2.6641435410969424E-6
873.5 151.50 8.756593259478214E-5 2.9048987629733856E-6
873.5 152.50 1.080845913400209E-4 3.6053805977672328E-6
873.5 153.50 1.1966476822351857E-4 3.981234128067983E-6
873.5 154.50 2.0208515269765526E-4 6.735556307752611E-6
873.5 155.50 1.8006831207659444E-4 6.007066100261651E-6
873.5 156.50 1.803937789291165E-4 5.9121958495870535E-6
873.5 157.50 1.6112548001447104E-4 5.305694320211893E-6
873.5 158.50 1.6077099492440525E-4 5.3044727330819656E-6
873.5 159.50 1.594587237446556E-4 5.204942995500731E-6
873.5 160.50 1.7907956787153236E-4 5.839284296434218E-6
873.5 161.50 2.1163026911495287E-4 6.890896976355033E-6
873.5 162.50 2.4182566101506756E-4 7.86868986842644E-6
873.5 163.50 2.5862365142584093E-4 8.409053800784237E-6
873.5 164.50 2.984340840402564E-4 9.67560457643449E-6
873.5 165.50 4.756744911267443E-4 1.549599344549206E-5
873.5 166.50 3.257941719030332E-4 1.0535744236858844E-5
873.5 167.50 3.810446771209525E-4 1.2352470391138158E-5
873.5 168.50 4.244983573710562E-4 1.369599942242549E-5
873.5 169.50 5.616209726337779E-4 1.8122127937118636E-5
873.5 170.50 6.477935678074788E-4 2.0923654520375333E-5
873.5 171.50 6.465986850646394E-4 2.0781329794613436E-5
873.5 172.50 7.111527555950477E-4 2.280188026722057E-5
873.5 173.50 7.192336759896257E-4 2.3093001677362968E-5
873.5 174.50 8.833002448690651E-4 2.828827814508655E-5
873.5 175.50 0.00108507423316759 3.475302578122168E-5
873.5 176.50 0.0011729463727614983 3.7561085181273285E-5
873.5 177.50 0.001424020971598618 4.5520519816480094E-5
873.5 178.50 0.0015965968511664661 5.1019701469862564E-5
873.5 179.50 0.0015785732916754418 5.041299563912336E-5
873.5 180.50 0.001998996669194051 2.9588313412267227E-5
873.5 181.50 0.0023722242614005124 3.6464303561796334E-5
873.5 182.50 0.0022800175523392642 3.705525441976772E-5
873.5 183.50 0.002441927532038841 4.1276004097965405E-5
873.5 184.50 0.0021292623734848544 3.6744181828900595E-5
873.5 185.50 0.0024160349470339917 4.310034827728572E-5
873.5 186.50 0.0027887980108111192 5.068714823320432E-5
873.5 187.50 0.003125976400944525 5.99968211799445E-5
873.5 188.50 0.0033468127156392447 6.690446354336683E-5
873.5 189.50 0.003676684191425781 7.814377345025596E-5
873.5 190.50 0.003899700073542919 8.217520003700435E-5
873.5 191.50 0.004139233679212528 8.830659968534331E-5
873.5 192.50 0.004423162271272368 9.295846056234839E-5
873.5 193.50 0.0034330277961289925 7.301531169429474E-5
873.5 194.50 0.00560114832727224 1.261423592625458E-4
873.5 195.50 0.00543076590875379 1.2872378647900372E-4
873.5 196.50 0.006126818478869972 1.5061359871737254E-4
873.5 197.50 0.006239367782501181 1.5489928501958945E-4
873.5 198.50 0.006267096757721582 1.527340189540155E-4
873.5 199.50 0.006780432957790082 1.658978740694353E-4
873.5 200.50 0.007370406737876077 1.7910293962505194E-4
873.5 201.50 0.008203922021542822 2.0095799519133506E-4
873.5 202.50 0.008121574768551805 1.9507661782369848E-4
873.5 203.50 0.009401616004050126 2.2066592106016647E-4
873.5 204.50 0.010422342783277718 2.3086477980141794E-4
873.5 205.50 0.010751828182427165 2.227070573614513E-4
873.5 206.50 0.011122266412050844 2.151567071278707E-4
873.5 207.50 0.012823973146370179 2.2827750991899227E-4
873.5 208.50 0.014741083058090673 2.3763556706786726E-4
873.5 209.50 0.021308566475162907 3.1156195660202835E-4
873.5 210.50 0.027680916002899493 3.648643832557965E-4
873.5 211.50 0.03332801721613583 3.9550399360434627E-4
873.5 212.50 0.03188593074367961 3.4529292025526026E-4
873.5 213.50 0.02883884556983041 2.872189990557123E-4
873.5 214.50 0.041072519168081245 3.910202186545786E-4
873.5 215.50 0.03368997461919801 3.1413264008387507E-4
873.5 216.50 0.032356993627999486 3.031625350483868E-4
873.5 217.50 0.031231028156719125 3.044637815411019E-4
873.5 218.50 0.04441249652198957 4.579127260324447E-4
873.5 219.50 0.04643055252443815 5.213335793195062E-4
873.5 220.50 0.045898236488702664 5.51625029308549E-4
873.5 221.50 0.03244702353743156 4.2859240328216856E-4
873.5 222.50 0.04788992404936181 6.680786324159673E-4
873.5 223.50 0.06115616763735062 8.972361449818703E-4
873.5 224.50 0.05639222670625708 8.922949437975172E-4
873.5 225.50 0.0495670906031676 8.185444943586297E-4
873.5 226.50 0.034882075011669886 5.91000604766861E-4
873.5 227.50 0.0352314562225036 5.970567694260622E-4
873.5 228.50 0.050621914582209 8.279473898185623E-4
873.5 229.50 0.0429258760804387 7.030244060387698E-4
873.5 230.50 0.05239971393403199 8.505824165890301E-4
873.5 231.50 0.045218143163350585 7.371393835606229E-4
873.5 232.50 0.04886875393785724 7.869299224659779E-4
873.5 233.50 0.04108349121506705 6.875005346944841E-4
873.5 234.50 0.03325320718351081 5.761041833604894E-4
873.5 235.50 0.053422234861628594 9.477951397216383E-4
873.5 236.50 0.04105314048363323 7.560955567645216E-4
873.5 237.50 0.04998801976078658 9.165469855901392E-4
873.5 238.50 0.03418268078797967 6.716014813583461E-4
873.5 239.50 0.04218686576414251 8.462842879049712E-4
873.5 240.50 0.03868218573677138 8.008776020445158E-4
873.5 241.50 0.04512326492259616 9.517811920025311E-4
873.5 242.50 0.06777331165100191 0.0014037228576410149
873.5 243.50 0.06179739418487501 0.0012342528163203925
873.5 244.50 0.058752866285949105 0.0011266045463995326
873.5 245.50 0.0463502967266115 8.512821320752293E-4
873.5 246.50 0.04655973386766505 8.28313053188762E-4
873.5 247.50 0.05393082147716742 9.466736887291357E-4
873.5 248.50 0.04162854942717014 7.234588749226746E-4
873.5 249.50 0.05342082152012596 9.817798072309122E-4
873.5 250.50 0.05635601113529055 0.0010608581766534072
873.5 251.50 0.04369323313558408 8.320880513768714E-4
873.5 252.50 0.03862275707734824 7.518232238089018E-4
873.5 253.50 0.049732896657598905 9.683322995720119E-4
873.5 254.50 0.05540799867571094 0.0010912845056985617
873.5 255.50 0.0785822420146548 0.001541171324620949
873.5 256.50 0.09429485194700989 0.0019040546416769666
873.5 257.50 0.1169761006524238 0.0023253214671391494
873.5 258.50 0.12402246663816718 0.002464644798088144
873.5 259.50 0.10434149273470485 0.0020226743173162504
873.5 260.50 0.08468193098511892 0.0016244812317398678
873.5 261.50 0.08238847675762664 0.0014782174335238297
873.5 262.50 0.10414355806112059 0.0018447267529264823
873.5 263.50 0.1527119827269161 0.0026924161397312856
873.5 264.50 0.238316740656216 0.004182715518332617
873.5 265.50 0.24754648283660163 0.004425559022873934
873.5 266.50 0.2404974182088456 0.004359697028874892
873.5 267.50 0.24059185003942418 0.004366747386803905
873.5 268.50 0.2399358348694809 0.004381421868258058
873.5 269.50 0.2138785202059123 0.0038940929923061947
873.5 270.50 0.2698791561038639 0.004898521008372324
873.5 271.50 0.2242286038826231 0.00396298617592641
873.5 272.50 0.17722204494364174 0.003193926229955689
873.5 273.50 0.202793572179452 0.003750062248372488
873.5 274.50 0.11958830363331827 0.002363220291054774
873.5 275.50 0.17128783154439434 0.0034726373732919254
873.5 276.50 0.23746949816407303 0.005270941455567357
873.5 277.50 0.2364665549788691 0.005475289882109634
873.5 278.50 0.15614526642158447 0.0038033763479415387
873.5 279.50 0.07389299069093408 0.0017679198570107152
873.5 280.50 0.08553931099552278 0.0019416738078369376
873.5 281.50 0.20040449917031475 0.004574122482640121
873.5 282.50 0.27976245134144595 0.00629801199977423
873.5 283.50 0.3108868630027099 0.007158459863148581
873.5 284.50 0.23756751354188133 0.005725046996671244
873.5 285.50 0.12006097936365688 0.002903855209138975
873.5 286.50 0.31860800988156424 0.007849830696445148
873.5 287.50 0.34757581930216946 0.008375399891508237
873.5 288.50 0.2887603267782286 0.006616341858377756
873.5 289.50 0.43114322318445575 0.009653938496438134
873.5 290.50 0.5758124934675387 0.013308193588280691
873.5 291.50 0.5348123215237651 0.012654083978579277
873.5 292.50 0.4652411909199988 0.01143175472680002
873.5 293.50 0.5255723527130552 0.012723447682444955
873.5 294.50 0.47508456697694396 0.011027472250765075
873.5 295.50 0.5307942959480921 0.01161513807411147
873.5 296.50 0.4699758625971278 0.010574371187758475
873.5 297.50 0.5033842409952951 0.01173373873475295
873.5 298.50 0.37046821375917854 0.009211142153565964
873.5 299.50 0.5148241709573307 0.013473373789391377
873.5 300.50 0.34126653149853897 0.009078852376466296
873.5 301.50 0.4645976016136936 0.013100713047037514
873.5 302.50 0.45583895911052635 0.013310523210135638
873.5 303.50 0.5990612108582396 0.0186985648349636
873.5 304.50 0.5648223032093664 0.018271246319108807
873.5 305.50 0.5926809978529807 0.021811579308260196
873.5 306.50 0.5422868982504083 0.02136094333229592
873.5 307.50 0.6265051549803138 0.026313367772134166
873.5 308.50 0.633817397966991 0.028681198634748706
873.5 309.50 0.4805902434930718 0.022456861901421588
873.5 310.25 0.5620636725973046 NaN
873.5 310.48 0.6085194040257945 NaN
873.5 310.71 0.6562345656868622 NaN
873.5 310.95 0.6871252161877998 NaN
873.5 311.18 0.7013438367440228 NaN
873.5 311.42 0.7063454542070665 NaN
873.5 311.65 0.6968043452355017 NaN
873.5 311.89 0.6776399984489422 NaN
873.5 312.12 0.6620463977398306 NaN
873.5 312.36 0.6531178979882679 NaN
873.5 312.60 0.6506519432515774 NaN
873.5 312.84 0.6581344937184648 NaN
873.5 313.08 0.6669327387548066 NaN
873.5 313.32 0.6734407796229095 NaN
873.5 313.56 0.6749447877267434 NaN
873.5 313.80 0.6755216710016475 NaN
873.5 314.04 0.6767494139003409 NaN
873.5 314.28 0.6670880706147574 NaN
873.5 314.53 0.6585884569724255 NaN
873.5 314.77 0.6512461066246588 NaN
873.5 315.02 0.6404369230885214 NaN
873.5 315.26 0.627971332839855 NaN
873.5 315.51 0.6126166328448729 NaN
873.5 315.75 0.5998877929216526 NaN
873.5 316.00 0.6007040002890094 NaN
873.5 316.25 0.61286159728714 NaN
873.5 316.50 0.6396206100691172 NaN
873.5 316.75 0.6720075235037255 NaN
873.5 317.00 0.6949813032034408 NaN
873.5 317.25 0.7164912300680879 NaN
873.5 317.50 0.721514909602813 NaN
873.5 317.75 0.7134061236194855 NaN
873.5 318.01 0.6939193895642457 NaN
873.5 318.26 0.6743507742129862 NaN
873.5 318.51 0.6645296265705477 NaN
873.5 318.77 0.6624170667714689 NaN
873.5 319.02 0.6688135910426539 NaN
873.5 319.28 0.6823780311738081 NaN
873.5 319.54 0.7078227249563273 NaN
873.5 319.80 0.7331064619382672 NaN
873.5 320.06 0.7459079391957789 NaN
873.5 320.32 0.7506318832626866 NaN
873.5 320.58 0.7486333047362895 NaN
873.5 320.84 0.7455601478126175 NaN
873.5 321.10 0.7281871458357851 NaN
873.5 321.36 0.7115037852260957 NaN
873.5 321.62 0.6984305357713971 NaN
873.5 321.89 0.6898854726337327 NaN
873.5 322.15 0.679384974421432 NaN
873.5 322.42 0.6655847323258096 NaN
873.5 322.69 0.6603218304856692 NaN
873.5 322.95 0.6575714999796654 NaN
873.5 323.22 0.6618717953166517 NaN
873.5 323.49 0.6688267719819172 NaN
873.5 323.76 0.6844918287383975 NaN
873.5 324.03 0.7054828852776284 NaN
873.5 324.30 0.7302625022722646 NaN
873.5 324.57 0.7607280243457869 NaN
873.5 324.85 0.7895760367277692 NaN
873.5 325.12 0.8190180225432201 NaN
873.5 325.39 0.8540801010374279 NaN
873.5 325.67 0.8919232783353219 NaN
873.5 325.94 0.9191383259090149 NaN
873.5 326.22 0.940961444676064 NaN
873.5 326.50 0.9550271052029633 NaN
873.5 326.78 0.9601934356497495 NaN
873.5 327.06 0.9568358440645534 NaN
873.5 327.34 0.9467747227095886 NaN
873.5 327.62 0.9379611297831577 NaN
873.5 327.90 0.9311051489106629 NaN
873.5 328.18 0.9315620060926842 NaN
873.5 328.47 0.9378951576185974 NaN
873.5 328.75 0.956339684167389 NaN
873.5 329.04 0.9810178283060118 NaN
873.5 329.32 1.0042228506334359 NaN
873.5 329.61 1.0198400595443529 NaN
873.5 329.90 1.028550467124602 NaN
873.5 330.19 1.0248774079896126 NaN
873.5 330.48 1.0122604451695987 NaN
873.5 330.77 0.9947893624804971 NaN
873.5 331.06 0.9774900463783398 NaN
873.5 331.35 0.9664530855867518 NaN
873.5 331.64 0.9573322020664979 NaN
873.5 331.94 0.9524608332746517 NaN
873.5 332.23 0.947086759658299 NaN
873.5 332.53 0.9406460392191598 NaN
873.5 332.83 0.9335149210659529 NaN
873.5 333.12 0.9321057886898609 NaN
873.5 333.42 0.9285733412683606 NaN
873.5 333.72 0.9268933881366237 NaN
873.5 334.02 0.9336921128464363 NaN
873.5 334.32 0.9478571534308097 NaN
873.5 334.63 0.9489533978331157 NaN
873.5 334.93 0.9424030246789493 NaN
873.5 335.23 0.9368430835681012 NaN
873.5 335.54 0.9217115950712471 NaN
873.5 335.85 0.8890743128211746 NaN
873.5 336.15 0.8617959690837763 NaN
873.5 336.46 0.8485596795004123 NaN
873.5 336.77 0.8397888290393375 NaN
873.5 337.08 0.8352554474101976 NaN
873.5 337.39 0.8465904059366571 NaN
873.5 337.71 0.870290456912728 NaN
873.5 338.02 0.8896699927858125 NaN
873.5 338.33 0.9049110513985914 NaN
873.5 338.65 0.9285336133512868 NaN
873.5 338.96 0.9513339204075443 NaN
873.5 339.28 0.9642269525916484 NaN
873.5 339.60 0.97726772297509 NaN
873.5 339.92 0.9889793194971384 NaN
873.5 340.24 0.9913564365857743 NaN
873.5 340.56 0.9868750151830594 NaN
873.5 340.88 0.9804213100042336 NaN
873.5 341.21 0.9745948106248853 NaN
873.5 341.53 0.9714932184811047 NaN
873.5 341.86 0.9751545915985885 NaN
873.5 342.18 0.9814245022502449 NaN
873.5 342.51 0.9828313049620087 NaN
873.5 342.84 0.9728630181450422 NaN
873.5 343.17 0.9563193167788699 NaN
873.5 343.50 0.936231722231871 NaN
873.5 343.83 0.9100798381901928 NaN
873.5 344.17 0.8892490370343202 NaN
873.5 344.50 0.8785836936156134 NaN
873.5 344.84 0.8826909589497821 NaN
873.5 345.17 0.8956622499019178 NaN
873.5 345.51 0.9120807870855454 NaN
873.5 345.85 0.923221778913062 NaN
873.5 346.19 0.9311601061366319 NaN
873.5 346.53 0.9383299079919961 NaN
873.5 346.88 0.9358400899742931 NaN
873.5 347.22 0.9326648582716823 NaN
873.5 347.56 0.9238867466692774 NaN
873.5 347.91 0.9184047883026442 NaN
873.5 348.26 0.915638122269319 NaN
873.5 348.60 0.9186578229077963 NaN
873.5 348.95 0.9247075915449624 NaN
873.5 349.30 0.9399479273600265 NaN
873.5 349.66 0.9600704191468087 NaN
873.5 350.01 0.9813739213264238 NaN
873.5 350.36 1.0027604696977706 NaN
873.5 350.72 1.0114688384202701 NaN
873.5 351.08 1.005572346252512 NaN
873.5 351.43 0.9981301629150586 NaN
873.5 351.79 0.992708774286502 NaN
873.5 352.15 0.9838068099638669 NaN
873.5 352.52 0.9815403633667593 NaN
873.5 352.88 0.9963196268380724 NaN
873.5 353.24 1.0236697447583465 NaN
873.5 353.61 1.0527388901461163 NaN
873.5 353.98 1.0732735191457445 NaN
873.5 354.34 1.090328259109613 NaN
873.5 354.71 1.1008157071467342 NaN
873.5 355.08 1.0878886812030129 NaN
873.5 355.46 1.0594095702392308 NaN
873.5 355.83 1.0264393767983797 NaN
873.5 356.20 0.988978494992604 NaN
873.5 356.58 0.9398234704744063 NaN
873.5 356.96 0.8869440208084695 NaN
873.5 357.34 0.8505316249360155 NaN
873.5 357.72 0.8313671217896408 NaN
873.5 358.10 0.8270416499508587 NaN
873.5 358.48 0.8384009313521018 NaN
873.5 358.86 0.8701140059792423 NaN
873.5 359.25 0.9113478113072397 NaN
873.5 359.64 0.9497404753431985 NaN
873.5 360.03 0.969915977647643 NaN
873.5 360.42 0.9748006864640383 NaN
873.5 360.81 0.974656662731025 NaN
873.5 361.20 0.9731536176685708 NaN
873.5 361.59 0.9670930846831027 NaN
873.5 361.99 0.9689857422835234 NaN
873.5 362.39 0.9842575290603205 NaN
873.5 362.79 1.0036115053390395 NaN
873.5 363.19 1.013016000373435 NaN
873.5 363.59 1.0263320493481782 NaN
873.5 363.99 1.050449346330204 NaN
873.5 364.39 1.0736994186672086 NaN
873.5 364.80 1.0951541975183356 NaN
873.5 365.21 1.1257288988361571 NaN
873.5 365.62 1.168557079501492 NaN
873.5 366.03 1.196175208126221 NaN
873.5 366.44 1.2089467993209397 NaN
873.5 366.85 1.2111871253019721 NaN
873.5 367.27 1.2116796671972143 NaN
873.5 367.69 1.204690152901647 NaN
873.5 368.10 1.1983946266331023 NaN
873.5 368.52 1.1956454683686555 NaN
873.5 368.95 1.1955429902642654 NaN
873.5 369.37 1.206474286911411 NaN
873.5 369.79 1.2151699343920945 NaN
873.5 370.22 1.2085973157882743 NaN
873.5 370.65 1.1972259811105361 NaN
873.5 371.08 1.1854472406789636 NaN
873.5 371.51 1.1617114284170578 NaN
873.5 371.94 1.123813258417869 NaN
873.5 372.38 1.0857122726972275 NaN
873.5 372.81 1.0480453147749074 NaN
873.5 373.25 1.015752427811127 NaN
873.5 373.69 0.9894081774046227 NaN
873.5 374.13 0.9789770802616001 NaN
873.5 374.58 0.9858680304316735 NaN
873.5 375.02 1.0017244982828657 NaN
873.5 375.47 1.0377573409121734 NaN
873.5 375.92 1.0863494583966156 NaN
873.5 376.37 1.1348250534767599 NaN
873.5 376.82 1.178856616574501 NaN
873.5 377.28 1.2222194856597106 NaN
873.5 377.73 1.2464346049341193 NaN
873.5 378.19 1.254027964280632 NaN
873.5 378.65 1.2519679433045816 NaN
873.5 379.11 1.2377375921643905 NaN
873.5 379.57 1.2138410225061467 NaN
873.5 380.04 1.185002627049537 NaN
873.5 380.51 1.151569941340967 NaN
873.5 380.98 1.1051006703778508 NaN
873.5 381.45 1.0445597574779728 NaN
873.5 381.92 0.977676069217975 NaN
873.5 382.39 0.9242366776543215 NaN
873.5 382.87 0.8842701474054538 NaN
873.5 383.35 0.8615730567754221 NaN
873.5 383.83 0.8627060654465858 NaN
873.5 384.31 0.8936612537231545 NaN
873.5 384.80 0.9329602385056976 NaN
873.5 385.28 0.9642310317130125 NaN
873.5 385.77 0.9871134772517814 NaN
873.5 386.26 1.0012439899014511 NaN
873.5 386.76 1.0106784682670849 NaN
873.5 387.25 1.0165627323935884 NaN
873.5 387.75 1.0283564579434417 NaN
873.5 388.25 1.048924338335167 NaN
873.5 388.75 1.083815618264966 NaN
873.5 389.25 1.1294588221767203 NaN
873.5 389.76 1.1740362421723862 NaN
873.5 390.26 1.2036216658539942 NaN
873.5 390.77 1.2011138307711742 NaN
873.5 391.29 1.1710297392357394 NaN
873.5 391.80 1.117812799786929 NaN
873.5 392.32 1.0507993334310788 NaN
873.5 392.84 0.992702924880916 NaN
873.5 393.36 0.9614762420186848 NaN
873.5 393.88 0.9602287298894189 NaN
873.5 394.40 0.9725815555020682 NaN
873.5 394.93 0.9923080080181408 NaN
873.5 395.46 1.021325905827337 NaN
873.5 395.99 1.0482281760172074 NaN
873.5 396.53 1.0772286877622714 NaN
873.5 397.07 1.1213326778492343 NaN
873.5 397.61 1.202064554002882 NaN
873.5 398.15 1.3006601231601638 NaN
873.5 398.69 1.4053652246737165 NaN
873.5 399.24 1.510160697097791 NaN
873.5 399.79 1.6054581625306688 NaN
873.5 400.34 1.674751328947108 NaN
873.5 400.89 1.7119716230496447 NaN
873.5 401.45 1.7367126363051593 NaN
873.5 402.01 1.7456954244135183 NaN
873.5 402.57 1.747652742542171 NaN
873.5 403.13 1.7403229654906374 NaN
873.5 403.70 1.7274478748069213 NaN
873.5 404.27 1.7130330406378438 NaN
873.5 404.84 1.6938357967851538 NaN
873.5 405.41 1.68086758822765 NaN
873.5 405.99 1.6748778400049844 NaN
873.5 406.57 1.6796096811122507 NaN
873.5 407.15 1.6834579231404614 NaN
873.5 407.74 1.6879900201698148 NaN
873.5 408.33 1.6977245011822555 NaN
873.5 408.92 1.7108527379951708 NaN
873.5 409.51 1.719329454333251 NaN
873.5 410.11 1.7242647728894882 NaN
873.5 410.70 1.7353748477112092 NaN
873.5 411.31 1.756833311784585 NaN
873.5 411.91 1.7714231049776206 NaN
873.5 412.52 1.7784552807161098 NaN
873.5 413.13 1.7880538705240185 NaN
873.5 413.74 1.7991875268519313 NaN
873.5 414.36 1.7990060253833033 NaN
873.5 414.98 1.7922472872891018 NaN
873.5 415.60 1.7864400014634285 NaN
873.5 416.22 1.782790023553918 NaN
873.5 416.85 1.774004738366967 NaN
873.5 417.48 1.7600618655350582 NaN
873.5 418.11 1.7546298910316647 NaN
873.5 418.75 1.7546097833386403 NaN
873.5 419.39 1.7524561311234284 NaN
873.5 420.04 1.750162547039932 NaN
873.5 420.68 1.7517588609377388 NaN
873.5 421.33 1.7548263529585304 NaN
873.5 421.98 1.7489842612296338 NaN
873.5 422.64 1.7388140304449495 NaN
873.5 423.30 1.7314932872267095 NaN
873.5 423.96 1.7256076973976693 NaN
873.5 424.63 1.714266799211116 NaN
873.5 425.30 1.7025873668242077 NaN
873.5 425.97 1.6908182642600578 NaN
873.5 426.65 1.6703352601813304 NaN
873.5 427.32 1.6316846141051504 NaN
873.5 428.01 1.5875645098446527 NaN
873.5 428.69 1.5562435786261624 NaN
873.5 429.38 1.5270720654345649 NaN
873.5 430.08 1.514371937872327 NaN
873.5 430.77 1.5167313577489887 NaN
873.5 431.47 1.5523139279756186 NaN
873.5 432.18 1.5972345548716096 NaN
873.5 432.89 1.6440491594632993 NaN
873.5 433.60 1.6908858118559031 NaN
873.5 434.31 1.7325070033314562 NaN
873.5 435.03 1.762135289362476 NaN
873.5 435.75 1.7763856393045956 NaN
873.5 436.48 1.7852137688044922 NaN
873.5 437.21 1.7848767411091742 NaN
873.5 437.94 1.783797040651709 NaN
873.5 438.68 1.7899817258100241 NaN
873.5 439.42 1.803384281528946 NaN
873.5 440.17 1.822780525045973 NaN
873.5 440.92 1.8481037253640884 NaN
873.5 441.67 1.8801853109985145 NaN
873.5 442.43 1.9055340085006032 NaN
873.5 443.19 1.923891696024884 NaN
873.5 443.96 1.9370721466458598 NaN
873.5 444.73 1.94755443282959 NaN
873.5 445.50 1.9547533799895098 NaN
873.5 446.28 1.9659075076652908 NaN
873.5 447.06 1.98854128911583 NaN
873.5 447.85 2.014778419168598 NaN
873.5 448.64 2.0359531545726997 NaN
873.5 449.43 2.0510422699476845 NaN
873.5 450.23 2.0649182507843644 NaN
873.5 451.04 2.067914514911686 NaN
873.5 451.85 2.0598124367958746 NaN
873.5 452.66 2.0496837545536324 NaN
873.5 453.48 2.0446438848680857 NaN
873.5 454.30 2.0441101420661556 NaN
873.5 455.13 2.0448634379549255 NaN
873.5 455.96 2.049021579659473 NaN
873.5 456.80 2.0571829574216554 NaN
873.5 457.64 2.065193798921864 NaN
873.5 458.48 2.070181611510565 NaN
873.5 459.33 2.0749336424586846 NaN
873.5 460.19 2.080016811043592 NaN
873.5 461.05 2.0827221418041466 NaN
873.5 461.92 2.0839061741392486 NaN
873.5 462.79 2.0796919877605577 NaN
873.5 463.66 2.071675133526773 NaN
873.5 464.54 2.061396483309757 NaN
873.5 465.43 2.0507564518629304 NaN
873.5 466.32 2.038084598781558 NaN
873.5 467.22 2.028584687396245 NaN
873.5 468.12 2.0268498479778527 NaN
873.5 469.03 2.0268082102913705 NaN
873.5 469.94 2.0298728488491316 NaN
873.5 470.86 2.0363951298408565 NaN
873.5 471.78 2.046925087779112 NaN
873.5 472.71 2.0563720694090097 NaN
873.5 473.64 2.0649554009163325 NaN
873.5 474.58 2.07403193906404 NaN
873.5 475.53 2.082913870661524 NaN
873.5 476.48 2.089299891972786 NaN
873.5 477.44 2.0960642938123057 NaN
873.5 478.40 2.101930692736156 NaN
873.5 479.37 2.103141989756811 NaN
873.5 480.34 2.0998921502403634 NaN
873.5 481.33 2.081625604199533 NaN
873.5 482.31 2.054270526219346 NaN
873.5 483.31 2.021012797036446 NaN
873.5 484.30 1.9868282295281752 NaN
873.5 485.31 1.955733939959765 NaN
873.5 486.32 1.9340708840144571 NaN
873.5 487.34 1.9280500434893935 NaN
873.5 488.37 1.9344236614078283 NaN
873.5 489.40 1.9471633786675735 NaN
873.5 490.43 1.9625634484306353 NaN
873.5 491.48 1.9775863242484026 NaN
873.5 492.53 1.989774042897622 NaN
873.5 493.59 1.9958744061839933 NaN
873.5 494.65 1.998468614282496 NaN
873.5 495.72 1.9941635265464666 NaN
873.5 496.80 1.9857489598579516 NaN
873.5 497.89 1.9762791528904629 NaN
873.5 498.98 1.9636413280535547 NaN
873.5 500.08 1.9531722662807458 NaN
873.5 501.19 1.946043873703881 NaN
873.5 502.30 1.9447248723381534 NaN
873.5 503.42 1.9479371311997462 NaN
873.5 504.55 1.953432870238899 NaN
873.5 505.69 1.9599791541479343 NaN
873.5 506.83 1.9636202581314273 NaN
873.5 507.99 1.9620425185672623 NaN
873.5 509.14 1.9569303532142313 NaN
873.5 510.31 1.9474211599682705 NaN
873.5 511.49 1.9275135233567329 NaN
873.5 512.67 1.9013995227630682 NaN
873.5 513.86 1.8756730097417147 NaN
873.5 515.06 1.852692264558954 NaN
873.5 516.27 1.8327393412690212 NaN
873.5 517.49 1.820830633332793 NaN
873.5 518.71 1.8256277853313705 NaN
873.5 519.94 1.8382600772598 NaN
873.5 521.18 1.8497587827810906 NaN
873.5 522.43 1.8632677886012898 NaN
873.5 523.69 1.8779683784309076 NaN
873.5 524.96 1.890873064410761 NaN
873.5 526.24 1.894814695740949 NaN
873.5 527.52 1.8993796070389326 NaN
873.5 528.82 1.910043337324741 NaN
873.5 530.12 1.9180950243966133 NaN
873.5 531.44 1.9214916423752708 NaN
873.5 532.76 1.9223144078631111 NaN
873.5 534.09 1.9213869273678734 NaN
873.5 535.43 1.9164192355819887 NaN
873.5 536.79 1.9080487692164285 NaN
873.5 538.15 1.8996986138146819 NaN
873.5 539.52 1.893714900936045 NaN
873.5 540.90 1.8896408276995906 NaN
873.5 542.29 1.8881351646676392 NaN
873.5 543.69 1.8879614526759483 NaN
873.5 545.11 1.8893318950971707 NaN
873.5 546.53 1.8895796881750169 NaN
873.5 547.96 1.8906998925111893 NaN
873.5 549.41 1.8901267524717724 NaN
873.5 550.86 1.88676481414444 NaN
873.5 552.33 1.8800141061501772 NaN
873.5 553.80 1.8735944435191434 NaN
873.5 555.29 1.8665621054376618 NaN
873.5 556.79 1.8583584031011275 NaN
873.5 558.30 1.8504563571963606 NaN
873.5 559.82 1.8459049086620551 NaN
873.5 561.36 1.8437246811580217 NaN
873.5 562.90 1.8411930134039163 NaN
873.5 564.46 1.8403946284003379 NaN
873.5 566.03 1.841411268626568 NaN
873.5 567.61 1.8430072240055875 NaN
873.5 569.21 1.8435767891662305 NaN
873.5 570.81 1.843744202523401 NaN
873.5 572.43 1.8449596930370367 NaN
873.5 574.06 1.8460703545530408 NaN
873.5 575.71 1.8452941248374735 NaN
873.5 577.37 1.8429762083519647 NaN
873.5 579.04 1.8401458077274646 NaN
873.5 580.72 1.8332346527231245 NaN
873.5 582.42 1.8242716599607982 NaN
873.5 584.13 1.8150170761182014 NaN
873.5 585.86 1.8052833804087713 NaN
873.5 587.59 1.7961769126896845 NaN
873.5 589.35 1.7884093638355285 NaN
873.5 591.11 1.7844288733876195 NaN
873.5 592.90 1.7808071845726765 NaN
873.5 594.69 1.7776162904308275 NaN
873.5 596.50 1.7744935565060276 NaN
873.5 598.33 1.770889676297995 NaN
873.5 600.17 1.764971107209038 NaN
873.5 602.03 1.7574483516573123 NaN
873.5 603.90 1.7495306995557642 NaN
873.5 605.78 1.7394849860035735 NaN
873.5 607.69 1.7273184893593938 NaN
873.5 609.60 1.7158607939700912 NaN
873.5 611.54 1.70473463929394 NaN
873.5 613.49 1.6936509110218323 NaN
873.5 615.46 1.6833916207539705 NaN
873.5 617.44 1.6765209497434483 NaN
873.5 619.44 1.6717796014674582 NaN
873.5 621.46 1.6661839295467522 NaN
873.5 623.49 1.6601698326312644 NaN
873.5 625.54 1.6546422079613732 NaN
873.5 627.61 1.6496785104276348 NaN
873.5 629.70 1.6426133276788606 NaN
873.5 631.81 1.635155859437018 NaN
873.5 633.93 1.6282363624653609 NaN
873.5 636.07 1.6214514698733085 NaN
873.5 638.23 1.613300197512597 NaN
873.5 640.41 1.6048176006134158 NaN
873.5 642.61 1.5967868773029894 NaN
873.5 644.82 1.5841312896454007 NaN
873.5 647.06 1.570350488867526 NaN
873.5 649.31 1.557494701511836 NaN
873.5 651.59 1.5455486177903375 NaN
873.5 653.88 1.5342955402190275 NaN
873.5 656.20 1.5260589088145242 NaN
873.5 658.53 1.5238654942843286 NaN
873.5 660.89 1.5235967029479338 NaN
873.5 663.27 1.5226548254783907 NaN
873.5 665.66 1.5212178760579724 NaN
873.5 668.08 1.5192106334288185 NaN
873.5 670.52 1.5143290794226076 NaN
873.5 672.99 1.5061977856968511 NaN
873.5 675.47 1.4977452600810144 NaN
873.5 677.98 1.4891282978144786 NaN
873.5 680.50 1.480102875072682 NaN
873.5 683.06 1.4708975600191254 NaN
873.5 685.63 1.4615971580065397 NaN
873.5 688.23 1.4517365978081063 NaN
873.5 690.85 1.4416668527604473 NaN
873.5 693.49 1.431500105832493 NaN
873.5 696.16 1.4215937604480848 NaN
873.5 698.85 1.4117476904853772 NaN
873.5 701.56 1.4020881090509474 NaN
873.5 704.30 1.392536429523181 NaN
873.5 707.07 1.3825584235346273 NaN
873.5 709.85 1.3724325176404943 NaN
873.5 712.67 1.362227421809716 NaN
873.5 715.51 1.3518311147373085 NaN
873.5 718.37 1.341717377669795 NaN
873.5 721.26 1.3323530856458892 NaN
873.5 724.18 1.322930676351404 NaN
873.5 727.12 1.313456617671479 NaN
873.5 730.09 1.3043489218238105 NaN
873.5 733.08 1.2957765181110006 NaN
873.5 736.10 1.2868459800962189 NaN
873.5 739.15 1.277901252273807 NaN
873.5 742.22 1.2700117711678955 NaN
873.5 745.33 1.2626364709133873 NaN
873.5 748.46 1.2550844721174332 NaN
873.5 751.61 1.2470174684796875 NaN
873.5 754.80 1.2390196612200242 NaN
873.5 758.01 1.2305667784945071 NaN
873.5 761.26 1.2215254705568994 NaN
873.5 764.53 1.2124220837787596 NaN
873.5 767.83 1.2036333184598735 NaN
873.5 771.15 1.1955419310753082 NaN
873.5 774.51 1.1872168412242803 NaN
873.5 777.90 1.178604756527611 NaN
873.5 781.31 1.1700959859500506 NaN
873.5 784.76 1.1611548890800567 NaN
873.5 788.23 1.1515245995100958 NaN
873.5 791.73 1.1415243749932888 NaN
873.5 795.27 1.1320512465906498 NaN
873.5 798.83 1.1228325656782083 NaN
873.5 802.42 1.1129292129336863 NaN
873.5 806.05 1.1034638552334006 NaN
873.5 809.70 1.094579748950417 NaN
873.5 813.39 1.0852242062979076 NaN
873.5 817.10 1.0755207631628472 NaN
873.5 820.85 1.0663787473630857 NaN
873.5 824.62 1.0578259073350404 NaN
873.5 828.43 1.0486372258478676 NaN
873.5 832.26 1.0377874334003911 NaN
873.5 836.13 1.0262938087983102 NaN
873.5 840.03 1.0153491656716855 NaN
873.5 843.96 1.0029423203164949 NaN
873.5 847.92 0.9897583274619136 NaN
873.5 851.91 0.9783519750826667 NaN
873.5 855.93 0.9692656381359288 NaN
873.5 859.99 0.9616528620158433 NaN
873.5 864.07 0.9543348700831334 NaN
873.5 868.18 0.9487808079821921 NaN
873.5 872.33 0.9448926526173113 NaN
873.5 876.50 0.9401246336741432 NaN
873.5 880.71 0.9342033833346726 NaN
873.5 884.94 0.9283758417465686 NaN
873.5 889.21 0.9218888683917167 NaN
873.5 893.50 0.9145358547696756 NaN
873.5 897.83 0.9064301602600056 NaN
873.5 902.19 0.8977617188035538 NaN
873.5 906.57 0.8895163558631798 NaN
873.5 910.99 0.8814044906566736 NaN
873.5 915.43 0.8732826979189688 NaN
873.5 919.91 0.8647037311854031 NaN
873.5 924.41 0.8565946759067861 NaN
873.5 928.94 0.8486439341318792 NaN
873.5 933.50 0.8401530844518031 NaN
873.5 938.09 0.8316017235228615 NaN
873.5 942.70 0.8237193508899179 NaN
873.5 947.35 0.8167056837637506 NaN
873.5 952.74 0.8085231087085422 NaN
873.5 957.41 0.8013281251813751 NaN
873.5 962.11 0.7951609681735781 NaN
873.5 966.83 0.7894115027068471 NaN
873.5 971.58 0.7834020709851152 NaN
873.5 976.35 0.7766434291027112 NaN
873.5 981.15 0.7692405988127022 NaN
873.5 985.98 0.7616253738952445 NaN
873.5 990.82 0.7537880637331937 NaN
873.5 995.70 0.7457749857147224 NaN
873.5 1000.59 0.7382358103061496 NaN
873.5 1005.51 0.7312585105763043 NaN
873.5 1010.45 0.7248685130781046 NaN
873.5 1015.42 0.7181985309428192 NaN
873.5 1020.41 0.7115346585570426 NaN
873.5 1025.41 0.7051612208677385 NaN
873.5 1030.44 0.6985379741132582 NaN
873.5 1035.49 0.6915027911418762 NaN
873.5 1040.57 0.6842263194136803 NaN
873.5 1045.66 0.6769402529345169 NaN
873.5 1050.77 0.669259063125543 NaN
873.5 1055.90 0.660921961659634 NaN
873.5 1061.04 0.652429725508876 NaN
873.5 1066.21 0.6437871199204233 NaN
873.5 1071.39 0.6353938019736383 NaN
873.5 1076.59 0.6275735441937755 NaN
873.5 1081.81 0.6204264251898324 NaN
873.5 1087.04 0.6141889829854331 NaN
873.5 1092.29 0.6085972236782693 NaN
873.5 1097.55 0.6034137209129974 NaN
873.5 1102.83 0.5984488116835891 NaN
873.5 1108.13 0.5933038755387191 NaN
873.5 1113.43 0.5877835492005261 NaN
873.5 1118.75 0.582197650676754 NaN
873.5 1124.09 0.5764187056216836 NaN
873.5 1129.43 0.5705153985329863 NaN
873.5 1134.79 0.5645914505254047 NaN
873.5 1140.16 0.5587802010322803 NaN
873.5 1145.53 0.5530854348974483 NaN
873.5 1150.92 0.5470805452984425 NaN
873.5 1156.32 0.540990763375768 NaN
873.5 1161.73 0.535034020509857 NaN
873.5 1167.15 0.529084780340607 NaN
873.5 1172.57 0.5230175734379686 NaN
873.5 1178.01 0.5170680311648963 NaN
873.5 1183.45 0.5115828541156228 NaN
873.5 1188.90 0.5065662922612172 NaN
873.5 1194.35 0.5017107726362637 NaN
873.5 1199.82 0.497215815826539 NaN
873.5 1205.28 0.49319769561190197 NaN
873.5 1210.76 0.489234078468985 NaN
873.5 1216.23 0.4852723326629668 NaN
873.5 1221.72 0.48123501530511414 NaN
873.5 1227.20 0.4769887624938715 NaN
873.5 1232.69 0.4725464757329437 NaN
873.5 1238.19 0.46794090002752126 NaN
873.5 1243.68 0.46332632971155324 NaN
873.5 1249.18 0.4583710237621898 NaN
873.5 1254.68 0.453164685528398 NaN
873.5 1260.19 0.4481849563153719 NaN
873.5 1265.69 0.4434335524407143 NaN
873.5 1271.20 0.43883910786729763 NaN
873.5 1276.70 0.43456713891290666 NaN
873.5 1282.21 0.43073302777021916 NaN
873.5 1287.72 0.42732679339638546 NaN
873.5 1293.22 0.42397121237754154 NaN
873.5 1298.73 0.42046549983861636 NaN
873.5 1304.24 0.4169749423282984 NaN
873.5 1309.74 0.41341814500331403 NaN
873.5 1315.24 0.40986200761281655 NaN
873.5 1320.74 0.40636756154651305 NaN
873.5 1326.24 0.4028771677141052 NaN
873.5 1331.74 0.39943646010099143 NaN
873.5 1337.23 0.3959490000134227 NaN
873.5 1342.72 0.39232591219520185 NaN
873.5 1348.21 0.38866232286520097 NaN
873.5 1353.69 0.38502913764814317 NaN
873.5 1359.17 0.38141589069542364 NaN
873.5 1364.64 0.37795313391767194 NaN
873.5 1370.12 0.3745865002963552 NaN
873.5 1375.58 0.3713615144085644 NaN
873.5 1381.04 0.3680395685538233 NaN
873.5 1386.50 0.36472046578655537 NaN
873.5 1391.95 0.3613037852558834 NaN
873.5 1397.40 0.35773400511928477 NaN
873.5 1402.84 0.3542426603790669 NaN
873.5 1408.28 0.3507437615408996 NaN
873.5 1413.71 0.3472393426663425 NaN
873.5 1419.13 0.3438625612788854 NaN
873.5 1424.55 0.3405706036590293 NaN
873.5 1429.96 0.33749995905299796 NaN
873.5 1435.36 0.33452941446943235 NaN
873.5 1440.76 0.3316632725058771 NaN
873.5 1446.15 0.3290593101585922 NaN
873.5 1451.54 0.3263998548252363 NaN
873.5 1456.91 0.3235968396665992 NaN
873.5 1462.28 0.3208632595090846 NaN
873.5 1467.64 0.31795040890187215 NaN
873.5 1473.00 0.3147031445216335 NaN
873.5 1478.34 0.31152256111615395 NaN
873.5 1483.68 0.3084808475380892 NaN
873.5 1489.01 0.3057358443212086 NaN
873.5 1494.33 0.3033661926717464 NaN
873.5 1499.65 0.3011803167184575 NaN
873.5 1504.95 0.29945337232918473 NaN
873.5 1510.25 0.2978907165761364 NaN
873.5 1515.54 0.2961389242835182 NaN
873.5 1520.82 0.2942924837123573 NaN
873.5 1526.09 0.2922432820018765 NaN
873.5 1531.36 0.28977042881147036 NaN
873.5 1536.61 0.2870063492085596 NaN
873.5 1541.86 0.28392536798588136 NaN
873.5 1547.09 0.2804610118783344 NaN
873.5 1552.32 0.2768731767816928 NaN
873.5 1557.54 0.2731613695248682 NaN
873.5 1562.75 0.2695224289171928 NaN
873.5 1567.95 0.2662566155575962 NaN
873.5 1573.14 0.2633841944910069 NaN
873.5 1578.32 0.2610093452778182 NaN
873.5 1583.49 0.2588745273596281 NaN
873.5 1588.65 0.25699037675952047 NaN
873.5 1593.80 0.255338135233983 NaN
873.5 1598.95 0.2536721225435542 NaN
873.5 1601.18 0.2523150553179538 NaN
873.5 1616.86 0.24722750101073804 NaN
873.5 1632.42 0.24166144602784376 NaN
873.5 1647.91 0.23491146666622367 NaN
873.5 1663.31 0.22856662300652053 NaN
873.5 1678.61 0.22208326243945917 NaN
873.5 1693.82 0.21622686580445924 NaN
873.5 1708.93 0.20906593805003917 NaN
873.5 1723.95 0.20152543221608318 NaN
873.5 1738.86 0.19625591192522257 NaN
873.5 1753.69 0.19114194493441786 NaN
873.5 1768.43 0.18590235312483674 NaN
873.5 1783.07 0.17921161458114557 NaN
873.5 1797.62 0.17362266565302298 NaN
873.5 1812.08 0.1687269030584239 NaN
873.5 1826.44 0.16523161260753946 NaN
873.5 1840.72 0.16023934120172506 NaN
873.5 1854.90 0.15564120067495388 NaN
873.5 1869.00 0.1504630208721784 NaN
873.5 1883.00 0.14808770543946453 NaN
873.5 1896.92 0.1462834035492453 NaN
873.5 1910.75 0.1418046662189967 NaN
873.5 1924.48 0.13695214341721126 NaN
873.5 1938.13 0.13329160845435617 NaN
873.5 1951.71 0.13034602783014113 NaN
873.5 1965.19 0.1282098960679659 NaN
873.5 1978.59 0.12584751381172665 NaN
873.5 1991.92 0.12301253947324518 NaN
873.5 2005.15 0.12037972111820279 NaN
873.5 2018.31 0.11783723764081563 NaN
873.5 2031.38 0.11562346534897777 NaN
873.5 2044.38 0.1131594654787723 NaN
873.5 2057.30 0.10974977596459942 NaN
873.5 2070.13 0.107356877430467 NaN
873.5 2082.89 0.10560238819202769 NaN
873.5 2095.58 0.10286374391695964 NaN
873.5 2108.19 0.10012813958416546 NaN
873.5 2120.73 0.09824333504550006 NaN
873.5 2133.20 0.09635158838566182 NaN
873.5 2145.59 0.09333217605789228 NaN
873.5 2157.91 0.09132456662125117 NaN
873.5 2170.15 0.09015266412222689 NaN
873.5 2182.34 0.08908470852427916 NaN
873.5 2194.44 0.087178598228895 NaN
873.5 2206.48 0.08568574296171722 NaN
873.5 2218.45 0.08472506033104846 NaN
873.5 2230.36 0.08237068551991326 NaN
873.5 2242.20 0.08058022544495062 NaN
873.5 2253.97 0.07894089465635908 NaN
873.5 2265.68 0.07701297011914518 NaN
873.5 2277.33 0.0762564178168478 NaN
873.5 2288.91 0.07432751413830785 NaN
873.5 2300.43 0.07305269842466898 NaN
873.5 2311.89 0.07184035821301815 NaN
873.5 2323.28 0.07055210119972165 NaN
873.5 2334.63 0.0690093788668246 NaN
873.5 2345.90 0.06780031922208582 NaN
873.5 2357.11 0.06668809332204174 NaN
873.5 2368.28 0.06444880495256021 NaN
873.5 2379.37 0.06405042646699373 NaN
873.5 2390.42 0.06330237484614246 NaN

