# from Cheng 1999, https://web.archive.org/web/20010303004339/http://ams-bmc.srrc.gov.tw:80/database.htm
# aka http://140.110.206.16/wp-content/uploads/2014/02/H2O-HOD-and-D2O.pdf
#λ	 H2O		HDO	 	D2O
# nm cm2/molecule cm2/molecule cm2/molecule
140	7.81E-19	3.47E-19	 6.72E-19
140.2	7.36E-19	3.4E-19	 	4.13E-19
140.4	7.58E-19	2.36E-19	 5.45E-19
140.6	8.41E-19	2.82E-19	 4.51E-19
140.8	8.49E-19	2.31E-19	 5.86E-19
141	8.42E-19	2.76E-19	 5.33E-19
141.2	7.86E-19	2.54E-19	 4.7E-19
141.4	7.1E-19	 	2.78E-19	 3.72E-19
141.6	6.93E-19	2.12E-19	 4.67E-19
141.8	6.39E-19	2.49E-19	 4.86E-19
142	6.32E-19	2.68E-19	 3.27E-19
142.2	5.59E-19	2.52E-19	 3.2E-19
142.4	5.71E-19	2.87E-19	 3.6E-19
142.6	5.97E-19	2.19E-19	 3.82E-19
142.8	6.11E-19	2.48E-19	 3.27E-19
143	6.2E-19	 	2.07E-19	 3.77E-19
143.2	5.86E-19	2.55E-19	 3.92E-19
143.4	5.9E-19	 	2.76E-19	 3.5E-19
143.6	6.02E-19	2.48E-19	 3.12E-19
143.8	6.12E-19	2.85E-19	 3.73E-19
144	6.09E-19	3.2E-19	 	3.95E-19
144.2	6.01E-19	3.04E-19	 4.16E-19
144.4	6.12E-19	2.69E-19	 4.64E-19
144.6	6.01E-19	3.33E-19	 3.86E-19
144.8	6.24E-19	3.51E-19	 3.99E-19
145	6.42E-19	3.67E-19	 4.04E-19
145.2	6.72E-19	4.01E-19	 4.88E-19
145.4	6.57E-19	3.74E-19	 5.51E-19
145.6	6.89E-19	4.3E-19	 	4.45E-19
145.8	6.98E-19	4.34E-19	 4.88E-19
146	7.32E-19	4.18E-19	 6.73E-19
146.2	7.39E-19	4.71E-19	 6.81E-19
146.4	7.99E-19	4.92E-19	 5.23E-19
146.6	7.92E-19	5.24E-19	 6.19E-19
146.8	8.1E-19	 	5.08E-19	 8.27E-19
147	8.2E-19	 	5.62E-19	 5.6E-19
147.2	8.76E-19	5.84E-19	 7.31E-19
147.4	8.89E-19	6.36E-19	 5.14E-19
147.6	9.13E-19	6.58E-19	 7.73E-19
147.8	9.47E-19	6.99E-19	 7.47E-19
148	9.67E-19	7.17E-19	 7.56E-19
148.2	1.02E-18	7.4E-19	 	 7.51E-19
148.4	1.05E-18	7.97E-19	 8.72E-19
148.6	1.08E-18	7.89E-19	 8.29E-19
148.8	1.12E-18	8.87E-19	 8.83E-19
149	1.15E-18	8.73E-19	 1.15E-18
149.2	1.17E-18	9.28E-19	 1.06E-18
149.4	1.22E-18	9.5E-19	 	1.08E-18
149.6	1.26E-18	1.07E-18	 1.02E-18
149.8	1.28E-18	1.03E-18	 1.15E-18
150	1.33E-18	1.15E-18	 1.1E-18
150.2	1.37E-18	1.16E-18	 1.24E-18
150.4	1.43E-18	1.2E-18	 	1.18E-18
150.6	1.45E-18	1.19E-18	 1.35E-18
150.8	1.5E-18	 	1.29E-18	 1.39E-18
151	1.55E-18	1.35E-18	 1.29E-18
151.2	1.59E-18	1.44E-18	 1.39E-18
151.4	1.64E-18	1.47E-18	 1.15E-18
151.6	1.7E-18	 	1.54E-18	 1.42E-18
151.8	1.74E-18	1.62E-18	 1.45E-18
152	1.76E-18	1.62E-18	 1.84E-18
152.2	1.82E-18	1.68E-18	 1.89E-18
152.4	1.9E-18	 	1.81E-18	 1.96E-18
152.6	1.94E-18	1.82E-18	 2.11E-18
152.8	1.98E-18	1.94E-18	 2.18E-18
153	2.07E-18	2E-18	 	2.38E-18
153.2	2.11E-18	2.05E-18	 2.18E-18
153.4	2.17E-18	2.15E-18	 2.16E-18
153.6	2.23E-18	2.26E-18	 2.39E-18
153.8	2.27E-18	2.33E-18	 2.45E-18
154	2.35E-18	2.4E-18	 	2.48E-18
154.2	2.4E-18	 	2.5E-18	 	2.66E-18
154.4	2.43E-18	2.52E-18	 2.74E-18
154.6	2.5E-18	 	2.71E-18	 2.45E-18
154.8	2.54E-18	2.77E-18	 2.71E-18
155	2.67E-18	2.85E-18	 2.73E-18
155.2	2.7E-18	 	2.9E-18	 	3.09E-18
155.4	2.77E-18	3.03E-18	 3.09E-18
155.6	2.8E-18	 	3.11E-18	 2.98E-18
155.8	2.89E-18	3.17E-18	 3.32E-18
156	2.93E-18	3.31E-18	 3.15E-18
156.2	3.01E-18	3.38E-18	 3.37E-18
156.4	3.06E-18	3.53E-18	 3.4E-18
156.6	3.15E-18	3.56E-18	 3.51E-18
156.8	3.21E-18	3.69E-18	 3.71E-18
157	3.26E-18	3.79E-18	 3.65E-18
157.2	3.31E-18	3.88E-18	 4.01E-18
157.4	3.39E-18	3.94E-18	 3.84E-18
157.6	3.55E-18	4.04E-18	 4.02E-18
157.8	3.57E-18	4.18E-18	 4.09E-18
158	3.63E-18	4.27E-18	 4.13E-18
158.2	3.66E-18	4.34E-18	 4.1E-18
158.4	3.81E-18	4.51E-18	 4.2E-18
158.6	3.77E-18	4.56E-18	 4.31E-18
158.8	3.86E-18	4.66E-18	 4.32E-18
159	3.89E-18	4.75E-18	 4.77E-18
159.2	4.03E-18	4.84E-18	 4.68E-18
159.4	4.14E-18	5E-18	 	4.6E-18
159.6	4.24E-18	5.04E-18	 4.8E-18
159.8	4.26E-18	5.16E-18	 4.75E-18
160	4.33E-18	5.26E-18	 4.92E-18
160.2	4.42E-18	5.34E-18	 4.88E-18
160.4	4.45E-18	5.44E-18	 5.09E-18
160.6	4.56E-18	5.53E-18	 5.03E-18
160.8	4.48E-18	5.59E-18	 5.24E-18
161	4.67E-18	5.71E-18	 5.31E-18
161.2	4.67E-18	5.82E-18	 5.36E-18
161.4	4.77E-18	5.94E-18	 5.25E-18
161.6	4.76E-18	6.02E-18	 5.49E-18
161.8	4.92E-18	6.09E-18	 5.47E-18
162	4.91E-18	6.16E-18	 5.52E-18
162.2	4.94E-18	6.23E-18	 5.58E-18
162.4	5.04E-18	6.32E-18	 5.61E-18
162.6	5.11E-18	6.34E-18	 5.68E-18
162.8	5.12E-18	6.37E-18	 5.73E-18
163	5.2E-18	 	6.49E-18	 5.85E-18
163.2	5.24E-18	6.52E-18	 5.72E-18
163.4	5.3E-18	 	6.52E-18	 5.97E-18
163.6	5.33E-18	6.61E-18	 6.07E-18
163.8	5.34E-18	6.65E-18	 5.86E-18
164	5.38E-18	6.64E-18	 6.17E-18
164.2	5.41E-18	6.68E-18	 6.12E-18
164.4	5.55E-18	6.73E-18	 6.18E-18
164.6	5.55E-18	6.78E-18	 6.22E-18
164.8	5.55E-18	6.8E-18	 6.24E-18
165	5.64E-18	6.84E-18	 6.24E-18
165.2	5.63E-18	6.93E-18	 6.29E-18
165.4	5.66E-18	6.93E-18	 6.32E-18
165.6	5.67E-18	6.95E-18	 6.36E-18
165.8	5.68E-18	6.95E-18	 6.46E-18
166	5.73E-18	6.94E-18	 6.19E-18
166.2	5.76E-18	6.94E-18	 6.2E-18
166.4	5.77E-18	6.89E-18	 6.33E-18
166.6	5.74E-18	6.84E-18	 6.15E-18
166.8	5.71E-18	6.82E-18	 6.13E-18
167	5.75E-18	6.78E-18	 6.29E-18
167.2	5.68E-18	6.66E-18	 6.25E-18
167.4	5.76E-18	6.62E-18	 6.19E-18
167.6	5.72E-18	6.56E-18	 6E-18
167.8	5.67E-18	6.48E-18	 6.15E-18
168	5.67E-18	6.42E-18	 6.12E-18
168.2	5.65E-18	6.34E-18	 6.05E-18
168.4	5.65E-18	6.28E-18	 5.97E-18
168.6	5.62E-18	6.24E-18	 5.95E-18
168.8	5.63E-18	6.19E-18	 5.78E-18
169	5.6E-18	 	6.13E-18	 5.8E-18
169.2	5.56E-18	6.09E-18	 5.77E-18
169.4	5.61E-18	6E-18	 	5.65E-18
169.6	5.56E-18	5.94E-18	 5.65E-18
169.8	5.53E-18	5.86E-18	 5.55E-18
170	5.54E-18	5.77E-18	 5.68E-18
170.2	5.46E-18	5.68E-18	 5.32E-18
170.4	5.37E-18	5.56E-18	 5.38E-18
170.6	5.4E-18	 	5.4E-18	 	5.19E-18
170.8	5.33E-18	5.27E-18	 5.14E-18
171	5.22E-18	5.11E-18	 5.18E-18
171.2	5.15E-18	4.95E-18	 4.98E-18
171.4	5.09E-18	4.78E-18	 4.85E-18
171.6	4.99E-18	4.6E-18	 4.76E-18
171.8	4.87E-18	4.39E-18	 4.64E-18
172	4.79E-18	4.26E-18	 4.5E-18
172.2	4.74E-18	4.12E-18	 4.36E-18
172.4	4.6E-18	 	3.95E-18	 4.12E-18
172.6	4.52E-18	3.82E-18	 4.09E-18
172.8	4.47E-18	3.72E-18	 3.92E-18
173	4.31E-18	3.61E-18	 3.9E-18
173.2	4.22E-18	3.47E-18	 3.74E-18
173.4	4.15E-18	3.38E-18	 3.61E-18
173.6	4.01E-18	3.27E-18	 3.57E-18
173.8	4.02E-18	3.13E-18	 3.57E-18
174	3.89E-18	3.02E-18	 3.54E-18
174.2	3.78E-18	2.93E-18	 3.3E-18
174.4	3.74E-18	2.83E-18	 3.15E-18
174.6	3.6E-18	 	2.67E-18	 3.18E-18
174.8	3.46E-18	2.58E-18	 3.02E-18
175	3.37E-18	2.43E-18	 2.86E-18
175.2	3.3E-18	 	2.27E-18	 2.84E-18
175.4	3.24E-18	2.12E-18	 2.78E-18
175.6	3.17E-18	1.95E-18	 2.6E-18
175.8	3.1E-18	 	1.77E-18	 2.58E-18
176	3.01E-18	1.63E-18	 2.36E-18
176.2	2.91E-18	1.48E-18	 2.23E-18
176.4	2.83E-18	1.34E-18	 2.19E-18
176.6	2.74E-18	1.23E-18	 1.89E-18
176.8	2.63E-18	1.08E-18	 1.82E-18
177	2.51E-18	9.51E-19	 1.76E-18
177.2	2.39E-18	8.27E-19	 1.65E-18
177.4	2.33E-18	7.52E-19	 1.44E-18
177.6	2.2E-18	 	6.54E-19	 1.51E-18
177.8	2.07E-18	5.69E-19	 1.24E-18
178	1.96E-18	4.98E-19	 1.09E-18
178.2	1.81E-18	4.09E-19	 1.17E-18
178.4	1.7E-18	 	3.57E-19	 8.47E-19
178.6	1.58E-18	3.33E-19	 7.94E-19
178.8	1.44E-18	2.92E-19	 8.26E-19
179	1.34E-18	2.65E-19	 6.37E-19
179.2	1.23E-18	2.16E-19	 6.59E-19
179.4	1.13E-18	1.84E-19	 4.38E-19
179.6	1.03E-18	1.75E-19	 4.21E-19
179.8	9.4E-19	 	1.56E-19	 3.95E-19
180	8.42E-19	1.24E-19	 4.04E-19
180.2	7.62E-19	1.07E-19	 2.44E-19
180.4	6.94E-19	6.42E-20	 3.18E-19
180.6	6.28E-19	6.98E-20	 2.3E-19
180.8	5.57E-19	6.83E-20	 1.7E-19
181	5.04E-19	5.6E-20	 	1.5E-19
181.2	4.52E-19	4.69E-20	 1.92E-19
181.4	4.03E-19	3.93E-20	 1.71E-19
181.6	3.63E-19	2.25E-20	 2.15E-19
181.8	3.3E-19	 	2.89E-20	 5.2E-20
#182	2.96E-19		0	0 
#182.2	2.69E-19	0	0	 
#182.4	2.47E-19	0	0	 
#182.6	2.23E-19	0	0	 
#182.8	1.93E-19	0	0	 
#183	1.77E-19		0	0 
#183.2	1.61E-19	0	0	 
#183.4	1.37E-19	0	0	 
#183.6	1.25E-19	0	0	 
#183.8	1.2E-19		0	0 
#184	1.03E-19		0	0 
#184.2	9.97E-20	0	0	 
#184.4	8.42E-20	0	0	 
#184.6	7.89E-20	0	0	 
#184.8	6.55E-20	0	0	 
#185	6.37E-20		0	0 
#185.2	5.52E-20	0	0	 
#185.4	5.36E-20	0	0	 
#185.6	4.64E-20	0	0	 
#185.8	4.22E-20	0	0	 
#186	3.68E-20		0	0 
#186.2	3.5E-20		0	0 
#186.4	2.96E-20	0	0	 
#186.6	2.65E-20	0	0	 
#186.8	2.28E-20	0	0	 
#187	2E-20		0	0
#187.2	1.94E-20	0	0	
#187.4	1.69E-20	0	0	
#187.6	1.44E-20	0	0	
#187.8	1.27E-20	0	0	
#188	1.17E-20		0	0
#188.2	1.09E-20	0	0	
#188.4	1.06E-20	0	0	
#188.6	9.41E-21	0	0	
#188.8	8.19E-21	0	0	
#189	7.9E-21		0	0
#189.2	7.34E-21	0	0	
#189.4	5.95E-21	0	0	
#189.6	5.61E-21	0	0	
#189.8	4.58E-21	0	0	
