# from Cheng 1999, https://web.archive.org/web/20010303004339/http://ams-bmc.srrc.gov.tw:80/database.htm
# aka http://140.110.206.16/wp-content/uploads/2014/02/H2O-HOD-and-D2O.pdf
# lambda  H2O	   HDO	     D2O
# nm     cm2/molecule      cm2/molecule      cm2/molecule
140	7.15E-19	3.64E-19	6.17E-19
140.2	7.04E-19	3.35E-19	5.87E-19
140.4	7.36E-19	2.98E-19	5.59E-19
140.6	7.78E-19	2.76E-19	5.42E-19
140.8	8.23E-19	2.88E-19	5.17E-19
141	7.89E-19	2.98E-19	5.03E-19
141.2	7.29E-19	2.95E-19	4.84E-19
141.4	6.65E-19	2.81E-19	4.73E-19
141.6	6.41E-19	2.71E-19	4.57E-19
141.8	6.07E-19	2.62E-19	4.45E-19
142	5.71E-19	2.51E-19	4.36E-19
142.2	5.45E-19	2.44E-19	4.24E-19
142.4	5.46E-19	2.67E-19	4.13E-19
142.6	5.62E-19	2.62E-19	4.08E-19
142.8	5.98E-19	2.73E-19	3.98E-19
143	5.89E-19	2.59E-19	3.89E-19
143.2	5.62E-19	2.85E-19	3.73E-19
143.4	5.59E-19	2.77E-19	3.73E-19
143.6	5.54E-19	2.97E-19	3.74E-19
143.8	5.75E-19	2.99E-19	3.76E-19
144	5.81E-19	3.04E-19	3.84E-19
144.2	5.69E-19	3.22E-19	3.97E-19
144.4	5.72E-19	3.36E-19	4.03E-19
144.6	5.82E-19	3.54E-19	4.22E-19
144.8	6.03E-19	3.66E-19	4.46E-19
145	6.12E-19	3.83E-19	4.66E-19
145.2	6.23E-19	3.91E-19	4.84E-19
145.4	6.39E-19	4.17E-19	5E-19
145.6	6.55E-19	4.36E-19	5.1E-19
145.8	6.65E-19	4.52E-19	5.23E-19
146	6.95E-19	4.69E-19	5.35E-19
146.2	7.23E-19	4.9E-19	5.55E-19
146.4	7.4E-19	5.15E-19	5.78E-19
146.6	7.6E-19	5.44E-19	5.79E-19
146.8	7.78E-19	5.58E-19	5.87E-19
147	8.04E-19	5.93E-19	6.06E-19
147.2	8.32E-19	6.2E-19	6.44E-19
147.4	8.55E-19	6.36E-19	6.73E-19
147.6	8.76E-19	6.61E-19	7.1E-19
147.8	9.06E-19	7.11E-19	7.35E-19
148	9.35E-19	7.38E-19	7.9E-19
148.2	9.5E-19	7.65E-19	7.94E-19
148.4	1.01E-18	8.04E-19	8.2E-19
148.6	1.04E-18	8.27E-19	8.49E-19
148.8	1.07E-18	8.8E-19	8.9E-19
149	1.1E-18	9.09E-19	8.91E-19
149.2	1.1E-18	9.37E-19	9.47E-19
149.4	1.13E-18	9.67E-19	9.82E-19
149.6	1.21E-18	9.84E-19	1.03E-18
149.8	1.22E-18	1.08E-18	1.05E-18
150	1.27E-18	1.14E-18	1.12E-18
150.2	1.32E-18	1.18E-18	1.16E-18
150.4	1.31E-18	1.2E-18	1.19E-18
150.6	1.4E-18	1.26E-18	1.26E-18
150.8	1.4E-18	1.33E-18	1.33E-18
151	1.5E-18	1.38E-18	1.37E-18
151.2	1.52E-18	1.48E-18	1.42E-18
151.4	1.58E-18	1.53E-18	1.47E-18
151.6	1.66E-18	1.58E-18	1.5E-18
151.8	1.66E-18	1.68E-18	1.56E-18
152	1.74E-18	1.74E-18	1.61E-18
152.2	1.81E-18	1.8E-18	1.65E-18
152.4	1.88E-18	1.87E-18	1.77E-18
152.6	1.9E-18	1.94E-18	1.84E-18
152.8	1.96E-18	1.98E-18	1.95E-18
153	2E-18	2.08E-18	2.07E-18
153.2	2.05E-18	2.14E-18	2.2E-18
153.4	2.06E-18	2.22E-18	2.3E-18
153.6	2.16E-18	2.29E-18	2.38E-18
153.8	2.23E-18	2.34E-18	2.46E-18
154	2.24E-18	2.45E-18	2.51E-18
154.2	2.39E-18	2.54E-18	2.57E-18
154.4	2.36E-18	2.59E-18	2.61E-18
154.6	2.49E-18	2.71E-18	2.7E-18
154.8	2.5E-18	2.74E-18	2.72E-18
155	2.57E-18	2.83E-18	2.77E-18
155.2	2.6E-18	2.91E-18	2.8E-18
155.4	2.63E-18	3.11E-18	2.86E-18
155.6	2.71E-18	3.12E-18	2.93E-18
155.8	2.79E-18	3.24E-18	3.04E-18
156	2.84E-18	3.35E-18	3.16E-18
156.2	2.93E-18	3.4E-18	3.23E-18
156.4	3E-18	3.5E-18	3.3E-18
156.6	3.04E-18	3.59E-18	3.37E-18
156.8	3.1E-18	3.75E-18	3.42E-18
157	3.18E-18	3.72E-18	3.51E-18
157.2	3.23E-18	3.82E-18	3.6E-18
157.4	3.31E-18	3.93E-18	3.71E-18
157.6	3.39E-18	4.09E-18	3.76E-18
157.8	3.45E-18	4.22E-18	3.88E-18
158	3.5E-18	4.32E-18	3.97E-18
158.2	3.61E-18	4.36E-18	4.07E-18
158.4	3.68E-18	4.47E-18	4.17E-18
158.6	3.72E-18	4.55E-18	4.33E-18
158.8	3.79E-18	4.69E-18	4.38E-18
159	3.81E-18	4.74E-18	4.47E-18
159.2	3.85E-18	4.83E-18	4.54E-18
159.4	3.98E-18	4.94E-18	4.6E-18
159.6	4.03E-18	5.07E-18	4.63E-18
159.8	4.06E-18	5.13E-18	4.67E-18
160	4.14E-18	5.23E-18	4.96E-18
160.2	4.23E-18	5.38E-18	4.84E-18
160.4	4.32E-18	5.43E-18	4.71E-18
160.6	4.34E-18	5.56E-18	5.1E-18
160.8	4.4E-18	5.6E-18	5.03E-18
161	4.49E-18	5.74E-18	5.04E-18
161.2	4.57E-18	5.76E-18	5.44E-18
161.4	4.5E-18	5.82E-18	5.35E-18
161.6	4.63E-18	6.02E-18	5.33E-18
161.8	4.65E-18	6.05E-18	5.49E-18
162	4.73E-18	6.13E-18	5.65E-18
162.2	4.75E-18	6.21E-18	5.53E-18
162.4	4.78E-18	6.29E-18	5.67E-18
162.6	4.88E-18	6.4E-18	5.66E-18
162.8	4.94E-18	6.36E-18	5.73E-18
163	4.97E-18	6.41E-18	5.89E-18
163.2	5.1E-18	6.51E-18	5.91E-18
163.4	5.05E-18	6.56E-18	5.97E-18
163.6	5.12E-18	6.54E-18	5.98E-18
163.8	5.2E-18	6.57E-18	5.98E-18
164	5.21E-18	6.58E-18	6E-18
164.2	5.23E-18	6.68E-18	6.15E-18
164.4	5.26E-18	6.71E-18	6.22E-18
164.6	5.35E-18	6.73E-18	6.28E-18
164.8	5.42E-18	6.76E-18	6.15E-18
165	5.47E-18	6.85E-18	6.3E-18
165.2	5.41E-18	6.88E-18	6.22E-18
165.4	5.47E-18	6.9E-18	6.32E-18
165.6	5.45E-18	6.9E-18	6.22E-18
165.8	5.5E-18	6.88E-18	6.42E-18
166	5.5E-18	6.88E-18	6.33E-18
166.2	5.47E-18	6.83E-18	6.47E-18
166.4	5.52E-18	6.8E-18	6.38E-18
166.6	5.47E-18	6.8E-18	6.38E-18
166.8	5.52E-18	6.71E-18	6.31E-18
167	5.47E-18	6.72E-18	6.06E-18
167.2	5.5E-18	6.64E-18	6.18E-18
167.4	5.45E-18	6.55E-18	6.27E-18
167.6	5.48E-18	6.47E-18	6.2E-18
167.8	5.39E-18	6.37E-18	6.27E-18
168	5.46E-18	6.37E-18	6.06E-18
168.2	5.41E-18	6.3E-18	5.96E-18
168.4	5.38E-18	6.19E-18	6.13E-18
168.6	5.46E-18	6.16E-18	6.05E-18
168.8	5.39E-18	6.11E-18	5.96E-18
169	5.37E-18	6.1E-18	5.8E-18
169.2	5.38E-18	6.03E-18	5.9E-18
169.4	5.39E-18	5.95E-18	5.9E-18
169.6	5.35E-18	5.9E-18	5.78E-18
169.8	5.29E-18	5.81E-18	5.76E-18
170	5.29E-18	5.68E-18	5.64E-18
170.2	5.26E-18	5.59E-18	5.62E-18
170.4	5.2E-18	5.47E-18	5.42E-18
170.6	5.15E-18	5.38E-18	5.25E-18
170.8	5.11E-18	5.17E-18	5.24E-18
171	5.04E-18	5.03E-18	5.09E-18
171.2	4.96E-18	4.88E-18	4.95E-18
171.4	4.86E-18	4.67E-18	4.89E-18
171.6	4.83E-18	4.5E-18	4.77E-18
171.8	4.7E-18	4.31E-18	4.72E-18
172	4.68E-18	4.21E-18	4.49E-18
172.2	4.48E-18	4.06E-18	4.38E-18
172.4	4.43E-18	3.89E-18	4.38E-18
172.6	4.33E-18	3.76E-18	4.23E-18
172.8	4.23E-18	3.64E-18	4.12E-18
173	4.13E-18	3.54E-18	4.01E-18
173.2	4E-18	3.42E-18	3.83E-18
173.4	3.91E-18	3.33E-18	3.77E-18
173.6	3.83E-18	3.22E-18	3.65E-18
173.8	3.81E-18	3.11E-18	3.62E-18
174	3.69E-18	3.01E-18	3.5E-18
174.2	3.62E-18	2.89E-18	3.41E-18
174.4	3.55E-18	2.76E-18	3.34E-18
174.6	3.49E-18	2.62E-18	3.29E-18
174.8	3.41E-18	2.49E-18	3.17E-18
175	3.38E-18	2.35E-18	3.03E-18
175.2	3.28E-18	2.22E-18	2.9E-18
175.4	3.24E-18	2.06E-18	2.83E-18
175.6	3.18E-18	1.92E-18	2.72E-18
175.8	3.08E-18	1.78E-18	2.59E-18
176	3.03E-18	1.61E-18	2.48E-18
176.2	2.91E-18	1.46E-18	2.36E-18
176.4	2.84E-18	1.24E-18	2.31E-18
176.6	2.72E-18	1.11E-18	2.17E-18
176.8	2.65E-18	9.94E-19	2.05E-18
177	2.53E-18	8.73E-19	1.92E-18
177.2	2.4E-18	7.97E-19	1.71E-18
177.4	2.29E-18	7.1E-19	1.57E-18
177.6	2.19E-18	6.17E-19	1.43E-18
177.8	2.06E-18	5.24E-19	1.34E-18
178	1.92E-18	4.61E-19	1.22E-18
178.2	1.8E-18	4.02E-19	1.1E-18
178.4	1.67E-18	3.52E-19	9.82E-19
178.6	1.55E-18	3.08E-19	8.89E-19
178.8	1.45E-18	2.65E-19	7.92E-19
179	1.32E-18	2.31E-19	6.92E-19
179.2	1.19E-18	2.04E-19	6.32E-19
179.4	1.12E-18	1.78E-19	5.42E-19
179.6	1.02E-18	1.53E-19	4.91E-19
179.8	9.29E-19	1.37E-19	4.28E-19
180	8.46E-19	1.2E-19	3.83E-19
180.2	7.62E-19	1.05E-19	3.42E-19
180.4	6.87E-19	9.26E-20	3.1E-19
180.6	6.22E-19	8.13E-20	2.65E-19
180.8	5.61E-19	7.12E-20	2.37E-19
181	5.02E-19	6.32E-20	2.15E-19
181.2	4.52E-19	5.53E-20	1.94E-19
181.4	4.05E-19	4.86E-20	1.73E-19
181.6	3.64E-19	4.32E-20	1.56E-19
181.8	3.29E-19	3.84E-20	1.4E-19
182	2.95E-19	3.4E-20	1.25E-19
182.2	2.7E-19	3E-20	1.13E-19
182.4	2.44E-19	2.66E-20	1E-19
182.6	2.19E-19	2.36E-20	9E-20
182.8	1.95E-19	2.14E-20	8.1E-20
183	1.77E-19	1.88E-20	7.41E-20
183.2	1.6E-19	1.68E-20	6.57E-20
183.4	1.45E-19	1.48E-20	6.05E-20
183.6	1.3E-19	1.3E-20	5.51E-20
183.8	1.18E-19	1.2E-20	4.85E-20
184	1.06E-19	1.05E-20	4.51E-20
184.2	9.57E-20	9.52E-21	3.98E-20
184.4	8.58E-20	8.46E-21	3.52E-20
184.6	7.72E-20	7.33E-21	3.33E-20
184.8	6.9E-20	7.09E-21	3E-20
185	6.25E-20	5.92E-21	2.73E-20
185.2	5.63E-20	5.3E-21	2.59E-20
185.4	5.13E-20	5.14E-21	2.1E-20
185.6	4.59E-20	4.1E-21	1.95E-20
185.8	4.15E-20	3.86E-21	1.99E-20
186	3.7E-20	3.55E-21	1.66E-20
186.2	3.49E-20	3.08E-21	1.36E-20
186.4	3.07E-20	2.73E-21	1.29E-20
186.6	2.77E-20	2.41E-21	1.14E-20
186.8	2.47E-20	2.23E-21	1.12E-20
187	2.25E-20	1.92E-21	8.83E-21
187.2	2.02E-20	1.76E-21	8.46E-21
187.4	1.8E-20	1.5E-21	8.26E-21
187.6	1.69E-20	1.31E-21	7.89E-21
187.8	1.47E-20	1.24E-21	5.86E-21
188	1.36E-20	1.09E-21	5.5E-21
188.2	1.3E-20	0	0
188.4	1.17E-20	0	0
188.6	1.1E-20	0	0
