# Wavelength (nm)    Crosssection (cm^2)
5.000000000000000000e-01,1.239831600000000073e-20
1.500000000000000000e+00,1.465072000000000099e-19
2.500000000000000000e+00,1.937182799999999753e-19
3.500000000000000000e+00,2.686157599999999596e-19
4.500000000000000000e+00,2.786520799999999574e-19
5.500000000000000000e+00,1.768757199999999939e-19
6.500000000000000000e+00,2.863235199999999732e-19
7.500000000000000000e+00,4.031831999999999779e-19
8.500000000000000000e+00,5.217156000000000545e-19
9.500000000000000000e+00,6.618779999999999728e-19
1.050000000000000000e+01,1.292523199999999862e-18
1.150000000000000000e+01,1.588124700000000083e-18
1.250000000000000000e+01,4.102400800000000059e-18
1.350000000000000000e+01,4.671395300000000256e-18
1.450000000000000000e+01,5.163597599999999334e-18
1.550000000000000000e+01,5.712648799999999844e-18
1.650000000000000000e+01,6.233341800000000806e-18
1.750000000000000000e+01,6.908381999999999699e-18
1.850000000000000000e+01,1.142777799999999857e-17
1.950000000000000000e+01,8.351109000000000419e-18
2.050000000000000000e+01,9.057906000000000311e-18
2.150000000000000000e+01,9.746724999999999265e-18
2.250000000000000000e+01,1.019516800000000125e-17
2.350000000000000000e+01,1.051444799999999975e-17
2.450000000000000000e+01,1.073679300000000009e-17
2.550000000000000000e+01,1.091267100000000078e-17
2.650000000000000000e+01,1.140685600000000043e-17
2.750000000000000000e+01,1.172033199999999897e-17
2.850000000000000000e+01,1.230619000000000031e-17
2.950000000000000000e+01,1.308593799999999900e-17
3.050000000000000000e+01,1.363490200000000187e-17
3.150000000000000000e+01,1.421636800000000108e-17
3.250000000000000000e+01,1.491930500000000260e-17
3.350000000000000000e+01,1.509942399999999901e-17
3.450000000000000000e+01,1.553235599999999901e-17
3.550000000000000000e+01,1.605653899999999871e-17
3.650000000000000000e+01,1.682832399999999911e-17
3.750000000000000000e+01,1.754807599999999925e-17
3.850000000000000000e+01,1.815100199999999743e-17
3.950000000000000000e+01,1.860163599999999906e-17
4.050000000000000000e+01,1.921549599999999958e-17
4.150000000000000000e+01,2.008915800000000140e-17
4.250000000000000000e+01,2.039489500000000013e-17
4.350000000000000000e+01,2.057386299999999916e-17
4.450000000000000000e+01,2.096908400000000203e-17
4.550000000000000000e+01,2.721231800000000164e-17
4.650000000000000000e+01,2.726618600000000123e-17
4.750000000000000000e+01,2.705969200000000175e-17
4.850000000000000000e+01,2.707764799999999956e-17
4.950000000000000000e+01,2.732005400000000391e-17
5.050000000000000000e+01,3.026034000000000426e-17
5.150000000000000000e+01,3.093023999999999790e-17
5.250000000000000000e+01,3.184895999999999851e-17
5.350000000000000000e+01,3.287294999999999732e-17
5.450000000000000000e+01,3.387779999999999703e-17
5.550000000000000000e+01,3.364172000000000129e-17
5.650000000000000000e+01,3.429383999999999747e-17
5.750000000000000000e+01,3.485006000000000328e-17
5.850000000000000000e+01,3.511857999999999483e-17
5.950000000000000000e+01,3.515693999999999714e-17
6.050000000000000000e+01,3.609824700000000119e-17
6.150000000000000000e+01,3.571327799999999773e-17
6.250000000000000000e+01,3.509140500000000021e-17
6.350000000000000000e+01,3.459785499999999562e-17
6.450000000000000000e+01,3.468669399999999879e-17
6.550000000000000000e+01,3.185682499999999380e-17
6.650000000000000000e+01,3.114783099999999565e-17
6.750000000000000000e+01,2.988313899999999877e-17
6.850000000000000000e+01,3.099453499999999622e-17
6.950000000000000000e+01,3.208676900000000220e-17
7.050000000000000000e+01,2.587257000000000130e-17
7.150000000000000000e+01,2.176980000000000260e-17
7.250000000000000000e+01,2.586419700000000132e-17
7.350000000000000000e+01,1.493743200000000167e-17
7.450000000000000000e+01,1.778425200000000052e-17
7.550000000000000000e+01,5.836157999999999972e-17
7.650000000000000000e+01,5.061887099999999832e-17
7.750000000000000000e+01,2.366703499999999881e-17
7.850000000000000000e+01,1.834328999999999879e-17
7.950000000000000000e+01,1.170579200000000058e-17
8.050000000000000000e+01,9.513072000000000436e-18
8.150000000000000000e+01,9.101376000000000897e-18
8.250000000000000000e+01,9.427109999999999444e-18
8.350000000000000000e+01,9.741815999999999933e-18
8.450000000000000000e+01,1.045169600000000004e-17
8.550000000000000000e+01,1.168362799999999864e-17
8.650000000000000000e+01,1.204874399999999823e-17
8.750000000000000000e+01,3.939575200000000142e-18
8.850000000000000000e+01,9.770310000000000823e-18
8.950000000000000000e+01,9.140976000000000286e-18
9.050000000000000000e+01,7.621740000000000071e-20
9.150000000000000000e+01,0.000000000000000000e+00
9.250000000000000000e+01,0.000000000000000000e+00
9.350000000000000000e+01,0.000000000000000000e+00
9.450000000000000000e+01,0.000000000000000000e+00
9.550000000000000000e+01,0.000000000000000000e+00
9.650000000000000000e+01,0.000000000000000000e+00
9.750000000000000000e+01,0.000000000000000000e+00
9.850000000000000000e+01,0.000000000000000000e+00
9.950000000000000000e+01,0.000000000000000000e+00
1.005000000000000000e+02,0.000000000000000000e+00
1.015000000000000000e+02,0.000000000000000000e+00
1.025000000000000000e+02,0.000000000000000000e+00
1.035000000000000000e+02,0.000000000000000000e+00
1.045000000000000000e+02,0.000000000000000000e+00
1.055000000000000000e+02,0.000000000000000000e+00
1.065000000000000000e+02,0.000000000000000000e+00
1.075000000000000000e+02,0.000000000000000000e+00
1.085000000000000000e+02,0.000000000000000000e+00
1.095000000000000000e+02,0.000000000000000000e+00
1.105000000000000000e+02,0.000000000000000000e+00
1.115000000000000000e+02,0.000000000000000000e+00
1.125000000000000000e+02,0.000000000000000000e+00
1.135000000000000000e+02,0.000000000000000000e+00
1.145000000000000000e+02,0.000000000000000000e+00
1.155000000000000000e+02,0.000000000000000000e+00
1.165000000000000000e+02,0.000000000000000000e+00
1.175000000000000000e+02,0.000000000000000000e+00
1.185000000000000000e+02,0.000000000000000000e+00
1.195000000000000000e+02,0.000000000000000000e+00
1.205000000000000000e+02,0.000000000000000000e+00
1.215000000000000000e+02,0.000000000000000000e+00
1.225000000000000000e+02,0.000000000000000000e+00
1.235000000000000000e+02,0.000000000000000000e+00
1.245000000000000000e+02,0.000000000000000000e+00
1.255000000000000000e+02,0.000000000000000000e+00
1.265000000000000000e+02,0.000000000000000000e+00
1.275000000000000000e+02,0.000000000000000000e+00
1.285000000000000000e+02,0.000000000000000000e+00
1.295000000000000000e+02,0.000000000000000000e+00
1.305000000000000000e+02,0.000000000000000000e+00
1.315000000000000000e+02,0.000000000000000000e+00
1.325000000000000000e+02,0.000000000000000000e+00
1.335000000000000000e+02,0.000000000000000000e+00
1.345000000000000000e+02,0.000000000000000000e+00
1.355000000000000000e+02,0.000000000000000000e+00
1.365000000000000000e+02,0.000000000000000000e+00
1.375000000000000000e+02,0.000000000000000000e+00
1.385000000000000000e+02,0.000000000000000000e+00
1.395000000000000000e+02,0.000000000000000000e+00
1.405000000000000000e+02,0.000000000000000000e+00
1.415000000000000000e+02,0.000000000000000000e+00
1.425000000000000000e+02,0.000000000000000000e+00
1.435000000000000000e+02,0.000000000000000000e+00
1.445000000000000000e+02,0.000000000000000000e+00
1.455000000000000000e+02,0.000000000000000000e+00
1.465000000000000000e+02,0.000000000000000000e+00
1.475000000000000000e+02,0.000000000000000000e+00
1.485000000000000000e+02,0.000000000000000000e+00
1.495000000000000000e+02,0.000000000000000000e+00
1.505000000000000000e+02,0.000000000000000000e+00
1.515000000000000000e+02,0.000000000000000000e+00
1.525000000000000000e+02,0.000000000000000000e+00
1.535000000000000000e+02,0.000000000000000000e+00
1.545000000000000000e+02,0.000000000000000000e+00
1.555000000000000000e+02,0.000000000000000000e+00
1.565000000000000000e+02,0.000000000000000000e+00
1.575000000000000000e+02,0.000000000000000000e+00
1.585000000000000000e+02,0.000000000000000000e+00
1.595000000000000000e+02,0.000000000000000000e+00
1.605000000000000000e+02,0.000000000000000000e+00
1.615000000000000000e+02,0.000000000000000000e+00
1.625000000000000000e+02,0.000000000000000000e+00
1.635000000000000000e+02,0.000000000000000000e+00
1.645000000000000000e+02,0.000000000000000000e+00
1.655000000000000000e+02,0.000000000000000000e+00
1.665000000000000000e+02,0.000000000000000000e+00
1.675000000000000000e+02,0.000000000000000000e+00
1.685000000000000000e+02,0.000000000000000000e+00
1.695000000000000000e+02,0.000000000000000000e+00
1.705000000000000000e+02,0.000000000000000000e+00
1.715000000000000000e+02,0.000000000000000000e+00
1.725000000000000000e+02,0.000000000000000000e+00
1.735000000000000000e+02,0.000000000000000000e+00
1.745000000000000000e+02,0.000000000000000000e+00
1.755000000000000000e+02,0.000000000000000000e+00
1.765000000000000000e+02,0.000000000000000000e+00
1.775000000000000000e+02,0.000000000000000000e+00
1.785000000000000000e+02,0.000000000000000000e+00
1.795000000000000000e+02,0.000000000000000000e+00
1.805000000000000000e+02,0.000000000000000000e+00
1.815000000000000000e+02,0.000000000000000000e+00
1.825000000000000000e+02,0.000000000000000000e+00
1.835000000000000000e+02,0.000000000000000000e+00
1.845000000000000000e+02,0.000000000000000000e+00
1.855000000000000000e+02,0.000000000000000000e+00
1.865000000000000000e+02,0.000000000000000000e+00
1.875000000000000000e+02,0.000000000000000000e+00
1.885000000000000000e+02,0.000000000000000000e+00
1.895000000000000000e+02,0.000000000000000000e+00
1.905000000000000000e+02,0.000000000000000000e+00
1.915000000000000000e+02,0.000000000000000000e+00
1.925000000000000000e+02,0.000000000000000000e+00
1.935000000000000000e+02,0.000000000000000000e+00
1.945000000000000000e+02,0.000000000000000000e+00
1.955000000000000000e+02,0.000000000000000000e+00
1.965000000000000000e+02,0.000000000000000000e+00
1.975000000000000000e+02,0.000000000000000000e+00
1.985000000000000000e+02,0.000000000000000000e+00
1.995000000000000000e+02,0.000000000000000000e+00
2.005000000000000000e+02,0.000000000000000000e+00
2.015000000000000000e+02,0.000000000000000000e+00
2.025000000000000000e+02,0.000000000000000000e+00
2.035000000000000000e+02,0.000000000000000000e+00
2.045000000000000000e+02,0.000000000000000000e+00
2.055000000000000000e+02,0.000000000000000000e+00
2.065000000000000000e+02,0.000000000000000000e+00
2.075000000000000000e+02,0.000000000000000000e+00
2.085000000000000000e+02,0.000000000000000000e+00
2.095000000000000000e+02,0.000000000000000000e+00
2.105000000000000000e+02,0.000000000000000000e+00
2.115000000000000000e+02,0.000000000000000000e+00
2.125000000000000000e+02,0.000000000000000000e+00
2.135000000000000000e+02,0.000000000000000000e+00
2.145000000000000000e+02,0.000000000000000000e+00
2.155000000000000000e+02,0.000000000000000000e+00
2.165000000000000000e+02,0.000000000000000000e+00
2.175000000000000000e+02,0.000000000000000000e+00
2.185000000000000000e+02,0.000000000000000000e+00
2.195000000000000000e+02,0.000000000000000000e+00
2.205000000000000000e+02,0.000000000000000000e+00
2.215000000000000000e+02,0.000000000000000000e+00
2.225000000000000000e+02,0.000000000000000000e+00
2.235000000000000000e+02,0.000000000000000000e+00
2.245000000000000000e+02,0.000000000000000000e+00
2.255000000000000000e+02,0.000000000000000000e+00
2.265000000000000000e+02,0.000000000000000000e+00
2.275000000000000000e+02,0.000000000000000000e+00
2.285000000000000000e+02,0.000000000000000000e+00
2.295000000000000000e+02,0.000000000000000000e+00
2.305000000000000000e+02,0.000000000000000000e+00
2.315000000000000000e+02,0.000000000000000000e+00
2.325000000000000000e+02,0.000000000000000000e+00
2.335000000000000000e+02,0.000000000000000000e+00
2.345000000000000000e+02,0.000000000000000000e+00
2.355000000000000000e+02,0.000000000000000000e+00
2.365000000000000000e+02,0.000000000000000000e+00
2.375000000000000000e+02,0.000000000000000000e+00
2.385000000000000000e+02,0.000000000000000000e+00
2.395000000000000000e+02,0.000000000000000000e+00
2.405000000000000000e+02,0.000000000000000000e+00
2.415000000000000000e+02,0.000000000000000000e+00
2.425000000000000000e+02,0.000000000000000000e+00
2.435000000000000000e+02,0.000000000000000000e+00
2.445000000000000000e+02,0.000000000000000000e+00
2.455000000000000000e+02,0.000000000000000000e+00
2.465000000000000000e+02,0.000000000000000000e+00
2.475000000000000000e+02,0.000000000000000000e+00
2.485000000000000000e+02,0.000000000000000000e+00
2.495000000000000000e+02,0.000000000000000000e+00
2.505000000000000000e+02,0.000000000000000000e+00
2.515000000000000000e+02,0.000000000000000000e+00
2.525000000000000000e+02,0.000000000000000000e+00
2.535000000000000000e+02,0.000000000000000000e+00
2.545000000000000000e+02,0.000000000000000000e+00
2.555000000000000000e+02,0.000000000000000000e+00
2.565000000000000000e+02,0.000000000000000000e+00
2.575000000000000000e+02,0.000000000000000000e+00
2.585000000000000000e+02,0.000000000000000000e+00
2.595000000000000000e+02,0.000000000000000000e+00
2.605000000000000000e+02,0.000000000000000000e+00
2.615000000000000000e+02,0.000000000000000000e+00
2.625000000000000000e+02,0.000000000000000000e+00
2.635000000000000000e+02,0.000000000000000000e+00
2.645000000000000000e+02,0.000000000000000000e+00
2.655000000000000000e+02,0.000000000000000000e+00
2.665000000000000000e+02,0.000000000000000000e+00
2.675000000000000000e+02,0.000000000000000000e+00
2.685000000000000000e+02,0.000000000000000000e+00
2.695000000000000000e+02,0.000000000000000000e+00
2.705000000000000000e+02,0.000000000000000000e+00
2.715000000000000000e+02,0.000000000000000000e+00
2.725000000000000000e+02,0.000000000000000000e+00
2.735000000000000000e+02,0.000000000000000000e+00
2.745000000000000000e+02,0.000000000000000000e+00
2.755000000000000000e+02,0.000000000000000000e+00
2.765000000000000000e+02,0.000000000000000000e+00
2.775000000000000000e+02,0.000000000000000000e+00
2.785000000000000000e+02,0.000000000000000000e+00
2.795000000000000000e+02,0.000000000000000000e+00
2.805000000000000000e+02,0.000000000000000000e+00
2.815000000000000000e+02,0.000000000000000000e+00
2.825000000000000000e+02,0.000000000000000000e+00
2.835000000000000000e+02,0.000000000000000000e+00
2.845000000000000000e+02,0.000000000000000000e+00
2.855000000000000000e+02,0.000000000000000000e+00
2.865000000000000000e+02,0.000000000000000000e+00
2.875000000000000000e+02,0.000000000000000000e+00
2.885000000000000000e+02,0.000000000000000000e+00
2.895000000000000000e+02,0.000000000000000000e+00
2.905000000000000000e+02,0.000000000000000000e+00
2.915000000000000000e+02,0.000000000000000000e+00
2.925000000000000000e+02,0.000000000000000000e+00
2.935000000000000000e+02,0.000000000000000000e+00
2.945000000000000000e+02,0.000000000000000000e+00
2.955000000000000000e+02,0.000000000000000000e+00
2.965000000000000000e+02,0.000000000000000000e+00
2.975000000000000000e+02,0.000000000000000000e+00
2.985000000000000000e+02,0.000000000000000000e+00
2.995000000000000000e+02,0.000000000000000000e+00
