# Wavelength (nm)    Crosssection (cm^2)
5.000000000000000000e-01,9.406584000000000684e-21
1.500000000000000000e+00,1.291124999999999890e-19
2.500000000000000000e+00,3.799091999999999930e-19
3.500000000000000000e+00,7.481699999999999785e-20
4.500000000000000000e+00,5.718784000000000350e-20
5.500000000000000000e+00,8.682131999999998783e-20
6.500000000000000000e+00,1.143455400000000050e-19
7.500000000000000000e+00,1.635230400000000078e-19
8.500000000000000000e+00,2.775168000000000381e-19
9.500000000000000000e+00,3.765428000000000207e-19
1.050000000000000000e+01,4.811924000000000597e-19
1.150000000000000000e+01,5.894068000000001076e-19
1.250000000000000000e+01,6.838499999999999280e-19
1.350000000000000000e+01,7.906048000000000596e-19
1.450000000000000000e+01,8.934280000000001967e-19
1.550000000000000000e+01,1.001652599999999945e-18
1.650000000000000000e+01,1.110688399999999992e-18
1.750000000000000000e+01,1.205378899999999973e-18
1.850000000000000000e+01,1.290187600000000043e-18
1.950000000000000000e+01,1.427989000000000006e-18
2.050000000000000000e+01,1.586880399999999869e-18
2.150000000000000000e+01,1.646607199999999880e-18
2.250000000000000000e+01,1.749113999999999905e-18
2.350000000000000000e+01,1.846937700000000017e-18
2.450000000000000000e+01,1.896954000000000114e-18
2.550000000000000000e+01,1.833345800000000311e-18
2.650000000000000000e+01,1.792619999999999865e-18
2.750000000000000000e+01,1.669689000000000037e-18
2.850000000000000000e+01,1.583652000000000223e-18
2.950000000000000000e+01,1.526050000000000250e-18
3.050000000000000000e+01,1.465128000000000013e-18
3.150000000000000000e+01,1.315818000000000035e-18
3.250000000000000000e+01,1.132819199999999883e-18
3.350000000000000000e+01,9.232880000000000132e-19
3.450000000000000000e+01,8.408499999999999400e-19
3.550000000000000000e+01,7.928189999999999026e-19
3.650000000000000000e+01,7.326071999999999670e-19
3.750000000000000000e+01,6.871965000000000627e-19
3.850000000000000000e+01,7.268852999999999535e-19
3.950000000000000000e+01,7.916328000000000013e-19
4.050000000000000000e+01,8.870293999999999941e-19
4.150000000000000000e+01,8.704710000000000114e-19
4.250000000000000000e+01,9.466716000000000141e-19
4.350000000000000000e+01,1.017686399999999999e-18
4.450000000000000000e+01,1.016639999999999969e-18
4.550000000000000000e+01,1.080486000000000045e-18
4.650000000000000000e+01,1.048240199999999919e-18
4.750000000000000000e+01,1.005241999999999962e-18
4.850000000000000000e+01,9.211075999999998857e-19
4.950000000000000000e+01,8.723551999999999494e-19
5.050000000000000000e+01,8.083934999999999656e-19
5.150000000000000000e+01,6.717165000000000881e-19
5.250000000000000000e+01,5.757575999999999284e-19
5.350000000000000000e+01,4.676295999999999942e-19
5.450000000000000000e+01,3.191899999999999748e-19
5.550000000000000000e+01,2.656392000000000417e-20
5.650000000000000000e+01,0.000000000000000000e+00
5.750000000000000000e+01,0.000000000000000000e+00
5.850000000000000000e+01,0.000000000000000000e+00
5.950000000000000000e+01,0.000000000000000000e+00
6.050000000000000000e+01,0.000000000000000000e+00
6.150000000000000000e+01,0.000000000000000000e+00
6.250000000000000000e+01,0.000000000000000000e+00
6.350000000000000000e+01,0.000000000000000000e+00
6.450000000000000000e+01,0.000000000000000000e+00
6.550000000000000000e+01,0.000000000000000000e+00
6.650000000000000000e+01,0.000000000000000000e+00
6.750000000000000000e+01,0.000000000000000000e+00
6.850000000000000000e+01,0.000000000000000000e+00
6.950000000000000000e+01,0.000000000000000000e+00
7.050000000000000000e+01,0.000000000000000000e+00
7.150000000000000000e+01,0.000000000000000000e+00
7.250000000000000000e+01,0.000000000000000000e+00
7.350000000000000000e+01,0.000000000000000000e+00
7.450000000000000000e+01,0.000000000000000000e+00
7.550000000000000000e+01,0.000000000000000000e+00
7.650000000000000000e+01,0.000000000000000000e+00
7.750000000000000000e+01,0.000000000000000000e+00
7.850000000000000000e+01,0.000000000000000000e+00
7.950000000000000000e+01,0.000000000000000000e+00
8.050000000000000000e+01,0.000000000000000000e+00
8.150000000000000000e+01,0.000000000000000000e+00
8.250000000000000000e+01,0.000000000000000000e+00
8.350000000000000000e+01,0.000000000000000000e+00
8.450000000000000000e+01,0.000000000000000000e+00
8.550000000000000000e+01,0.000000000000000000e+00
8.650000000000000000e+01,0.000000000000000000e+00
8.750000000000000000e+01,0.000000000000000000e+00
8.850000000000000000e+01,0.000000000000000000e+00
8.950000000000000000e+01,0.000000000000000000e+00
9.050000000000000000e+01,0.000000000000000000e+00
9.150000000000000000e+01,0.000000000000000000e+00
9.250000000000000000e+01,0.000000000000000000e+00
9.350000000000000000e+01,0.000000000000000000e+00
9.450000000000000000e+01,0.000000000000000000e+00
9.550000000000000000e+01,0.000000000000000000e+00
9.650000000000000000e+01,0.000000000000000000e+00
9.750000000000000000e+01,0.000000000000000000e+00
9.850000000000000000e+01,0.000000000000000000e+00
9.950000000000000000e+01,0.000000000000000000e+00
1.005000000000000000e+02,0.000000000000000000e+00
1.015000000000000000e+02,0.000000000000000000e+00
1.025000000000000000e+02,0.000000000000000000e+00
1.035000000000000000e+02,0.000000000000000000e+00
1.045000000000000000e+02,0.000000000000000000e+00
1.055000000000000000e+02,0.000000000000000000e+00
1.065000000000000000e+02,0.000000000000000000e+00
1.075000000000000000e+02,0.000000000000000000e+00
1.085000000000000000e+02,0.000000000000000000e+00
1.095000000000000000e+02,0.000000000000000000e+00
1.105000000000000000e+02,0.000000000000000000e+00
1.115000000000000000e+02,0.000000000000000000e+00
1.125000000000000000e+02,0.000000000000000000e+00
1.135000000000000000e+02,0.000000000000000000e+00
1.145000000000000000e+02,0.000000000000000000e+00
1.155000000000000000e+02,0.000000000000000000e+00
1.165000000000000000e+02,0.000000000000000000e+00
1.175000000000000000e+02,0.000000000000000000e+00
1.185000000000000000e+02,0.000000000000000000e+00
1.195000000000000000e+02,0.000000000000000000e+00
1.205000000000000000e+02,0.000000000000000000e+00
1.215000000000000000e+02,0.000000000000000000e+00
1.225000000000000000e+02,0.000000000000000000e+00
1.235000000000000000e+02,0.000000000000000000e+00
1.245000000000000000e+02,0.000000000000000000e+00
1.255000000000000000e+02,0.000000000000000000e+00
1.265000000000000000e+02,0.000000000000000000e+00
1.275000000000000000e+02,0.000000000000000000e+00
1.285000000000000000e+02,0.000000000000000000e+00
1.295000000000000000e+02,0.000000000000000000e+00
1.305000000000000000e+02,0.000000000000000000e+00
1.315000000000000000e+02,0.000000000000000000e+00
1.325000000000000000e+02,0.000000000000000000e+00
1.335000000000000000e+02,0.000000000000000000e+00
1.345000000000000000e+02,0.000000000000000000e+00
1.355000000000000000e+02,0.000000000000000000e+00
1.365000000000000000e+02,0.000000000000000000e+00
1.375000000000000000e+02,0.000000000000000000e+00
1.385000000000000000e+02,0.000000000000000000e+00
1.395000000000000000e+02,0.000000000000000000e+00
1.405000000000000000e+02,0.000000000000000000e+00
1.415000000000000000e+02,0.000000000000000000e+00
1.425000000000000000e+02,0.000000000000000000e+00
1.435000000000000000e+02,0.000000000000000000e+00
1.445000000000000000e+02,0.000000000000000000e+00
1.455000000000000000e+02,0.000000000000000000e+00
1.465000000000000000e+02,0.000000000000000000e+00
1.475000000000000000e+02,0.000000000000000000e+00
1.485000000000000000e+02,0.000000000000000000e+00
1.495000000000000000e+02,0.000000000000000000e+00
1.505000000000000000e+02,0.000000000000000000e+00
1.515000000000000000e+02,0.000000000000000000e+00
1.525000000000000000e+02,0.000000000000000000e+00
1.535000000000000000e+02,0.000000000000000000e+00
1.545000000000000000e+02,0.000000000000000000e+00
1.555000000000000000e+02,0.000000000000000000e+00
1.565000000000000000e+02,0.000000000000000000e+00
1.575000000000000000e+02,0.000000000000000000e+00
1.585000000000000000e+02,0.000000000000000000e+00
1.595000000000000000e+02,0.000000000000000000e+00
1.605000000000000000e+02,0.000000000000000000e+00
1.615000000000000000e+02,0.000000000000000000e+00
1.625000000000000000e+02,0.000000000000000000e+00
1.635000000000000000e+02,0.000000000000000000e+00
1.645000000000000000e+02,0.000000000000000000e+00
1.655000000000000000e+02,0.000000000000000000e+00
1.665000000000000000e+02,0.000000000000000000e+00
1.675000000000000000e+02,0.000000000000000000e+00
1.685000000000000000e+02,0.000000000000000000e+00
1.695000000000000000e+02,0.000000000000000000e+00
1.705000000000000000e+02,0.000000000000000000e+00
1.715000000000000000e+02,0.000000000000000000e+00
1.725000000000000000e+02,0.000000000000000000e+00
1.735000000000000000e+02,0.000000000000000000e+00
1.745000000000000000e+02,0.000000000000000000e+00
1.755000000000000000e+02,0.000000000000000000e+00
1.765000000000000000e+02,0.000000000000000000e+00
1.775000000000000000e+02,0.000000000000000000e+00
1.785000000000000000e+02,0.000000000000000000e+00
1.795000000000000000e+02,0.000000000000000000e+00
1.805000000000000000e+02,0.000000000000000000e+00
1.815000000000000000e+02,0.000000000000000000e+00
1.825000000000000000e+02,0.000000000000000000e+00
1.835000000000000000e+02,0.000000000000000000e+00
1.845000000000000000e+02,0.000000000000000000e+00
1.855000000000000000e+02,0.000000000000000000e+00
1.865000000000000000e+02,0.000000000000000000e+00
1.875000000000000000e+02,0.000000000000000000e+00
1.885000000000000000e+02,0.000000000000000000e+00
1.895000000000000000e+02,0.000000000000000000e+00
1.905000000000000000e+02,0.000000000000000000e+00
1.915000000000000000e+02,0.000000000000000000e+00
1.925000000000000000e+02,0.000000000000000000e+00
1.935000000000000000e+02,0.000000000000000000e+00
1.945000000000000000e+02,0.000000000000000000e+00
1.955000000000000000e+02,0.000000000000000000e+00
1.965000000000000000e+02,0.000000000000000000e+00
1.975000000000000000e+02,0.000000000000000000e+00
1.985000000000000000e+02,0.000000000000000000e+00
1.995000000000000000e+02,0.000000000000000000e+00
2.005000000000000000e+02,0.000000000000000000e+00
2.015000000000000000e+02,0.000000000000000000e+00
2.025000000000000000e+02,0.000000000000000000e+00
2.035000000000000000e+02,0.000000000000000000e+00
2.045000000000000000e+02,0.000000000000000000e+00
2.055000000000000000e+02,0.000000000000000000e+00
2.065000000000000000e+02,0.000000000000000000e+00
2.075000000000000000e+02,0.000000000000000000e+00
2.085000000000000000e+02,0.000000000000000000e+00
2.095000000000000000e+02,0.000000000000000000e+00
2.105000000000000000e+02,0.000000000000000000e+00
2.115000000000000000e+02,0.000000000000000000e+00
2.125000000000000000e+02,0.000000000000000000e+00
2.135000000000000000e+02,0.000000000000000000e+00
2.145000000000000000e+02,0.000000000000000000e+00
2.155000000000000000e+02,0.000000000000000000e+00
2.165000000000000000e+02,0.000000000000000000e+00
2.175000000000000000e+02,0.000000000000000000e+00
2.185000000000000000e+02,0.000000000000000000e+00
2.195000000000000000e+02,0.000000000000000000e+00
2.205000000000000000e+02,0.000000000000000000e+00
2.215000000000000000e+02,0.000000000000000000e+00
2.225000000000000000e+02,0.000000000000000000e+00
2.235000000000000000e+02,0.000000000000000000e+00
2.245000000000000000e+02,0.000000000000000000e+00
2.255000000000000000e+02,0.000000000000000000e+00
2.265000000000000000e+02,0.000000000000000000e+00
2.275000000000000000e+02,0.000000000000000000e+00
2.285000000000000000e+02,0.000000000000000000e+00
2.295000000000000000e+02,0.000000000000000000e+00
2.305000000000000000e+02,0.000000000000000000e+00
2.315000000000000000e+02,0.000000000000000000e+00
2.325000000000000000e+02,0.000000000000000000e+00
2.335000000000000000e+02,0.000000000000000000e+00
2.345000000000000000e+02,0.000000000000000000e+00
2.355000000000000000e+02,0.000000000000000000e+00
2.365000000000000000e+02,0.000000000000000000e+00
2.375000000000000000e+02,0.000000000000000000e+00
2.385000000000000000e+02,0.000000000000000000e+00
2.395000000000000000e+02,0.000000000000000000e+00
2.405000000000000000e+02,0.000000000000000000e+00
2.415000000000000000e+02,0.000000000000000000e+00
2.425000000000000000e+02,0.000000000000000000e+00
2.435000000000000000e+02,0.000000000000000000e+00
2.445000000000000000e+02,0.000000000000000000e+00
2.455000000000000000e+02,0.000000000000000000e+00
2.465000000000000000e+02,0.000000000000000000e+00
2.475000000000000000e+02,0.000000000000000000e+00
2.485000000000000000e+02,0.000000000000000000e+00
2.495000000000000000e+02,0.000000000000000000e+00
2.505000000000000000e+02,0.000000000000000000e+00
2.515000000000000000e+02,0.000000000000000000e+00
2.525000000000000000e+02,0.000000000000000000e+00
2.535000000000000000e+02,0.000000000000000000e+00
2.545000000000000000e+02,0.000000000000000000e+00
2.555000000000000000e+02,0.000000000000000000e+00
2.565000000000000000e+02,0.000000000000000000e+00
2.575000000000000000e+02,0.000000000000000000e+00
2.585000000000000000e+02,0.000000000000000000e+00
2.595000000000000000e+02,0.000000000000000000e+00
2.605000000000000000e+02,0.000000000000000000e+00
2.615000000000000000e+02,0.000000000000000000e+00
2.625000000000000000e+02,0.000000000000000000e+00
2.635000000000000000e+02,0.000000000000000000e+00
2.645000000000000000e+02,0.000000000000000000e+00
2.655000000000000000e+02,0.000000000000000000e+00
2.665000000000000000e+02,0.000000000000000000e+00
2.675000000000000000e+02,0.000000000000000000e+00
2.685000000000000000e+02,0.000000000000000000e+00
2.695000000000000000e+02,0.000000000000000000e+00
2.705000000000000000e+02,0.000000000000000000e+00
2.715000000000000000e+02,0.000000000000000000e+00
2.725000000000000000e+02,0.000000000000000000e+00
2.735000000000000000e+02,0.000000000000000000e+00
2.745000000000000000e+02,0.000000000000000000e+00
2.755000000000000000e+02,0.000000000000000000e+00
2.765000000000000000e+02,0.000000000000000000e+00
2.775000000000000000e+02,0.000000000000000000e+00
2.785000000000000000e+02,0.000000000000000000e+00
2.795000000000000000e+02,0.000000000000000000e+00
2.805000000000000000e+02,0.000000000000000000e+00
2.815000000000000000e+02,0.000000000000000000e+00
2.825000000000000000e+02,0.000000000000000000e+00
2.835000000000000000e+02,0.000000000000000000e+00
2.845000000000000000e+02,0.000000000000000000e+00
2.855000000000000000e+02,0.000000000000000000e+00
2.865000000000000000e+02,0.000000000000000000e+00
2.875000000000000000e+02,0.000000000000000000e+00
2.885000000000000000e+02,0.000000000000000000e+00
2.895000000000000000e+02,0.000000000000000000e+00
2.905000000000000000e+02,0.000000000000000000e+00
2.915000000000000000e+02,0.000000000000000000e+00
2.925000000000000000e+02,0.000000000000000000e+00
2.935000000000000000e+02,0.000000000000000000e+00
2.945000000000000000e+02,0.000000000000000000e+00
2.955000000000000000e+02,0.000000000000000000e+00
2.965000000000000000e+02,0.000000000000000000e+00
2.975000000000000000e+02,0.000000000000000000e+00
2.985000000000000000e+02,0.000000000000000000e+00
2.995000000000000000e+02,0.000000000000000000e+00
