# Wavelength (nm)    Crosssection (cm^2)
5.000000000000000000e-01,2.914324600000000122e-20
1.500000000000000000e+00,2.914324600000000122e-20
2.500000000000000000e+00,2.914324600000000122e-20
3.500000000000000000e+00,2.914324600000000122e-20
4.500000000000000000e+00,2.914324600000000122e-20
5.500000000000000000e+00,2.914324600000000122e-20
6.500000000000000000e+00,2.914324600000000122e-20
7.500000000000000000e+00,3.738993500000000115e-20
8.500000000000000000e+00,4.995214400000000699e-20
9.500000000000000000e+00,6.421358899999999980e-20
1.050000000000000000e+01,8.003940999999999897e-20
1.150000000000000000e+01,9.068059999999999225e-20
1.250000000000000000e+01,1.046407799999999961e-19
1.350000000000000000e+01,1.200273900000000078e-19
1.450000000000000000e+01,1.355560199999999972e-19
1.550000000000000000e+01,1.500411500000000043e-19
1.650000000000000000e+01,1.639581799999999895e-19
1.750000000000000000e+01,1.779553099999999959e-19
1.850000000000000000e+01,1.940202000000000070e-19
1.950000000000000000e+01,2.121836500000000234e-19
2.050000000000000000e+01,2.261354600000000151e-19
2.150000000000000000e+01,2.355311400000000133e-19
2.250000000000000000e+01,2.411032800000000124e-19
2.350000000000000000e+01,2.490477199999999785e-19
2.450000000000000000e+01,2.586475799999999977e-19
2.550000000000000000e+01,2.630573999999999874e-19
2.650000000000000000e+01,2.639917800000000313e-19
2.750000000000000000e+01,2.648255999999999812e-19
2.850000000000000000e+01,2.699086399999999580e-19
2.950000000000000000e+01,2.711302299999999946e-19
3.050000000000000000e+01,2.640431700000000111e-19
3.150000000000000000e+01,2.519855999999999690e-19
3.250000000000000000e+01,2.424599999999999891e-19
3.350000000000000000e+01,2.318625000000000056e-19
3.450000000000000000e+01,2.249130000000000122e-19
3.550000000000000000e+01,2.202941999999999953e-19
3.650000000000000000e+01,2.167862000000000050e-19
3.750000000000000000e+01,2.130882000000000132e-19
3.850000000000000000e+01,2.113368000000000174e-19
3.950000000000000000e+01,2.061871000000000033e-19
4.050000000000000000e+01,1.900105000000000260e-19
4.150000000000000000e+01,1.686838000000000180e-19
4.250000000000000000e+01,1.429924499999999927e-19
4.350000000000000000e+01,1.180944000000000052e-19
4.450000000000000000e+01,9.392625000000000413e-20
4.550000000000000000e+01,7.548869999999999183e-20
4.650000000000000000e+01,6.454475999999999501e-20
4.750000000000000000e+01,5.450859999999999898e-20
4.850000000000000000e+01,4.539849999999999454e-20
4.950000000000000000e+01,3.562446000000000593e-20
5.050000000000000000e+01,3.050916000000000304e-20
5.150000000000000000e+01,2.987478000000000525e-20
5.250000000000000000e+01,2.848004000000000342e-20
5.350000000000000000e+01,2.700350000000000017e-20
5.450000000000000000e+01,2.562252000000000402e-20
5.550000000000000000e+01,2.247071999999999639e-20
5.650000000000000000e+01,1.724419300000000316e-20
5.750000000000000000e+01,1.208487500000000059e-20
5.850000000000000000e+01,7.263121000000000030e-21
5.950000000000000000e+01,2.414424999999999995e-21
6.050000000000000000e+01,0.000000000000000000e+00
6.150000000000000000e+01,0.000000000000000000e+00
6.250000000000000000e+01,0.000000000000000000e+00
6.350000000000000000e+01,0.000000000000000000e+00
6.450000000000000000e+01,0.000000000000000000e+00
6.550000000000000000e+01,0.000000000000000000e+00
6.650000000000000000e+01,0.000000000000000000e+00
6.750000000000000000e+01,0.000000000000000000e+00
6.850000000000000000e+01,0.000000000000000000e+00
6.950000000000000000e+01,0.000000000000000000e+00
7.050000000000000000e+01,0.000000000000000000e+00
7.150000000000000000e+01,0.000000000000000000e+00
7.250000000000000000e+01,0.000000000000000000e+00
7.350000000000000000e+01,0.000000000000000000e+00
7.450000000000000000e+01,0.000000000000000000e+00
7.550000000000000000e+01,0.000000000000000000e+00
7.650000000000000000e+01,0.000000000000000000e+00
7.750000000000000000e+01,0.000000000000000000e+00
7.850000000000000000e+01,0.000000000000000000e+00
7.950000000000000000e+01,0.000000000000000000e+00
8.050000000000000000e+01,0.000000000000000000e+00
8.150000000000000000e+01,0.000000000000000000e+00
8.250000000000000000e+01,0.000000000000000000e+00
8.350000000000000000e+01,0.000000000000000000e+00
8.450000000000000000e+01,0.000000000000000000e+00
8.550000000000000000e+01,0.000000000000000000e+00
8.650000000000000000e+01,0.000000000000000000e+00
8.750000000000000000e+01,0.000000000000000000e+00
8.850000000000000000e+01,0.000000000000000000e+00
8.950000000000000000e+01,0.000000000000000000e+00
9.050000000000000000e+01,0.000000000000000000e+00
9.150000000000000000e+01,0.000000000000000000e+00
9.250000000000000000e+01,0.000000000000000000e+00
9.350000000000000000e+01,0.000000000000000000e+00
9.450000000000000000e+01,0.000000000000000000e+00
9.550000000000000000e+01,0.000000000000000000e+00
9.650000000000000000e+01,0.000000000000000000e+00
9.750000000000000000e+01,0.000000000000000000e+00
9.850000000000000000e+01,0.000000000000000000e+00
9.950000000000000000e+01,0.000000000000000000e+00
1.005000000000000000e+02,0.000000000000000000e+00
1.015000000000000000e+02,0.000000000000000000e+00
1.025000000000000000e+02,0.000000000000000000e+00
1.035000000000000000e+02,0.000000000000000000e+00
1.045000000000000000e+02,0.000000000000000000e+00
1.055000000000000000e+02,0.000000000000000000e+00
1.065000000000000000e+02,0.000000000000000000e+00
1.075000000000000000e+02,0.000000000000000000e+00
1.085000000000000000e+02,0.000000000000000000e+00
1.095000000000000000e+02,0.000000000000000000e+00
1.105000000000000000e+02,0.000000000000000000e+00
1.115000000000000000e+02,0.000000000000000000e+00
1.125000000000000000e+02,0.000000000000000000e+00
1.135000000000000000e+02,0.000000000000000000e+00
1.145000000000000000e+02,0.000000000000000000e+00
1.155000000000000000e+02,0.000000000000000000e+00
1.165000000000000000e+02,0.000000000000000000e+00
1.175000000000000000e+02,0.000000000000000000e+00
1.185000000000000000e+02,0.000000000000000000e+00
1.195000000000000000e+02,0.000000000000000000e+00
1.205000000000000000e+02,0.000000000000000000e+00
1.215000000000000000e+02,0.000000000000000000e+00
1.225000000000000000e+02,0.000000000000000000e+00
1.235000000000000000e+02,0.000000000000000000e+00
1.245000000000000000e+02,0.000000000000000000e+00
1.255000000000000000e+02,0.000000000000000000e+00
1.265000000000000000e+02,0.000000000000000000e+00
1.275000000000000000e+02,0.000000000000000000e+00
1.285000000000000000e+02,0.000000000000000000e+00
1.295000000000000000e+02,0.000000000000000000e+00
1.305000000000000000e+02,0.000000000000000000e+00
1.315000000000000000e+02,0.000000000000000000e+00
1.325000000000000000e+02,0.000000000000000000e+00
1.335000000000000000e+02,0.000000000000000000e+00
1.345000000000000000e+02,0.000000000000000000e+00
1.355000000000000000e+02,0.000000000000000000e+00
1.365000000000000000e+02,0.000000000000000000e+00
1.375000000000000000e+02,0.000000000000000000e+00
1.385000000000000000e+02,0.000000000000000000e+00
1.395000000000000000e+02,0.000000000000000000e+00
1.405000000000000000e+02,0.000000000000000000e+00
1.415000000000000000e+02,0.000000000000000000e+00
1.425000000000000000e+02,0.000000000000000000e+00
1.435000000000000000e+02,0.000000000000000000e+00
1.445000000000000000e+02,0.000000000000000000e+00
1.455000000000000000e+02,0.000000000000000000e+00
1.465000000000000000e+02,0.000000000000000000e+00
1.475000000000000000e+02,0.000000000000000000e+00
1.485000000000000000e+02,0.000000000000000000e+00
1.495000000000000000e+02,0.000000000000000000e+00
1.505000000000000000e+02,0.000000000000000000e+00
1.515000000000000000e+02,0.000000000000000000e+00
1.525000000000000000e+02,0.000000000000000000e+00
1.535000000000000000e+02,0.000000000000000000e+00
1.545000000000000000e+02,0.000000000000000000e+00
1.555000000000000000e+02,0.000000000000000000e+00
1.565000000000000000e+02,0.000000000000000000e+00
1.575000000000000000e+02,0.000000000000000000e+00
1.585000000000000000e+02,0.000000000000000000e+00
1.595000000000000000e+02,0.000000000000000000e+00
1.605000000000000000e+02,0.000000000000000000e+00
1.615000000000000000e+02,0.000000000000000000e+00
1.625000000000000000e+02,0.000000000000000000e+00
1.635000000000000000e+02,0.000000000000000000e+00
1.645000000000000000e+02,0.000000000000000000e+00
1.655000000000000000e+02,0.000000000000000000e+00
1.665000000000000000e+02,0.000000000000000000e+00
1.675000000000000000e+02,0.000000000000000000e+00
1.685000000000000000e+02,0.000000000000000000e+00
1.695000000000000000e+02,0.000000000000000000e+00
1.705000000000000000e+02,0.000000000000000000e+00
1.715000000000000000e+02,0.000000000000000000e+00
1.725000000000000000e+02,0.000000000000000000e+00
1.735000000000000000e+02,0.000000000000000000e+00
1.745000000000000000e+02,0.000000000000000000e+00
1.755000000000000000e+02,0.000000000000000000e+00
1.765000000000000000e+02,0.000000000000000000e+00
1.775000000000000000e+02,0.000000000000000000e+00
1.785000000000000000e+02,0.000000000000000000e+00
1.795000000000000000e+02,0.000000000000000000e+00
1.805000000000000000e+02,0.000000000000000000e+00
1.815000000000000000e+02,0.000000000000000000e+00
1.825000000000000000e+02,0.000000000000000000e+00
1.835000000000000000e+02,0.000000000000000000e+00
1.845000000000000000e+02,0.000000000000000000e+00
1.855000000000000000e+02,0.000000000000000000e+00
1.865000000000000000e+02,0.000000000000000000e+00
1.875000000000000000e+02,0.000000000000000000e+00
1.885000000000000000e+02,0.000000000000000000e+00
1.895000000000000000e+02,0.000000000000000000e+00
1.905000000000000000e+02,0.000000000000000000e+00
1.915000000000000000e+02,0.000000000000000000e+00
1.925000000000000000e+02,0.000000000000000000e+00
1.935000000000000000e+02,0.000000000000000000e+00
1.945000000000000000e+02,0.000000000000000000e+00
1.955000000000000000e+02,0.000000000000000000e+00
1.965000000000000000e+02,0.000000000000000000e+00
1.975000000000000000e+02,0.000000000000000000e+00
1.985000000000000000e+02,0.000000000000000000e+00
1.995000000000000000e+02,0.000000000000000000e+00
2.005000000000000000e+02,0.000000000000000000e+00
2.015000000000000000e+02,0.000000000000000000e+00
2.025000000000000000e+02,0.000000000000000000e+00
2.035000000000000000e+02,0.000000000000000000e+00
2.045000000000000000e+02,0.000000000000000000e+00
2.055000000000000000e+02,0.000000000000000000e+00
2.065000000000000000e+02,0.000000000000000000e+00
2.075000000000000000e+02,0.000000000000000000e+00
2.085000000000000000e+02,0.000000000000000000e+00
2.095000000000000000e+02,0.000000000000000000e+00
2.105000000000000000e+02,0.000000000000000000e+00
2.115000000000000000e+02,0.000000000000000000e+00
2.125000000000000000e+02,0.000000000000000000e+00
2.135000000000000000e+02,0.000000000000000000e+00
2.145000000000000000e+02,0.000000000000000000e+00
2.155000000000000000e+02,0.000000000000000000e+00
2.165000000000000000e+02,0.000000000000000000e+00
2.175000000000000000e+02,0.000000000000000000e+00
2.185000000000000000e+02,0.000000000000000000e+00
2.195000000000000000e+02,0.000000000000000000e+00
2.205000000000000000e+02,0.000000000000000000e+00
2.215000000000000000e+02,0.000000000000000000e+00
2.225000000000000000e+02,0.000000000000000000e+00
2.235000000000000000e+02,0.000000000000000000e+00
2.245000000000000000e+02,0.000000000000000000e+00
2.255000000000000000e+02,0.000000000000000000e+00
2.265000000000000000e+02,0.000000000000000000e+00
2.275000000000000000e+02,0.000000000000000000e+00
2.285000000000000000e+02,0.000000000000000000e+00
2.295000000000000000e+02,0.000000000000000000e+00
2.305000000000000000e+02,0.000000000000000000e+00
2.315000000000000000e+02,0.000000000000000000e+00
2.325000000000000000e+02,0.000000000000000000e+00
2.335000000000000000e+02,0.000000000000000000e+00
2.345000000000000000e+02,0.000000000000000000e+00
2.355000000000000000e+02,0.000000000000000000e+00
2.365000000000000000e+02,0.000000000000000000e+00
2.375000000000000000e+02,0.000000000000000000e+00
2.385000000000000000e+02,0.000000000000000000e+00
2.395000000000000000e+02,0.000000000000000000e+00
2.405000000000000000e+02,0.000000000000000000e+00
2.415000000000000000e+02,0.000000000000000000e+00
2.425000000000000000e+02,0.000000000000000000e+00
2.435000000000000000e+02,0.000000000000000000e+00
2.445000000000000000e+02,0.000000000000000000e+00
2.455000000000000000e+02,0.000000000000000000e+00
2.465000000000000000e+02,0.000000000000000000e+00
2.475000000000000000e+02,0.000000000000000000e+00
2.485000000000000000e+02,0.000000000000000000e+00
2.495000000000000000e+02,0.000000000000000000e+00
2.505000000000000000e+02,0.000000000000000000e+00
2.515000000000000000e+02,0.000000000000000000e+00
2.525000000000000000e+02,0.000000000000000000e+00
2.535000000000000000e+02,0.000000000000000000e+00
2.545000000000000000e+02,0.000000000000000000e+00
2.555000000000000000e+02,0.000000000000000000e+00
2.565000000000000000e+02,0.000000000000000000e+00
2.575000000000000000e+02,0.000000000000000000e+00
2.585000000000000000e+02,0.000000000000000000e+00
2.595000000000000000e+02,0.000000000000000000e+00
2.605000000000000000e+02,0.000000000000000000e+00
2.615000000000000000e+02,0.000000000000000000e+00
2.625000000000000000e+02,0.000000000000000000e+00
2.635000000000000000e+02,0.000000000000000000e+00
2.645000000000000000e+02,0.000000000000000000e+00
2.655000000000000000e+02,0.000000000000000000e+00
2.665000000000000000e+02,0.000000000000000000e+00
2.675000000000000000e+02,0.000000000000000000e+00
2.685000000000000000e+02,0.000000000000000000e+00
2.695000000000000000e+02,0.000000000000000000e+00
2.705000000000000000e+02,0.000000000000000000e+00
2.715000000000000000e+02,0.000000000000000000e+00
2.725000000000000000e+02,0.000000000000000000e+00
2.735000000000000000e+02,0.000000000000000000e+00
2.745000000000000000e+02,0.000000000000000000e+00
2.755000000000000000e+02,0.000000000000000000e+00
2.765000000000000000e+02,0.000000000000000000e+00
2.775000000000000000e+02,0.000000000000000000e+00
2.785000000000000000e+02,0.000000000000000000e+00
2.795000000000000000e+02,0.000000000000000000e+00
2.805000000000000000e+02,0.000000000000000000e+00
2.815000000000000000e+02,0.000000000000000000e+00
2.825000000000000000e+02,0.000000000000000000e+00
2.835000000000000000e+02,0.000000000000000000e+00
2.845000000000000000e+02,0.000000000000000000e+00
2.855000000000000000e+02,0.000000000000000000e+00
2.865000000000000000e+02,0.000000000000000000e+00
2.875000000000000000e+02,0.000000000000000000e+00
2.885000000000000000e+02,0.000000000000000000e+00
2.895000000000000000e+02,0.000000000000000000e+00
2.905000000000000000e+02,0.000000000000000000e+00
2.915000000000000000e+02,0.000000000000000000e+00
2.925000000000000000e+02,0.000000000000000000e+00
2.935000000000000000e+02,0.000000000000000000e+00
2.945000000000000000e+02,0.000000000000000000e+00
2.955000000000000000e+02,0.000000000000000000e+00
2.965000000000000000e+02,0.000000000000000000e+00
2.975000000000000000e+02,0.000000000000000000e+00
2.985000000000000000e+02,0.000000000000000000e+00
2.995000000000000000e+02,0.000000000000000000e+00
