# Wavelength (nm)    Crosssection (cm^2)
5.000000000000000000e-01,5.820000000000000052e-25
1.500000000000000000e+00,2.230000000000000078e-23
2.500000000000000000e+00,1.113999999999999976e-22
3.500000000000000000e+00,3.522000000000000034e-22
4.500000000000000000e+00,7.908000000000000208e-22
5.500000000000000000e+00,1.495000000000000015e-21
6.500000000000000000e+00,2.554999999999999958e-21
7.500000000000000000e+00,4.592000000000000234e-21
8.500000000000000000e+00,6.033999999999999716e-21
9.500000000000000000e+00,8.540000000000000335e-21
1.050000000000000000e+01,1.166000000000000069e-20
1.150000000000000000e+01,1.545000000000000133e-20
1.250000000000000000e+01,1.998000000000000065e-20
1.350000000000000000e+01,2.530999999999999944e-20
1.450000000000000000e+01,3.150999999999999763e-20
1.550000000000000000e+01,3.861999999999999773e-20
1.650000000000000000e+01,4.671000000000000269e-20
1.750000000000000000e+01,5.583999999999999523e-20
1.850000000000000000e+01,6.605999999999999506e-20
1.950000000000000000e+01,7.742999999999999696e-20
2.050000000000000000e+01,8.998999999999999744e-20
2.150000000000000000e+01,1.038000000000000033e-19
2.250000000000000000e+01,1.188999999999999990e-19
2.350000000000000000e+01,1.353999999999999931e-19
2.450000000000000000e+01,1.533000000000000095e-19
2.550000000000000000e+01,1.726000000000000003e-19
2.650000000000000000e+01,1.933999999999999926e-19
2.750000000000000000e+01,2.157999999999999899e-19
2.850000000000000000e+01,2.398000000000000163e-19
2.950000000000000000e+01,2.652999999999999962e-19
3.050000000000000000e+01,2.925999999999999877e-19
3.150000000000000000e+01,3.214999999999999841e-19
3.250000000000000000e+01,3.522999999999999955e-19
3.350000000000000000e+01,3.848000000000000151e-19
3.450000000000000000e+01,4.192000000000000016e-19
3.550000000000000000e+01,4.553999999999999996e-19
3.650000000000000000e+01,4.936000000000000159e-19
3.750000000000000000e+01,5.336999999999999990e-19
3.850000000000000000e+01,5.757999999999999521e-19
3.950000000000000000e+01,6.198999999999999717e-19
4.050000000000000000e+01,6.660999999999999647e-19
4.150000000000000000e+01,7.144000000000000274e-19
4.250000000000000000e+01,7.647999999999999672e-19
4.350000000000000000e+01,8.173999999999999801e-19
4.450000000000000000e+01,8.722000000000000659e-19
4.550000000000000000e+01,9.292000000000000323e-19
4.650000000000000000e+01,9.884000000000000716e-19
4.750000000000000000e+01,1.049999999999999998e-18
4.850000000000000000e+01,1.114000000000000004e-18
4.950000000000000000e+01,1.180000000000000077e-18
5.050000000000000000e+01,1.249000000000000056e-18
5.150000000000000000e+01,1.319999999999999910e-18
5.250000000000000000e+01,1.393000000000000022e-18
5.350000000000000000e+01,1.469000000000000041e-18
5.450000000000000000e+01,1.546999999999999934e-18
5.550000000000000000e+01,1.627999999999999927e-18
5.650000000000000000e+01,1.710999999999999986e-18
5.750000000000000000e+01,1.797000000000000145e-18
5.850000000000000000e+01,1.884999999999999985e-18
5.950000000000000000e+01,1.976000000000000117e-18
6.050000000000000000e+01,2.070000000000000156e-18
6.150000000000000000e+01,2.165999999999999876e-18
6.250000000000000000e+01,2.264999999999999889e-18
6.350000000000000000e+01,2.366999999999999808e-18
6.450000000000000000e+01,2.471000000000000179e-18
6.550000000000000000e+01,2.578000000000000072e-18
6.650000000000000000e+01,2.689000000000000098e-18
6.750000000000000000e+01,2.800999999999999964e-18
6.850000000000000000e+01,2.916000000000000122e-18
6.950000000000000000e+01,3.034000000000000188e-18
7.050000000000000000e+01,3.155000000000000160e-18
7.150000000000000000e+01,3.279000000000000040e-18
7.250000000000000000e+01,3.404999999999999986e-18
7.350000000000000000e+01,3.535000000000000064e-18
7.450000000000000000e+01,3.668000000000000050e-18
7.550000000000000000e+01,3.802999999999999717e-18
7.650000000000000000e+01,3.941000000000000061e-18
7.750000000000000000e+01,4.082999999999999767e-18
7.850000000000000000e+01,4.225999999999999700e-18
7.950000000000000000e+01,4.373999999999999991e-18
8.050000000000000000e+01,4.523999999999999963e-18
8.150000000000000000e+01,4.678000000000000068e-18
8.250000000000000000e+01,4.832999999999999629e-18
8.350000000000000000e+01,4.993000000000000318e-18
8.450000000000000000e+01,5.154999999999999918e-18
8.550000000000000000e+01,5.320999999999999651e-18
8.650000000000000000e+01,5.488999999999999836e-18
8.750000000000000000e+01,5.661000000000000153e-18
8.850000000000000000e+01,5.835000000000000152e-18
8.950000000000000000e+01,6.013000000000000283e-18
9.050000000000000000e+01,6.194000000000000321e-18
9.150000000000000000e+01,1.207000000000000010e-18
9.250000000000000000e+01,0.000000000000000000e+00
9.350000000000000000e+01,0.000000000000000000e+00
9.450000000000000000e+01,0.000000000000000000e+00
9.550000000000000000e+01,0.000000000000000000e+00
9.650000000000000000e+01,0.000000000000000000e+00
9.750000000000000000e+01,0.000000000000000000e+00
9.850000000000000000e+01,0.000000000000000000e+00
9.950000000000000000e+01,0.000000000000000000e+00
1.005000000000000000e+02,0.000000000000000000e+00
1.015000000000000000e+02,0.000000000000000000e+00
1.025000000000000000e+02,0.000000000000000000e+00
1.035000000000000000e+02,0.000000000000000000e+00
1.045000000000000000e+02,0.000000000000000000e+00
1.055000000000000000e+02,0.000000000000000000e+00
1.065000000000000000e+02,0.000000000000000000e+00
1.075000000000000000e+02,0.000000000000000000e+00
1.085000000000000000e+02,0.000000000000000000e+00
1.095000000000000000e+02,0.000000000000000000e+00
1.105000000000000000e+02,0.000000000000000000e+00
1.115000000000000000e+02,0.000000000000000000e+00
1.125000000000000000e+02,0.000000000000000000e+00
1.135000000000000000e+02,0.000000000000000000e+00
1.145000000000000000e+02,0.000000000000000000e+00
1.155000000000000000e+02,0.000000000000000000e+00
1.165000000000000000e+02,0.000000000000000000e+00
1.175000000000000000e+02,0.000000000000000000e+00
1.185000000000000000e+02,0.000000000000000000e+00
1.195000000000000000e+02,0.000000000000000000e+00
1.205000000000000000e+02,0.000000000000000000e+00
1.215000000000000000e+02,0.000000000000000000e+00
1.225000000000000000e+02,0.000000000000000000e+00
1.235000000000000000e+02,0.000000000000000000e+00
1.245000000000000000e+02,0.000000000000000000e+00
1.255000000000000000e+02,0.000000000000000000e+00
1.265000000000000000e+02,0.000000000000000000e+00
1.275000000000000000e+02,0.000000000000000000e+00
1.285000000000000000e+02,0.000000000000000000e+00
1.295000000000000000e+02,0.000000000000000000e+00
1.305000000000000000e+02,0.000000000000000000e+00
1.315000000000000000e+02,0.000000000000000000e+00
1.325000000000000000e+02,0.000000000000000000e+00
1.335000000000000000e+02,0.000000000000000000e+00
1.345000000000000000e+02,0.000000000000000000e+00
1.355000000000000000e+02,0.000000000000000000e+00
1.365000000000000000e+02,0.000000000000000000e+00
1.375000000000000000e+02,0.000000000000000000e+00
1.385000000000000000e+02,0.000000000000000000e+00
1.395000000000000000e+02,0.000000000000000000e+00
1.405000000000000000e+02,0.000000000000000000e+00
1.415000000000000000e+02,0.000000000000000000e+00
1.425000000000000000e+02,0.000000000000000000e+00
1.435000000000000000e+02,0.000000000000000000e+00
1.445000000000000000e+02,0.000000000000000000e+00
1.455000000000000000e+02,0.000000000000000000e+00
1.465000000000000000e+02,0.000000000000000000e+00
1.475000000000000000e+02,0.000000000000000000e+00
1.485000000000000000e+02,0.000000000000000000e+00
1.495000000000000000e+02,0.000000000000000000e+00
1.505000000000000000e+02,0.000000000000000000e+00
1.515000000000000000e+02,0.000000000000000000e+00
1.525000000000000000e+02,0.000000000000000000e+00
1.535000000000000000e+02,0.000000000000000000e+00
1.545000000000000000e+02,0.000000000000000000e+00
1.555000000000000000e+02,0.000000000000000000e+00
1.565000000000000000e+02,0.000000000000000000e+00
1.575000000000000000e+02,0.000000000000000000e+00
1.585000000000000000e+02,0.000000000000000000e+00
1.595000000000000000e+02,0.000000000000000000e+00
1.605000000000000000e+02,0.000000000000000000e+00
1.615000000000000000e+02,0.000000000000000000e+00
1.625000000000000000e+02,0.000000000000000000e+00
1.635000000000000000e+02,0.000000000000000000e+00
1.645000000000000000e+02,0.000000000000000000e+00
1.655000000000000000e+02,0.000000000000000000e+00
1.665000000000000000e+02,0.000000000000000000e+00
1.675000000000000000e+02,0.000000000000000000e+00
1.685000000000000000e+02,0.000000000000000000e+00
1.695000000000000000e+02,0.000000000000000000e+00
1.705000000000000000e+02,0.000000000000000000e+00
1.715000000000000000e+02,0.000000000000000000e+00
1.725000000000000000e+02,0.000000000000000000e+00
1.735000000000000000e+02,0.000000000000000000e+00
1.745000000000000000e+02,0.000000000000000000e+00
1.755000000000000000e+02,0.000000000000000000e+00
1.765000000000000000e+02,0.000000000000000000e+00
1.775000000000000000e+02,0.000000000000000000e+00
1.785000000000000000e+02,0.000000000000000000e+00
1.795000000000000000e+02,0.000000000000000000e+00
1.805000000000000000e+02,0.000000000000000000e+00
1.815000000000000000e+02,0.000000000000000000e+00
1.825000000000000000e+02,0.000000000000000000e+00
1.835000000000000000e+02,0.000000000000000000e+00
1.845000000000000000e+02,0.000000000000000000e+00
1.855000000000000000e+02,0.000000000000000000e+00
1.865000000000000000e+02,0.000000000000000000e+00
1.875000000000000000e+02,0.000000000000000000e+00
1.885000000000000000e+02,0.000000000000000000e+00
1.895000000000000000e+02,0.000000000000000000e+00
1.905000000000000000e+02,0.000000000000000000e+00
1.915000000000000000e+02,0.000000000000000000e+00
1.925000000000000000e+02,0.000000000000000000e+00
1.935000000000000000e+02,0.000000000000000000e+00
1.945000000000000000e+02,0.000000000000000000e+00
1.955000000000000000e+02,0.000000000000000000e+00
1.965000000000000000e+02,0.000000000000000000e+00
1.975000000000000000e+02,0.000000000000000000e+00
1.985000000000000000e+02,0.000000000000000000e+00
1.995000000000000000e+02,0.000000000000000000e+00
2.005000000000000000e+02,0.000000000000000000e+00
2.015000000000000000e+02,0.000000000000000000e+00
2.025000000000000000e+02,0.000000000000000000e+00
2.035000000000000000e+02,0.000000000000000000e+00
2.045000000000000000e+02,0.000000000000000000e+00
2.055000000000000000e+02,0.000000000000000000e+00
2.065000000000000000e+02,0.000000000000000000e+00
2.075000000000000000e+02,0.000000000000000000e+00
2.085000000000000000e+02,0.000000000000000000e+00
2.095000000000000000e+02,0.000000000000000000e+00
2.105000000000000000e+02,0.000000000000000000e+00
2.115000000000000000e+02,0.000000000000000000e+00
2.125000000000000000e+02,0.000000000000000000e+00
2.135000000000000000e+02,0.000000000000000000e+00
2.145000000000000000e+02,0.000000000000000000e+00
2.155000000000000000e+02,0.000000000000000000e+00
2.165000000000000000e+02,0.000000000000000000e+00
2.175000000000000000e+02,0.000000000000000000e+00
2.185000000000000000e+02,0.000000000000000000e+00
2.195000000000000000e+02,0.000000000000000000e+00
2.205000000000000000e+02,0.000000000000000000e+00
2.215000000000000000e+02,0.000000000000000000e+00
2.225000000000000000e+02,0.000000000000000000e+00
2.235000000000000000e+02,0.000000000000000000e+00
2.245000000000000000e+02,0.000000000000000000e+00
2.255000000000000000e+02,0.000000000000000000e+00
2.265000000000000000e+02,0.000000000000000000e+00
2.275000000000000000e+02,0.000000000000000000e+00
2.285000000000000000e+02,0.000000000000000000e+00
2.295000000000000000e+02,0.000000000000000000e+00
2.305000000000000000e+02,0.000000000000000000e+00
2.315000000000000000e+02,0.000000000000000000e+00
2.325000000000000000e+02,0.000000000000000000e+00
2.335000000000000000e+02,0.000000000000000000e+00
2.345000000000000000e+02,0.000000000000000000e+00
2.355000000000000000e+02,0.000000000000000000e+00
2.365000000000000000e+02,0.000000000000000000e+00
2.375000000000000000e+02,0.000000000000000000e+00
2.385000000000000000e+02,0.000000000000000000e+00
2.395000000000000000e+02,0.000000000000000000e+00
2.405000000000000000e+02,0.000000000000000000e+00
2.415000000000000000e+02,0.000000000000000000e+00
2.425000000000000000e+02,0.000000000000000000e+00
2.435000000000000000e+02,0.000000000000000000e+00
2.445000000000000000e+02,0.000000000000000000e+00
2.455000000000000000e+02,0.000000000000000000e+00
2.465000000000000000e+02,0.000000000000000000e+00
2.475000000000000000e+02,0.000000000000000000e+00
2.485000000000000000e+02,0.000000000000000000e+00
2.495000000000000000e+02,0.000000000000000000e+00
2.505000000000000000e+02,0.000000000000000000e+00
2.515000000000000000e+02,0.000000000000000000e+00
2.525000000000000000e+02,0.000000000000000000e+00
2.535000000000000000e+02,0.000000000000000000e+00
2.545000000000000000e+02,0.000000000000000000e+00
2.555000000000000000e+02,0.000000000000000000e+00
2.565000000000000000e+02,0.000000000000000000e+00
2.575000000000000000e+02,0.000000000000000000e+00
2.585000000000000000e+02,0.000000000000000000e+00
2.595000000000000000e+02,0.000000000000000000e+00
2.605000000000000000e+02,0.000000000000000000e+00
2.615000000000000000e+02,0.000000000000000000e+00
2.625000000000000000e+02,0.000000000000000000e+00
2.635000000000000000e+02,0.000000000000000000e+00
2.645000000000000000e+02,0.000000000000000000e+00
2.655000000000000000e+02,0.000000000000000000e+00
2.665000000000000000e+02,0.000000000000000000e+00
2.675000000000000000e+02,0.000000000000000000e+00
2.685000000000000000e+02,0.000000000000000000e+00
2.695000000000000000e+02,0.000000000000000000e+00
2.705000000000000000e+02,0.000000000000000000e+00
2.715000000000000000e+02,0.000000000000000000e+00
2.725000000000000000e+02,0.000000000000000000e+00
2.735000000000000000e+02,0.000000000000000000e+00
2.745000000000000000e+02,0.000000000000000000e+00
2.755000000000000000e+02,0.000000000000000000e+00
2.765000000000000000e+02,0.000000000000000000e+00
2.775000000000000000e+02,0.000000000000000000e+00
2.785000000000000000e+02,0.000000000000000000e+00
2.795000000000000000e+02,0.000000000000000000e+00
2.805000000000000000e+02,0.000000000000000000e+00
2.815000000000000000e+02,0.000000000000000000e+00
2.825000000000000000e+02,0.000000000000000000e+00
2.835000000000000000e+02,0.000000000000000000e+00
2.845000000000000000e+02,0.000000000000000000e+00
2.855000000000000000e+02,0.000000000000000000e+00
2.865000000000000000e+02,0.000000000000000000e+00
2.875000000000000000e+02,0.000000000000000000e+00
2.885000000000000000e+02,0.000000000000000000e+00
2.895000000000000000e+02,0.000000000000000000e+00
2.905000000000000000e+02,0.000000000000000000e+00
2.915000000000000000e+02,0.000000000000000000e+00
2.925000000000000000e+02,0.000000000000000000e+00
2.935000000000000000e+02,0.000000000000000000e+00
2.945000000000000000e+02,0.000000000000000000e+00
2.955000000000000000e+02,0.000000000000000000e+00
2.965000000000000000e+02,0.000000000000000000e+00
2.975000000000000000e+02,0.000000000000000000e+00
2.985000000000000000e+02,0.000000000000000000e+00
2.995000000000000000e+02,0.000000000000000000e+00
