# λ (nm)	photon flux (γ/s/cm^2/nm)
0.5	71674.38027526223
1.5	7.001797862069918e6
2.5	1.8817673468302973e7
3.5	2.659082642264163e7
4.5	4.619965457294332e7
5.5	9.10270857111666e7
6.5	2.291099886254506e8
7.5	2.1785324624452448e8
8.5	2.4385994776963645e8
9.5	2.3794869097403708e8
10.5	1.989165801443209e8
11.5	1.531632620659094e8
12.5	8.268915142993659e7
13.5	9.659370788019799e7
14.5	2.193887956319026e8
15.5	1.900805543250713e8
16.5	3.395506912372865e8
17.5	2.503709153207621e9
18.5	1.9965567705150652e9
19.5	1.4480646377890253e9
20.5	9.268436528657316e8
21.5	6.725362740688003e8
22.5	1.1358751785474446e9
23.5	7.165288587063617e8
24.5	8.78735661707162e8
25.5	1.530208144836566e9
26.5	3.737861203219513e8
27.5	5.924194235025079e8
28.5	3.74665852748171e8
29.5	4.075219418093404e8
30.5	1.276884359336746e10
31.5	9.194676906181464e8
32.5	2.836306317332929e8
33.5	4.2334449726029193e8
34.5	1.0390106400156962e9
35.5	7.574274619251775e8
36.5	1.6172503108384697e9
37.5	8.545849434694268e7
38.5	1.1458527993893446e8
39.5	7.196040227303441e7
40.5	2.647696043078907e8
41.5	1.4769234893256083e8
42.5	1.8993232241190982e8
43.5	4.50348801318551e8
44.5	2.2912755813292187e8
45.5	2.71020171210189e8
46.5	8.118031210696926e8
47.5	3.378118533286575e8
48.5	5.1232720023050934e8
49.5	5.862515122132412e8
50.5	7.22766783809142e8
51.5	2.702710468819965e8
52.5	2.850617328676138e8
53.5	3.7877490552217126e8
54.5	2.2583579683025703e8
55.5	1.5350179959078987e9
56.5	3.297718049980414e8
57.5	2.6633983057077348e8
58.5	2.423601310450428e9
59.5	4.137477627413038e8
60.5	9.102746507119482e8
61.5	7.174800966801591e8
62.5	2.0821723701051052e9
63.5	1.9006693231417565e9
64.5	2.3324921627815673e8
65.5	2.190005668589705e8
66.5	2.418270126524305e8
67.5	1.933533996495699e8
68.5	4.7315703353694445e8
69.5	3.120294692180065e8
70.5	8.031018577194252e8
71.5	2.9030154943965423e8
72.5	2.54453147537843e8
73.5	1.8914739982806528e8
74.5	2.952942402009971e8
75.5	4.223734776842996e8
76.5	1.1627550097056983e9
77.5	1.0273182143440439e9
78.5	1.4833889943539848e9
79.5	1.0224161790055116e9
80.5	7.746243209831154e8
81.5	8.184582576677561e8
82.5	9.848917146526872e8
83.5	2.5042831975940094e9
84.5	1.418873034201005e9
85.5	1.7565032683553014e9
86.5	2.0096729446429331e9
87.5	2.467059832095665e9
88.5	2.9292675650033917e9
89.5	3.342395373927848e9
90.5	4.0588581431078963e9
91.5	3.5151024151780853e9
92.5	1.271308090155272e9
93.5	1.3706779275976534e9
94.5	9.864320336836104e8
95.5	8.120036422597175e8
96.5	5.861348503212514e8
97.5	1.1063793670005503e10
98.5	1.2943022810947196e9
99.5	1.8895072319802425e9
100.5	8.370628962743511e8
101.5	1.1330392855084875e9
102.5	8.966665192815758e9
103.5	8.628461336973476e9
104.5	1.3731418417555172e9
105.5	1.3382155830385602e9
106.5	1.4776006836842027e9
107.5	1.703365622812123e9
108.5	2.4297941055939984e9
109.5	1.9047447551392984e9
110.5	2.270330973657895e9
111.5	2.109723522115132e9
112.5	2.2351749009912376e9
113.5	1.4497702959712195e9
114.5	1.8547945198674643e9
115.5	2.045325590520069e9
116.5	2.648612664961018e9
117.5	8.710791323919718e9
118.5	3.5601830803788004e9
119.5	5.789614870570671e9
120.5	1.5834395225033537e10
121.5	7.075269082503152e11
122.5	7.291506815043074e9
123.5	4.742531524954199e9
124.5	3.419599092943847e9
125.5	3.1269856155037675e9
126.5	4.1795017390429688e9
127.5	2.3140308951771317e9
128.5	1.8640087716958566e9
129.5	2.0779781576359363e9
130.5	1.815883947714546e10
131.5	3.0558769487756677e9
132.5	2.435585691247283e9
133.5	2.1542204845162785e10
134.5	2.317773211768566e9
135.5	5.301519064414714e9
136.5	3.3138177762131257e9
137.5	3.6205169674117146e9
138.5	3.62562429954917e9
139.5	9.08087989824957e9
140.5	8.097513443005808e9
141.5	5.143715070483643e9
142.5	5.633703322233275e9
143.5	6.467545778415206e9
144.5	6.353437932685808e9
145.5	6.849443233816102e9
146.5	8.496815076069594e9
147.5	1.0712548249762903e10
148.5	1.105018397315696e10
149.5	9.990027045513079e9
150.5	1.1282254573233929e10
151.5	1.2252450437878918e10
152.5	1.5224797312473814e10
153.5	1.6974128450033361e10
154.5	2.833900011743391e10
155.5	2.5736108685836075e10
156.5	2.6449267476960224e10
157.5	2.3834234020480946e10
158.5	2.401610399671021e10
159.5	2.3964503538408806e10
160.5	2.684563398566693e10
161.5	3.2004989155912262e10
162.5	3.713842908312955e10
163.5	3.9804812980277565e10
164.5	4.6134248220733215e10
165.5	7.421709780131944e10
166.5	5.1258590398887344e10
167.5	6.030668374017538e10
168.5	6.777882877534796e10
169.5	8.967231286330215e10
170.5	1.0361301034023615e11
171.5	1.0502124390637001e11
172.5	1.15346581468046e11
173.5	1.1785841213387141e11
174.5	1.4522271598758282e11
175.5	1.788352393308884e11
176.5	1.9523487949421445e11
177.5	2.367545504427713e11
178.5	2.6539294823703595e11
179.5	2.6587091198612677e11
180.5	3.3898871858435815e11
181.5	4.012153308770284e11
182.5	3.937538941215698e11
183.5	4.23560956404757e11
184.5	3.6983670571136804e11
185.5	4.2386084926354126e11
186.5	4.923144286820821e11
187.5	5.557927292893901e11
188.5	6.011858542732141e11
189.5	6.618310831753218e11
190.5	7.059965480622744e11
191.5	7.586426783229988e11
192.5	8.134703198263047e11
193.5	6.386733280094806e11
194.5	1.0486932525447201e12
195.5	1.0279281175904075e12
196.5	1.16656715284567e12
197.5	1.1961738550440642e12
198.5	1.2164369831352163e12
199.5	1.3241949816522065e12
200.5	1.4498818003489216e12
201.5	1.6293221880665706e12
202.5	1.6169274719062756e12
203.5	1.8831261703194e12
204.5	2.091212062329045e12
205.5	2.15559148260992e12
206.5	2.2470177796393047e12
207.5	2.613952537463696e12
208.5	3.017962819925225e12
209.5	4.3929808347832314e12
210.5	5.781946239210355e12
211.5	7.021130558406793e12
212.5	6.680310409006597e12
213.5	6.067163956735224e12
214.5	8.676019651942149e12
215.5	7.110804502367256e12
216.5	6.901724885652145e12
217.5	6.701926482793882e12
218.5	9.526005678911385e12
219.5	1.0023845589536436e13
220.5	9.94582143893291e12
221.5	7.126680819057381e12
222.5	1.0527846966800123e13
223.5	1.3412451529916455e13
224.5	1.2382837920113223e13
225.5	1.0955248842272133e13
226.5	7.699712482758613e12
227.5	7.859210123907785e12
228.5	1.1339579738560889e13
229.5	9.662920399304238e12
230.5	1.1798775039257934e13
231.5	1.019556881902337e13
232.5	1.106963515276827e13
233.5	9.328834825383645e12
234.5	7.590211410128085e12
235.5	1.2262518806039537e13
236.5	9.458873911915059e12
237.5	1.1520569006896324e13
238.5	7.938681484014796e12
239.5	9.89448056072985e12
240.5	9.12723967366733e12
241.5	1.069437469244977e13
242.5	1.617532216170743e13
243.5	1.4803225552191686e13
244.5	1.411604445324326e13
245.5	1.1159885045477846e13
246.5	1.120316335237164e13
247.5	1.2989186156053041e13
248.5	1.0061059885252066e13
249.5	1.2898139128516473e13
250.5	1.363369101344017e13
251.5	1.056341629737792e13
252.5	9.385397304786336e12
253.5	1.2085976435026371e13
254.5	1.3537417444897586e13
255.5	1.931390146916777e13
256.5	2.3371857287454195e13
257.5	2.9220120062228008e13
258.5	3.1101884814218363e13
259.5	2.609056756859552e13
260.5	2.116975655703594e13
261.5	2.0767693307911832e13
262.5	2.65004443036165e13
263.5	3.900371343008319e13
264.5	6.1378623071912484e13
265.5	6.410128789391484e13
266.5	6.270583348197081e13
267.5	6.287922222388364e13
268.5	6.31002988379543e13
269.5	5.640339226521848e13
270.5	7.151262569039311e13
271.5	5.984925488156702e13
272.5	4.749004876936836e13
273.5	5.467526020105869e13
274.5	3.2059962233388477e13
275.5	4.632735058629012e13
276.5	6.4973127778114266e13
277.5	6.4466308495984805e13
278.5	4.252408250228199e13
279.5	1.9949864002979094e13
280.5	2.3289377330577973e13
281.5	5.575662226153409e13
282.5	7.815357425168831e13
283.5	8.72229948706898e13
284.5	6.712401443150746e13
285.5	3.3955522019401902e13
286.5	9.200266825688347e13
287.5	1.008951370343253e14
288.5	8.308118931316405e13
289.5	1.243661584314849e14
290.5	1.6697230981033488e14
291.5	1.5560709692148334e14
292.5	1.3650661021524655e14
293.5	1.5484283184490697e14
294.5	1.3980512696039286e14
295.5	1.5672995840114266e14
296.5	1.4056929184731636e14
297.5	1.505047889707662e14
298.5	1.1165318520163152e14
299.5	1.56769258405169e14
300.5	1.0311833476482881e14
301.5	1.4081103924459775e14
302.5	1.3775247671818227e14
303.5	1.8130142118821628e14
304.5	1.7108066889024662e14
305.5	1.79852542962393e14
306.5	1.6146434178753822e14
307.5	1.8708276650574588e14
308.5	1.884830758151493e14
309.5	1.4222950426458188e14
310.5	1.8211394413678797e14
311.5	2.082037534626534e14
312.5	1.9398283769270166e14
313.5	2.0243659648647303e14
314.5	1.972984771162226e14
315.5	1.8420489276520156e14
316.5	1.9447060346164725e14
317.5	2.1857645336107344e14
318.5	2.0173691456451516e14
319.5	2.1477583285286728e14
320.5	2.2893137874401275e14
321.5	2.1643575396793212e14
322.5	2.050941085751728e14
323.5	2.0641906265088906e14
324.5	2.3341455641288838e14
325.5	2.6990364653450656e14
326.5	2.986635161740555e14
327.5	2.943398497771574e14
328.5	2.9499710297878525e14
329.5	3.1885583811406506e14
330.5	3.1922011283055706e14
331.5	3.0483774377980206e14
332.5	2.984851194151008e14
333.5	2.9562450422563825e14
334.5	3.0306654050389294e14
335.5	2.9593186456262394e14
336.5	2.716207574938699e14
337.5	2.7597156756882816e14
338.5	2.974463042617368e14
339.5	3.1621857179585625e14
340.5	3.21275698138405e14
341.5	3.1724977708858244e14
342.5	3.224164522751998e14
343.5	3.0754424051375644e14
344.5	2.894930801183573e14
345.5	3.010057502473581e14
346.5	3.113635128553273e14
347.5	3.0719874971155594e14
348.5	3.0589456175308806e14
349.5	3.1835312673694975e14
350.5	3.3761895013784175e14
351.5	3.3587034299132356e14
352.5	3.3142210571962125e14
353.5	3.5371237274003844e14
354.5	3.7195222622638425e14
355.5	3.593410248043911e14
356.5	3.24316483707451e14
357.5	2.886282863348399e14
358.5	2.883117854306903e14
359.5	3.2239522791236e14
360.5	3.366333958072909e14
361.5	3.362548223858289e14
362.5	3.4392399241199725e14
363.5	3.569627879191777e14
364.5	3.7739491517029306e14
365.5	4.056153242055477e14
366.5	4.252581534670205e14
367.5	4.2585450154322625e14
368.5	4.230384294147002e14
369.5	4.2880824575315575e14
370.5	4.268603497219216e14
371.5	4.146961605603785e14
372.5	3.8436815040118256e14
373.5	3.5854358160506294e14
374.5	3.5388278207017625e14
375.5	3.750413961469515e14
376.5	4.1467622018624106e14
377.5	4.470263851583618e14
378.5	4.552194722560144e14
379.5	4.433445018550164e14
380.5	4.207413520517127e14
381.5	3.7927677536211044e14
382.5	3.357967341909151e14
383.5	3.172643130860557e14
384.5	3.3541924343053094e14
385.5	3.6052719614986056e14
386.5	3.728700017181931e14
387.5	3.803366988254219e14
388.5	3.979779213629039e14
389.5	4.3058620502435506e14
390.5	4.5071302830328894e14
391.5	4.3168286373218225e14
392.5	3.883398111888674e14
393.5	3.632373049064673e14
394.5	3.696223589288985e14
395.5	3.884712979453991e14
396.5	4.094511341806545e14
397.5	4.5281535093879956e14
398.5	5.240976515410986e14
399.5	5.970234302049592e14
400.5	6.482894033035058e14
401.5	6.701572095104469e14
402.5	6.753926681592665e14
403.5	6.715073464648721e14
404.5	6.62689659040353e14
405.5	6.547812996144469e14
406.5	6.55754095668271e14
407.5	6.600152168625822e14
408.5	6.677303331513715e14
409.5	6.763482347061326e14
410.5	6.829609178079938e14
411.5	6.963302624823364e14
412.5	7.047678206464526e14
413.5	7.123962562819584e14
414.5	7.15822312469532e14
415.5	7.133643206137152e14
416.5	7.11969249599619e14
417.5	7.059450681541955e14
418.5	7.056104725956346e14
419.5	7.064152937420968e14
420.5	7.078502276183242e14
421.5	7.109338527735441e14
422.5	7.070333819123311e14
423.5	7.041275537349198e14
424.5	7.003769827028166e14
425.5	6.949408692058742e14
426.5	6.865386134579398e14
427.5	6.66020695975999e14
428.5	6.449155894695825e14
429.5	6.295220196927742e14
430.5	6.274757621022784e14
431.5	6.450352365035279e14
432.5	6.729669974980939e14
433.5	7.021962132525981e14
434.5	7.271198681135149e14
435.5	7.417809573603985e14
436.5	7.493731937679829e14
437.5	7.506173678487785e14
438.5	7.539694990104801e14
439.5	7.629524423144176e14
440.5	7.76619849769735e14
441.5	7.951689384941291e14
442.5	8.116221513128875e14
443.5	8.225641976603829e14
444.5	8.310257575235421e14
445.5	8.373075030745782e14
446.5	8.468290718040399e14
447.5	8.621075100673885e14
448.5	8.762768365391608e14
449.5	8.868912432638172e14
450.5	8.948383933979758e14
451.5	8.958245476490436e14
452.5	8.926840984371638e14
453.5	8.916647657193719e14
454.5	8.934749687265869e14
455.5	8.964557520943672e14
456.5	9.017976847843995e14
457.5	9.079975394712524e14
458.5	9.129841737599388e14
459.5	9.17139904789951e14
460.5	9.215095455361671e14
461.5	9.245672286418589e14
462.5	9.255549168040582e14
463.5	9.240166366983808e14
464.5	9.208691369304922e14
465.5	9.17362657039957e14
466.5	9.13193727193012e14
467.5	9.116124287060392e14
468.5	9.130437258954812e14
469.5	9.157502096811469e14
470.5	9.203109327213175e14
471.5	9.268527155844558e14
472.5	9.336593249986231e14
473.5	9.398527819110594e14
474.5	9.461545725350159e14
475.5	9.522551605131461e14
476.5	9.57526561231716e14
477.5	9.627471145845258e14
478.5	9.674443226816368e14
479.5	9.698437598220178e14
480.5	9.691768669218016e14
481.5	9.617658752888609e14
482.5	9.504379001599038e14
483.5	9.367187377000745e14
484.5	9.229015279950138e14
485.5	9.114544138931735e14
486.5	9.045713652028848e14
487.5	9.044601364608219e14
488.5	9.095898003962852e14
489.5	9.17604774503501e14
490.5	9.263408469840822e14
491.5	9.348750961227922e14
492.5	9.422140281465204e14
493.5	9.469575816999541e14
494.5	9.502165833422621e14
495.5	9.507630174924679e14
496.5	9.4926850574411e14
497.5	9.472118445444601e14
498.5	9.440795611149365e14
499.5	9.409515483906065e14
500.5	9.38995784220132e14
501.5	9.385797143905164e14
502.5	9.402499721442986e14
503.5	9.4353145602492e14
504.5	9.478656965472625e14
505.5	9.52319506842895e14
506.5	9.560698973824691e14
507.5	9.58078544201401e14
508.5	9.585635712353632e14
509.5	9.576701878374325e14
510.5	9.547712253157381e14
511.5	9.483005173129172e14
512.5	9.391545773728405e14
513.5	9.302360264366062e14
514.5	9.221772584180669e14
515.5	9.151212641438175e14
516.5	9.094717846663386e14
517.5	9.06282189812316e14
518.5	9.099253863700089e14
519.5	9.161287215400956e14
520.5	9.227607817002535e14
521.5	9.293920009849314e14
522.5	9.365025491450909e14
523.5	9.443338232722538e14
524.5	9.514262164839751e14
525.5	9.564900189343868e14
526.5	9.600175365533375e14
527.5	9.63685772026434e14
528.5	9.695500705598611e14
529.5	9.747735505862405e14
530.5	9.79022556874511e14
531.5	9.821460861447329e14
532.5	9.843192399495784e14
533.5	9.859860124636832e14
534.5	9.868658013051062e14
535.5	9.867780254887071e14
536.5	9.855127158049381e14
537.5	9.841659733202858e14
538.5	9.831180901151582e14
539.5	9.826907899738616e14
540.5	9.828388787958826e14
541.5	9.835972062210546e14
542.5	9.84907127397772e14
543.5	9.86787169677168e14
544.5	9.890478936518568e14
545.5	9.911816628582116e14
546.5	9.929750061682018e14
547.5	9.952891648892896e14
548.5	9.972189339359626e14
549.5	9.987170157999135e14
550.5	9.993151273453168e14
551.5	9.991249493793209e14
552.5	9.984951733628464e14
553.5	9.97902512896595e14
554.5	9.97243406122085e14
555.5	9.964667295822656e14
556.5	9.95364648128578e14
557.5	9.943025812839594e14
558.5	9.934965396362446e14
559.5	9.936654637284375e14
560.5	9.944517824301621e14
561.5	9.954823730649724e14
562.5	9.962274451184308e14
563.5	9.974535577591256e14
564.5	9.990291265043205e14
565.5	1.0012696665325636e15
566.5	1.0035051242371852e15
567.5	1.0057346010046632e15
568.5	1.0077490646646131e15
569.5	1.0097022435140111e15
570.5	1.0115694418257104e15
571.5	1.0136679969516811e15
572.5	1.0158674183207252e15
573.5	1.0180117810453685e15
574.5	1.019878806393718e15
575.5	1.0213909178238876e15
576.5	1.0224883484527449e15
577.5	1.0234523913691818e15
578.5	1.0242737973241029e15
579.5	1.0244517676814209e15
580.5	1.0238714661912901e15
581.5	1.0229018324572456e15
582.5	1.0217922668440179e15
583.5	1.0204100189643249e15
584.5	1.0189848064615098e15
585.5	1.0174937881660228e15
586.5	1.0161207958342894e15
587.5	1.0148099234594386e15
588.5	1.014050362533024e15
589.5	1.0135097911555234e15
590.5	1.0139367065836922e15
591.5	1.0144245557893552e15
592.5	1.0150105743697119e15
593.5	1.0156533893412442e15
594.5	1.016333070582983e15
595.5	1.0170392753715819e15
596.5	1.017749157832429e15
597.5	1.0183225916402054e15
598.5	1.0187759965683575e15
599.5	1.0186567621744684e15
600.5	1.0183603796094584e15
601.5	1.0177094451170962e15
602.5	1.0170058247989464e15
603.5	1.0162435559557536e15
604.5	1.0150912650490055e15
605.5	1.0136745680208572e15
606.5	1.0118393120219245e15
607.5	1.0098334255210402e15
608.5	1.0078903401191108e15
609.5	1.0059530020838461e15
610.5	1.0042828814931768e15
611.5	1.0026329345400975e15
612.5	1.0009171694687236e15
613.5	9.991904107716034e14
614.5	9.976767903818536e14
615.5	9.961962523022882e14
616.5	9.957467436571976e14
617.5	9.953359037604042e14
618.5	9.956305699772721e14
619.5	9.95898947827213e14
620.5	9.958173173125501e14
621.5	9.957273860034701e14
622.5	9.955633440529986e14
623.5	9.95395153573593e14
624.5	9.95372603641058e14
625.5	9.953448687167171e14
626.5	9.954624424695702e14
627.5	9.955815922357659e14
628.5	9.952152572948805e14
629.5	9.947831885251839e14
630.5	9.94215287015645e14
631.5	9.936081627108836e14
632.5	9.931442815481386e14
633.5	9.927415282008811e14
634.5	9.923710090455001e14
635.5	9.920234440237135e14
636.5	9.914654747705755e14
637.5	9.906294883957075e14
638.5	9.897975550611685e14
639.5	9.889894591779968e14
640.5	9.881852376533284e14
641.5	9.874876011116752e14
642.5	9.867829794706101e14
643.5	9.848697732707118e14
644.5	9.827971043154759e14
645.5	9.80605442028944e14
646.5	9.783514507546249e14
647.5	9.761747096207051e14
648.5	9.740999197044511e14
649.5	9.72075432384449e14
650.5	9.70302036773864e14
651.5	9.685185872123294e14
652.5	9.668881314508045e14
653.5	9.6526427181686e14
654.5	9.641332402148971e14
655.5	9.633025906607014e14
656.5	9.629848668073089e14
657.5	9.638767735452141e14
658.5	9.647669314162761e14
659.5	9.661167775267569e14
660.5	9.674805670149826e14
661.5	9.687717349848468e14
662.5	9.700160738252389e14
663.5	9.712190300371876e14
664.5	9.722846767248642e14
665.5	9.733491251136105e14
666.5	9.742935814305264e14
667.5	9.75213821643196e14
668.5	9.758352766548508e14
669.5	9.76043238785631e14
670.5	9.762474614795094e14
671.5	9.756204899281084e14
672.5	9.749704024622315e14
673.5	9.742580941339489e14
674.5	9.7348551367735e14
675.5	9.727066534113621e14
676.5	9.71930937856571e14
677.5	9.711486718337926e14
678.5	9.703044294526904e14
679.5	9.694022354604744e14
680.5	9.684931768123549e14
681.5	9.675472833859981e14
682.5	9.665944373503338e14
683.5	9.656379194258025e14
684.5	9.646786400630522e14
685.5	9.637124299086469e14
686.5	9.626393203747772e14
687.5	9.615440292135491e14
688.5	9.604258981722032e14
689.5	9.592582868090074e14
690.5	9.58083242333517e14
691.5	9.569139109153516e14
692.5	9.55744273350534e14
693.5	9.545678754933051e14
694.5	9.534450105860741e14
695.5	9.523149482285349e14
696.5	9.512000994808558e14
697.5	9.50121683919536e14
698.5	9.49036260182518e14
699.5	9.479788052296922e14
700.5	9.469333027789912e14
701.5	9.458809460073668e14
702.5	9.448752341679065e14
703.5	9.438662400254956e14
704.5	9.428315593477892e14
705.5	9.417140476247059e14
706.5	9.405895740005571e14
707.5	9.394610012587358e14
708.5	9.383292749246752e14
709.5	9.371906055097215e14
710.5	9.36032321478669e14
711.5	9.348602259597501e14
712.5	9.336811324840208e14
713.5	9.324909960720145e14
714.5	9.312930207138499e14
715.5	9.300880337381342e14
716.5	9.289303710016674e14
717.5	9.277663979309202e14
718.5	9.266194850281285e14
719.5	9.256260735923026e14
720.5	9.246263158889829e14
721.5	9.236340068651525e14
722.5	9.226791343583222e14
723.5	9.217180749157949e14
724.5	9.207503265864082e14
725.5	9.197753218172045e14
726.5	9.187941257821521e14
727.5	9.178438296445112e14
728.5	9.169480445560662e14
729.5	9.16046336540809e14
730.5	9.151881514395052e14
731.5	9.143954299617849e14
732.5	9.13597115740994e14
733.5	9.12773335825765e14
734.5	9.119164279667274e14
735.5	9.110537983488022e14
736.5	9.102016273494689e14
737.5	9.093680820499602e14
738.5	9.085289248379826e14
739.5	9.077635102661638e14
740.5	9.071402704262499e14
741.5	9.065120318646535e14
742.5	9.05918692545231e14
743.5	9.05423194912358e14
744.5	9.049230823765984e14
745.5	9.044182000351425e14
746.5	9.039079450705691e14
747.5	9.033930727585942e14
748.5	9.028686599752149e14
749.5	9.022213038580568e14
750.5	9.015690015274979e14
751.5	9.009117529835385e14
752.5	9.003050310193228e14
753.5	8.997003755768315e14
754.5	8.990909395793611e14
755.5	8.983943486274375e14
756.5	8.976574090121485e14
757.5	8.969153773191445e14
758.5	8.961261567362179e14
759.5	8.952878602605806e14
760.5	8.94444245176281e14
761.5	8.935916236246175e14
762.5	8.92721980223486e14
763.5	8.91846977856298e14
764.5	8.909666165230532e14
765.5	8.901712100359719e14
766.5	8.893734774027115e14
767.5	8.88570629061456e14
768.5	8.878536188794528e14
769.5	8.871765861608032e14
770.5	8.864947910250905e14
771.5	8.858117946355044e14
772.5	8.851306672218042e14
773.5	8.844448037675851e14
774.5	8.837542042728472e14
775.5	8.830148853973801e14
776.5	8.822702722001279e14
777.5	8.815208083843655e14
778.5	8.807643181288064e14
779.5	8.80001519254175e14
780.5	8.792338604447354e14
781.5	8.784551429762856e14
782.5	8.776450897547144e14
783.5	8.768300931054001e14
784.5	8.760101530283429e14
785.5	8.750744188094195e14
786.5	8.740944617889888e14
787.5	8.731091799321268e14
788.5	8.720982947018276e14
789.5	8.710271365102692e14
790.5	8.699504629795718e14
791.5	8.688682741097346e14
792.5	8.678832459378202e14
793.5	8.669236697113601e14
794.5	8.659589146643792e14
795.5	8.650081890673436e14
796.5	8.64116719728203e14
797.5	8.632202815351526e14
798.5	8.623188744881928e14
799.5	8.613331349840708e14
800.5	8.6030308966454e14
801.5	8.592677791730529e14
802.5	8.582349978941289e14
803.5	8.572867179857131e14
804.5	8.563334157210581e14
805.5	8.553750911001638e14
806.5	8.544745510204371e14
807.5	8.536460035035831e14
808.5	8.52812779745513e14
809.5	8.519748797462264e14
810.5	8.510697043637376e14
811.5	8.501440291753019e14
812.5	8.492134846576118e14
813.5	8.48270575776434e14
814.5	8.472620629546332e14
815.5	8.462485132887045e14
816.5	8.452299267786474e14
817.5	8.442613473336604e14
818.5	8.433705325703384e14
819.5	8.424750176228836e14
820.5	8.415748024912958e14
821.5	8.407602590754156e14
822.5	8.399899565197146e14
823.5	8.392152922672624e14
824.5	8.384362663180591e14
825.5	8.375516876031866e14
826.5	8.366486865306732e14
827.5	8.35741045166979e14
828.5	8.348054108220638e14
829.5	8.335544481642866e14
830.5	8.322980398807292e14
831.5	8.310361859713914e14
832.5	8.297412162912228e14
833.5	8.283530071326546e14
834.5	8.269590753698769e14
835.5	8.255594210028899e14
836.5	8.242014315196624e14
837.5	8.229186159931238e14
838.5	8.216303840770601e14
839.5	8.203367357714716e14
840.5	8.189193846307575e14
841.5	8.173627900913554e14
842.5	8.158001802967806e14
843.5	8.142315552470335e14
844.5	8.125742621022609e14
845.5	8.108402666113985e14
846.5	8.090998933767561e14
847.5	8.073531423983334e14
848.5	8.058020531744384e14
849.5	8.04391539325694e14
850.5	8.029754688149904e14
851.5	8.015538416423275e14
852.5	8.00427406010992e14
853.5	7.995053589543329e14
854.5	7.985789511130575e14
855.5	7.97648182487166e14
856.5	7.969002034114689e14
857.5	7.962896489867506e14
858.5	7.956755004649136e14
859.5	7.950577578459574e14
860.5	7.944694279179416e14
861.5	7.939093298658531e14
862.5	7.933457881389404e14
863.5	7.927788027372035e14
864.5	7.923549313166729e14
865.5	7.921224541053539e14
866.5	7.918873217253028e14
867.5	7.916495341765191e14
868.5	7.915270032219576e14
869.5	7.916529396249049e14
870.5	7.917770693893652e14
871.5	7.918993925153392e14
872.5	7.919906814832826e14
873.5	7.91937234197614e14
874.5	7.918815861724029e14
875.5	7.918237374076494e14
876.5	7.917636879033538e14
877.5	7.91497637656903e14
878.5	7.912289221694794e14
879.5	7.909575414410832e14
880.5	7.906834954717142e14
881.5	7.904064887958625e14
882.5	7.901267375781034e14
883.5	7.898443202708024e14
884.5	7.89559236873959e14
885.5	7.892214850544228e14
886.5	7.88841622294409e14
887.5	7.884588917737505e14
888.5	7.880732934924475e14
889.5	7.876258634458938e14
890.5	7.870309106180339e14
891.5	7.864326328644839e14
892.5	7.858310301852442e14
893.5	7.852261025803149e14
894.5	7.845125849692826e14
895.5	7.837955070718442e14
896.5	7.830748688879998e14
897.5	7.82350670417749e14
898.5	7.815369081322282e14
899.5	7.806769870300491e14
900.5	7.798132199130812e14
901.5	7.789456067813245e14
902.5	7.781103798299046e14
903.5	7.773521223686029e14
904.5	7.765902779020386e14
905.5	7.75824846430212e14
906.5	7.750558279531231e14
907.5	7.743312734822714e14
908.5	7.736068586318958e14
909.5	7.728789706445868e14
910.5	7.721476095203442e14
911.5	7.713964080604674e14
912.5	7.706259549510528e14
913.5	7.698519582877072e14
914.5	7.690744180704312e14
915.5	7.682890497836092e14
916.5	7.674431435558048e14
917.5	7.66593560060545e14
918.5	7.657402992978299e14
919.5	7.648833612676592e14
920.5	7.64084899217742e14
921.5	7.633261331041648e14
922.5	7.625639186084941e14
923.5	7.617982557307291e14
924.5	7.610334925879894e14
925.5	7.603093023195589e14
926.5	7.595817681847996e14
927.5	7.588508901837119e14
928.5	7.581166683162954e14
929.5	7.573218364830444e14
930.5	7.564784943643235e14
931.5	7.556315883450795e14
932.5	7.547811184253121e14
933.5	7.539270846050212e14
934.5	7.530725050187878e14
935.5	7.522143679913876e14
936.5	7.513526735228218e14
937.5	7.50487421613089e14
938.5	7.496761609133245e14
939.5	7.48944367565358e14
940.5	7.48209315897299e14
941.5	7.474710059091469e14
942.5	7.467294376009022e14
943.5	7.461104108558422e14
944.5	7.455198757612308e14
945.5	7.449264156795505e14
946.5	7.443300306108014e14
947.5	7.437337844408921e14
948.5	7.431520000953999e14
949.5	7.425673338782075e14
950.5	7.419797857893155e14
951.5	7.413893558287238e14
952.5	7.407960439964324e14
953.5	7.401708118851591e14
954.5	7.395334573525224e14
955.5	7.388931408046506e14
956.5	7.38249862241543e14
957.5	7.376244466895476e14
958.5	7.372068966867049e14
959.5	7.367868679880659e14
960.5	7.36364360593631e14
961.5	7.359393745034001e14
962.5	7.355314830736342e14
963.5	7.35151800164215e14
964.5	7.347697428459468e14
965.5	7.343853111188289e14
966.5	7.339985049828614e14
967.5	7.335837967131381e14
968.5	7.331540749113138e14
969.5	7.32721899938713e14
970.5	7.322872717953364e14
971.5	7.318501904811838e14
972.5	7.312879378193505e14
973.5	7.307122974913095e14
974.5	7.30133929669978e14
975.5	7.295528343553558e14
976.5	7.289488131087382e14
977.5	7.282274479681464e14
978.5	7.275030795405965e14
979.5	7.267757078260889e14
980.5	7.260453328246232e14
981.5	7.25300503688127e14
982.5	7.245313604039086e14
983.5	7.237591471659796e14
984.5	7.229838639743405e14
985.5	7.22205510828991e14
986.5	7.214211716778545e14
987.5	7.206310621921382e14
988.5	7.198378713836444e14
989.5	7.190415992523724e14
990.5	7.182422457983229e14
991.5	7.17415900748616e14
992.5	7.165751629041522e14
993.5	7.157312728096978e14
994.5	7.14884230465252e14
995.5	7.140340358708155e14
996.5	7.132549069199415e14
997.5	7.124913477692441e14
998.5	7.117248225649775e14
999.5	7.10955331307141e14
1000.5	7.101828739957348e14
1001.5	7.095295727362699e14
1002.5	7.088856393719849e14
1003.5	7.082390079523644e14
1004.5	7.07589678477409e14
1005.5	7.069376509471186e14
1006.5	7.06382424216967e14
1007.5	7.05825703181552e14
1008.5	7.05266483800478e14
1009.5	7.047047660737449e14
1010.5	7.041373023777322e14
1011.5	7.035055679958404e14
1012.5	7.028712067131735e14
1013.5	7.022342185297314e14
1014.5	7.015946034455138e14
1015.5	7.009550015445762e14
1016.5	7.003431688066252e14
1017.5	6.997287741625825e14
1018.5	6.991118176124486e14
1019.5	6.984922991562231e14
1020.5	6.978747933374651e14
1021.5	6.973010336206879e14
1022.5	6.967248116122468e14
1023.5	6.961461273121419e14
1024.5	6.955649807203734e14
1025.5	6.949790287952829e14
1026.5	6.94366896152762e14
1027.5	6.937522504456936e14
1028.5	6.931350916740776e14
1029.5	6.925154198379139e14
1030.5	6.918886700354546e14
1031.5	6.911878121147125e14
1032.5	6.90484293469654e14
1033.5	6.897781141002794e14
1034.5	6.890692740065881e14
1035.5	6.883573285523199e14
1036.5	6.875986600151949e14
1037.5	6.868372448751902e14
1038.5	6.860730831323064e14
1039.5	6.853061747865429e14
1040.5	6.845365198378998e14
1041.5	6.837564536175016e14
1042.5	6.829730486112214e14
1043.5	6.821868811756971e14
1044.5	6.813979513109284e14
1045.5	6.806062590169156e14
1046.5	6.797624944198866e14
1047.5	6.78906471823991e14
1048.5	6.780475746111194e14
1049.5	6.771858027812718e14
1050.5	6.76321156334448e14
1051.5	6.753516101417026e14
1052.5	6.743412240668261e14
1053.5	6.733276975443495e14
1054.5	6.723110305742729e14
1055.5	6.712912231565961e14
1056.5	6.702563208454898e14
1057.5	6.692102782825225e14
1058.5	6.681610575548206e14
1059.5	6.671086586623838e14
1060.5	6.660530816052119e14
1061.5	6.64983144137639e14
1062.5	6.638968680860771e14
1063.5	6.62807368068123e14
1064.5	6.61714644083777e14
1065.5	6.606186961330384e14
1066.5	6.595367430202728e14
1067.5	6.584937941423044e14
1068.5	6.57447732643818e14
1069.5	6.56398558524814e14
1070.5	6.553462717852916e14
1071.5	6.543045543934219e14
1072.5	6.53370552792361e14
1073.5	6.524336707341581e14
1074.5	6.514939082188138e14
1075.5	6.505512652463275e14
1076.5	6.496057418166994e14
1077.5	6.487864616870944e14
1078.5	6.479773231066475e14
1079.5	6.471655674458355e14
1080.5	6.46351194704659e14
1081.5	6.455342048831181e14
1082.5	6.448404337657939e14
1083.5	6.442008652031244e14
1084.5	6.435590165036514e14
1085.5	6.429148876673744e14
1086.5	6.422684786942934e14
1087.5	6.416772457605881e14
1088.5	6.411513489329156e14
1089.5	6.406234016782886e14
1090.5	6.400934039967076e14
1091.5	6.395613558881726e14
1092.5	6.39045444267941e14
1093.5	6.385959955826528e14
1094.5	6.381446550138584e14
1095.5	6.376914225615579e14
1096.5	6.372362982257506e14
1097.5	6.367792820064374e14
1098.5	6.363643253112494e14
1099.5	6.359498720911144e14
1100.5	6.355336112198624e14
1101.5	6.351155426974931e14
1102.5	6.346956665240064e14
1103.5	6.342480958077329e14
1104.5	6.337859087080926e14
1105.5	6.333218439307799e14
1106.5	6.32855901475795e14
1107.5	6.323880813431374e14
1108.5	6.318943688748475e14
1109.5	6.313578086901404e14
1110.5	6.30819253724502e14
1111.5	6.302787039779331e14
1112.5	6.297361594504335e14
1113.5	6.291898819704944e14
1114.5	6.286184929986099e14
1115.5	6.280450646458458e14
1116.5	6.274695969122016e14
1117.5	6.26892089797678e14
1118.5	6.263125433022748e14
1119.5	6.25722301936335e14
1120.5	6.251271179859731e14
1121.5	6.245298740372184e14
1122.5	6.23930570090071e14
1123.5	6.23329206144531e14
1124.5	6.22707369979976e14
1125.5	6.220569218729359e14
1126.5	6.214043338958178e14
1127.5	6.207496060486212e14
1128.5	6.200927383313469e14
1129.5	6.194343398464986e14
1130.5	6.187819020965056e14
1131.5	6.181273398840739e14
1132.5	6.174706532092034e14
1133.5	6.168118420718941e14
1134.5	6.161509064721462e14
1135.5	6.155127862937338e14
1136.5	6.148827812646796e14
1137.5	6.142507136430181e14
1138.5	6.136165834287495e14
1139.5	6.129803906218738e14
1140.5	6.123441338837545e14
1141.5	6.117097012141274e14
1142.5	6.110732162603819e14
1143.5	6.104346790225179e14
1144.5	6.097940895005358e14
1145.5	6.091514476944352e14
1146.5	6.084494383853301e14
1147.5	6.077435026274056e14
1148.5	6.070354115101696e14
1149.5	6.06325165033622e14
1150.5	6.056127631977628e14
1151.5	6.048948675752144e14
1152.5	6.041723912136425e14
1153.5	6.034477494955222e14
1154.5	6.027209424208534e14
1155.5	6.019919699896355e14
1156.5	6.012676685423718e14
1157.5	6.005723838189291e14
1158.5	5.998749994192996e14
1159.5	5.991755153434839e14
1160.5	5.984739315914816e14
1161.5	5.97770248163293e14
1162.5	5.97056056692192e14
1163.5	5.963372373283289e14
1164.5	5.956162995012568e14
1165.5	5.948932432109758e14
1166.5	5.941680684574859e14
1167.5	5.934330732016695e14
1168.5	5.926816302500024e14
1169.5	5.919280311377798e14
1170.5	5.911722758650019e14
1171.5	5.904143644316685e14
1172.5	5.896542968377796e14
1173.5	5.889257818903884e14
1174.5	5.881977076166095e14
1175.5	5.874675389565042e14
1176.5	5.867352759100731e14
1177.5	5.860009184773159e14
1178.5	5.853112721685689e14
1179.5	5.846683681824139e14
1180.5	5.840235319167628e14
1181.5	5.83376763371616e14
1182.5	5.827280625469731e14
1183.5	5.820821507470882e14
1184.5	5.815240952232572e14
1185.5	5.809642669908386e14
1186.5	5.804026660498325e14
1187.5	5.79839292400239e14
1188.5	5.792741460420581e14
1189.5	5.787297547883644e14
1190.5	5.781986598718474e14
1191.5	5.776658553763859e14
1192.5	5.771313413019798e14
1193.5	5.76595117648629e14
1194.5	5.760684917307516e14
1195.5	5.756043035894355e14
1196.5	5.751385320844885e14
1197.5	5.74671177215911e14
1198.5	5.742022389837024e14
1199.5	5.737317173878631e14
1200.5	5.733251007227095e14
1201.5	5.72947853487466e14
1202.5	5.725691833322654e14
1203.5	5.721890902571076e14
1204.5	5.71807574261993e14
1205.5	5.714285378966224e14
1206.5	5.710619328761005e14
1207.5	5.706939343655051e14
1208.5	5.703245423648361e14
1209.5	5.699537568740936e14
1210.5	5.695815778932776e14
1211.5	5.692108800515802e14
1212.5	5.688398043039122e14
1213.5	5.684673414791035e14
1214.5	5.680934915771539e14
1215.5	5.677182545980636e14
1216.5	5.67336175903813e14
1217.5	5.669379413165701e14
1218.5	5.665382864382729e14
1219.5	5.661372112689214e14
1220.5	5.65734715808515e14
1221.5	5.653308000570542e14
1222.5	5.648940937865606e14
1223.5	5.644470606529181e14
1224.5	5.63998541431508e14
1225.5	5.635485361223299e14
1226.5	5.63097044725384e14
1227.5	5.626311249054665e14
1228.5	5.621334745264717e14
1229.5	5.6163426776868275e14
1230.5	5.6113350463210006e14
1231.5	5.606311851167231e14
1232.5	5.601273092225522e14
1233.5	5.5959645681671775e14
1234.5	5.590580392345986e14
1235.5	5.5851801438940494e14
1236.5	5.579763822811365e14
1237.5	5.574331429097935e14
1238.5	5.5688409150007306e14
1239.5	5.5632405946443706e14
1240.5	5.5576239826214756e14
1241.5	5.551991078932042e14
1242.5	5.546341883576072e14
1243.5	5.5406763965535644e14
1244.5	5.5343788462146644e14
1245.5	5.527928736620431e14
1246.5	5.5214611285440156e14
1247.5	5.514976021985417e14
1248.5	5.508473416944634e14
1249.5	5.50182322158824e14
1250.5	5.4948786531288e14
1251.5	5.487915935467719e14
1252.5	5.4809350686049994e14
1253.5	5.473936052540643e14
1254.5	5.4669188872746444e14
1255.5	5.460307964968183e14
1256.5	5.4537728029687206e14
1257.5	5.4472203162222844e14
1258.5	5.440650504728875e14
1259.5	5.4340633684884906e14
1260.5	5.4276346490885744e14
1261.5	5.421580360871737e14
1262.5	5.4155096474055006e14
1263.5	5.409422508689867e14
1264.5	5.4033189447248344e14
1265.5	5.397198955510402e14
1266.5	5.391169802006722e14
1267.5	5.385149572479403e14
1268.5	5.37911312681589e14
1269.5	5.373060465016188e14
1270.5	5.3669915870802944e14
1271.5	5.3611509529232606e14
1272.5	5.355865342229672e14
1273.5	5.350564797140174e14
1274.5	5.345249317654764e14
1275.5	5.3399189037734425e14
1276.5	5.33457355549621e14
1277.5	5.330033556814444e14
1278.5	5.325685139461796e14
1279.5	5.321323392965665e14
1280.5	5.316948317326055e14
1281.5	5.312559912542962e14
1282.5	5.3084418594919106e14
1283.5	5.305005990267893e14
1284.5	5.301558317373946e14
1285.5	5.298098840810069e14
1286.5	5.294627560576263e14
1287.5	5.291144476672531e14
1288.5	5.287573826734993e14
1289.5	5.283969870073594e14
1290.5	5.280353958975893e14
1291.5	5.2767260934418894e14
1292.5	5.273086273471584e14
1293.5	5.269381573822368e14
1294.5	5.265528639209882e14
1295.5	5.2616634579017606e14
1296.5	5.257786029898004e14
1297.5	5.253896355198615e14
1298.5	5.249994433803588e14
1299.5	5.246194755318182e14
1300.5	5.2424172308529694e14
1301.5	5.2386276885305944e14
1302.5	5.234826128351058e14
1303.5	5.231012550314367e14
1304.5	5.227105374083289e14
1305.5	5.2229536867375125e14
1306.5	5.218789500475894e14
1307.5	5.214612815298428e14
1308.5	5.210423631205116e14
1309.5	5.20622194819596e14
1310.5	5.2020547555195956e14
1311.5	5.1978899856723594e14
1312.5	5.193712811267092e14
1313.5	5.1895232323037975e14
1314.5	5.1853212487824706e14
1315.5	5.181123654722078e14
1316.5	5.176961516332594e14
1317.5	5.172787071587106e14
1318.5	5.168600320485609e14
1319.5	5.1644012630281056e14
1320.5	5.1601898992145956e14
1321.5	5.1560904795425956e14
1322.5	5.152018208249706e14
1323.5	5.1479338780279706e14
1324.5	5.14383748887739e14
1325.5	5.1397290407979625e14
1326.5	5.135580088738486e14
1327.5	5.13133801483887e14
1328.5	5.1270837170589656e14
1329.5	5.122817195398776e14
1330.5	5.1185384498583e14
1331.5	5.1142474804375375e14
1332.5	5.11002005647344e14
1333.5	5.1058044674697694e14
1334.5	5.1015768042240794e14
1335.5	5.0973370667363706e14
1336.5	5.093085255006644e14
1337.5	5.0886957573948675e14
1338.5	5.083954127135203e14
1339.5	5.079199726965041e14
1340.5	5.0744325568843806e14
1341.5	5.069652616893219e14
1342.5	5.064859906991559e14
1343.5	5.0599373890380744e14
1344.5	5.054968891616844e14
1345.5	5.049987400914964e14
1346.5	5.0449929169324344e14
1347.5	5.0399854396692525e14
1348.5	5.0350399576066225e14
1349.5	5.030265322115135e14
1350.5	5.025478076852035e14
1351.5	5.0206782218173225e14
1352.5	5.015865757011e14
1353.5	5.0110406824330656e14
1354.5	5.006210502119112e14
1355.5	5.0013694846191056e14
1356.5	4.996515871026693e14
1357.5	4.991649661341875e14
1358.5	4.9867708555646494e14
1359.5	4.981921503144861e14
1360.5	4.97714505241572e14
1361.5	4.972356193049228e14
1362.5	4.967554925045388e14
1363.5	4.9627412484042006e14
1364.5	4.957915163125662e14
1365.5	4.953504948778795e14
1366.5	4.949152724068667e14
1367.5	4.944788820123604e14
1368.5	4.9404132369436075e14
1369.5	4.9360259745286756e14
1370.5	4.9316712602497906e14
1371.5	4.927377144377952e14
1372.5	4.9230715191184156e14
1373.5	4.918754384471182e14
1374.5	4.914425740436248e14
1375.5	4.910085587013616e14
1376.5	4.9056492206156344e14
1377.5	4.901193850878723e14
1378.5	4.8967268379813294e14
1379.5	4.892248181923456e14
1380.5	4.887757882705104e14
1381.5	4.8832417344964544e14
1382.5	4.878697234081369e14
1383.5	4.874141045797533e14
1384.5	4.8695731696449425e14
1385.5	4.864993605623603e14
1386.5	4.860402353733511e14
1387.5	4.855557970304488e14
1388.5	4.8507015509798025e14
1389.5	4.8458330957594506e14
1390.5	4.840952604643438e14
1391.5	4.8360600776317594e14
1392.5	4.831008710773589e14
1393.5	4.8258248985902625e14
1394.5	4.8206286671485794e14
1395.5	4.8154200164485406e14
1396.5	4.810198946490149e14
1397.5	4.804971367451528e14
1398.5	4.7997846072778975e14
1399.5	4.7945855124280694e14
1400.5	4.7893740829020406e14
1401.5	4.7841503186998106e14
1402.5	4.778914219821381e14
1403.5	4.773582490670068e14
1404.5	4.768195367719287e14
1405.5	4.762795730248417e14
1406.5	4.757383578257457e14
1407.5	4.7519589117464075e14
1408.5	4.7465683418868675e14
1409.5	4.7413306988119194e14
1410.5	4.7360808420602794e14
1411.5	4.7308187716319456e14
1412.5	4.725544487526917e14
1413.5	4.720257989745198e14
1414.5	4.7150467496105475e14
1415.5	4.709846687786387e14
1416.5	4.704634568840068e14
1417.5	4.699410392771589e14
1418.5	4.6941741595809525e14
1419.5	4.688958091880138e14
1420.5	4.6837849166369225e14
1421.5	4.678599806974107e14
1422.5	4.6734027628916894e14
1423.5	4.668193784389673e14
1424.5	4.6629728714680544e14
1425.5	4.6582952365342744e14
1426.5	4.653635688357975e14
1427.5	4.6489650257327706e14
1428.5	4.644283248658661e14
1429.5	4.6395903571356456e14
1430.5	4.635080769852836e14
1431.5	4.6307260716355294e14
1432.5	4.6263607623382225e14
1433.5	4.6219848419609175e14
1434.5	4.6175983105036094e14
1435.5	4.6132621867164875e14
1436.5	4.609290627442935e14
1437.5	4.605309064331757e14
1438.5	4.6013174973829556e14
1439.5	4.597315926596532e14
1440.5	4.593304351972481e14
1441.5	4.589577570562612e14
1442.5	4.5859448435257994e14
1443.5	4.5823026653733806e14
1444.5	4.5786510361053556e14
1445.5	4.574989955721725e14
1446.5	4.571321771248341e14
1447.5	4.5676485006800775e14
1448.5	4.5639657882679506e14
1449.5	4.56027363401196e14
1450.5	4.5565720379121075e14
1451.5	4.5528609999683906e14
1452.5	4.548906130362992e14
1453.5	4.544931723207724e14
1454.5	4.540947538021245e14
1455.5	4.536953574803557e14
1456.5	4.5329498335546606e14
1457.5	4.528899532642232e14
1458.5	4.5248138255720356e14
1459.5	4.520718254924491e14
1460.5	4.516612820699596e14
1461.5	4.5124975228973525e14
1462.5	4.5082643475658344e14
1463.5	4.5036379405367475e14
1464.5	4.499000998514916e14
1465.5	4.494353521500337e14
1466.5	4.489695509493014e14
1467.5	4.485026962492943e14
1468.5	4.4796764839296006e14
1469.5	4.4742051844318744e14
1470.5	4.468722286688168e14
1471.5	4.4632277906984806e14
1472.5	4.457721696462815e14
1473.5	4.452243426618776e14
1474.5	4.4467930614296244e14
1475.5	4.441331205012171e14
1476.5	4.4358578573664194e14
1477.5	4.4303730184923656e14
1478.5	4.424976780418779e14
1479.5	4.420095025081044e14
1480.5	4.415202624744535e14
1481.5	4.4102995794092575e14
1482.5	4.405385889075209e14
1483.5	4.4004615537423906e14
1484.5	4.3959667854011375e14
1485.5	4.3915586621331256e14
1486.5	4.387140617131943e14
1487.5	4.382712650397589e14
1488.5	4.3782747619300606e14
1489.5	4.374294928576488e14
1490.5	4.370793206808054e14
1491.5	4.367282845689515e14
1492.5	4.3637638452208744e14
1493.5	4.360236205402129e14
1494.5	4.356788231190526e14
1495.5	4.353763160251547e14
1496.5	4.350730145099199e14
1497.5	4.3476891857334806e14
1498.5	4.344640282154394e14
1499.5	4.341583434361939e14
1500.5	4.339534705072019e14
1501.5	4.337658810549703e14
1502.5	4.335776565106789e14
1503.5	4.3338879687432756e14
1504.5	4.3319930214591644e14
1505.5	4.3303706949216275e14
1506.5	4.3289707892231656e14
1507.5	4.3275652064283656e14
1508.5	4.3261539465372294e14
1509.5	4.324737009549759e14
1510.5	4.32313207685374e14
1511.5	4.320973907720582e14
1512.5	4.318809095884403e14
1513.5	4.316637641345201e14
1514.5	4.314459544102979e14
1515.5	4.3122748041577344e14
1516.5	4.3101611797668256e14
1517.5	4.3080442572863675e14
1518.5	4.305920798925419e14
1519.5	4.3037908046839806e14
1520.5	4.3016542745620525e14
1521.5	4.299066686777321e14
1522.5	4.296262654583395e14
1523.5	4.2934512272142e14
1524.5	4.290632404669736e14
1525.5	4.287806186950001e14
1526.5	4.28442792432386e14
1527.5	4.280257275243617e14
1528.5	4.276077490517775e14
1529.5	4.271888570146336e14
1530.5	4.267690514129299e14
1531.5	4.26337781788735e14
1532.5	4.25840732548216e14
1533.5	4.253426713292763e14
1534.5	4.248435981319164e14
1535.5	4.243435129561358e14
1536.5	4.2384241580193494e14
1537.5	4.232554652680606e14
1538.5	4.226568995569093e14
1539.5	4.2205719786419325e14
1540.5	4.214563601899126e14
1541.5	4.208543865340672e14
1542.5	4.2019169969302856e14
1543.5	4.194942657199098e14
1544.5	4.1879557506586725e14
1545.5	4.1809562773090106e14
1546.5	4.1739442371501106e14
1547.5	4.166767014458236e14
1548.5	4.159357268048918e14
1549.5	4.151934473753177e14
1550.5	4.144498631571011e14
1551.5	4.137049741502423e14
1552.5	4.1294848078245056e14
1553.5	4.121437188614789e14
1554.5	4.113375784386978e14
1555.5	4.105300595141072e14
1556.5	4.097211620877068e14
1557.5	4.08910886159497e14
1558.5	4.0812479580937775e14
1559.5	4.0733842561690894e14
1560.5	4.06550711095553e14
1561.5	4.0576165224531006e14
1562.5	4.049712490661802e14
1563.5	4.0425073930574556e14
1564.5	4.035527374459469e14
1565.5	4.028535127585897e14
1566.5	4.021530652436738e14
1567.5	4.0145139490119925e14
1568.5	4.0082425878626094e14
1569.5	4.002580190043376e14
1570.5	3.996907320277535e14
1571.5	3.991223978565086e14
1572.5	3.985530164906031e14
1573.5	3.9802192031035406e14
1574.5	3.975597955992725e14
1575.5	3.97096762564343e14
1576.5	3.966328212055656e14
1577.5	3.9616797152294025e14
1578.5	3.9572127379928425e14
1579.5	3.953605770869573e14
1580.5	3.949991062167122e14
1581.5	3.9463686118854894e14
1582.5	3.942738420024676e14
1583.5	3.939105266542655e14
1584.5	3.9359378921996975e14
1585.5	3.9327633799981756e14
1586.5	3.929581729938087e14
1587.5	3.9263929420194325e14
1588.5	3.923197016242212e14
1589.5	3.920540277210973e14
1590.5	3.917973558616861e14
1591.5	3.915400510889985e14
1592.5	3.912821134030342e14
1593.5	3.9102354280379325e14
1594.5	3.907760450200882e14
1595.5	3.9053294889293706e14
1596.5	3.9028924082769875e14
1597.5	3.900449208243731e14
1598.5	3.8979998888296025e14
1599.5	3.8946795117082925e14
1600.5	3.890643814446527e14
1601.5	3.887038885157037e14
1602.5	3.884359564653538e14
1603.5	3.881673871052532e14
1604.5	3.8789818043540175e14
1605.5	3.876283364557997e14
1606.5	3.873578551664466e14
1607.5	3.870867365673429e14
1608.5	3.868149806584884e14
1609.5	3.8654258743988306e14
1610.5	3.8626955691152694e14
1611.5	3.859958890734201e14
1612.5	3.857215839255625e14
1613.5	3.8544664146795406e14
1614.5	3.8517106170059494e14
1615.5	3.848948446234849e14
1616.5	3.8461799023662425e14
1617.5	3.8423772477362606e14
1618.5	3.8379884893949406e14
1619.5	3.8335913723732994e14
1620.5	3.829185896671337e14
1621.5	3.8247720622890544e14
1622.5	3.8203498692264525e14
1623.5	3.815919317483529e14
1624.5	3.811480407060285e14
1625.5	3.8070331379567225e14
1626.5	3.802577510172837e14
1627.5	3.798113523708632e14
1628.5	3.793641178564107e14
1629.5	3.7891604747392606e14
1630.5	3.7846714122340944e14
1631.5	3.7801739910486075e14
1632.5	3.775754843685884e14
1633.5	3.77232432783797e14
1634.5	3.768886779994317e14
1635.5	3.765442200154922e14
1636.5	3.761990588319788e14
1637.5	3.758531944488914e14
1638.5	3.755066268662299e14
1639.5	3.751593560839943e14
1640.5	3.7481138210218475e14
1641.5	3.744627049208011e14
1642.5	3.7411332453984344e14
1643.5	3.737632409593118e14
1644.5	3.734124541792061e14
1645.5	3.7306096419952644e14
1646.5	3.7270877102027256e14
1647.5	3.723558746414448e14
1648.5	3.7197204029691006e14
1649.5	3.7156644272577506e14
1650.5	3.711600797829505e14
1651.5	3.7075295146843625e14
1652.5	3.703450577822323e14
1653.5	3.699363987243387e14
1654.5	3.6952697429475525e14
1655.5	3.691167844934823e14
1656.5	3.6870582932051956e14
1657.5	3.6829410877586725e14
1658.5	3.678816228595252e14
1659.5	3.674683715714934e14
1660.5	3.670543549117719e14
1661.5	3.6663957288036075e14
1662.5	3.6622402547726e14
1663.5	3.657941584965636e14
1664.5	3.6530569139202325e14
1665.5	3.64816373147322e14
1666.5	3.6432620376245994e14
1667.5	3.6383518323743725e14
1668.5	3.6334331157225375e14
1669.5	3.628505887669094e14
1670.5	3.623570148214044e14
1671.5	3.6186258973573856e14
1672.5	3.6136731350991194e14
1673.5	3.608711861439246e14
1674.5	3.603742076377765e14
1675.5	3.5987637799146756e14
1676.5	3.59377697204998e14
1677.5	3.5887816527836756e14
1678.5	3.5837778221157644e14
1679.5	3.5792562699172806e14
1680.5	3.574787486304599e14
1681.5	3.570310847973006e14
1682.5	3.5658263549224994e14
1683.5	3.56133400715308e14
1684.5	3.5568338046647494e14
1685.5	3.5523257474575056e14
1686.5	3.54780983553135e14
1687.5	3.543286068886281e14
1688.5	3.5387544475223e14
1689.5	3.534214971439407e14
1690.5	3.529667640637601e14
1691.5	3.525112455116883e14
1692.5	3.5205494148772525e14
1693.5	3.515978519918709e14
1694.5	3.510918660055113e14
1695.5	3.5056238392184225e14
1696.5	3.5003203285905506e14
1697.5	3.495008128171497e14
1698.5	3.489687237961263e14
1699.5	3.484357657959847e14
1700.5	3.47901938816725e14
1701.5	3.473672428583473e14
1702.5	3.468316779208514e14
1703.5	3.462952440042374e14
1704.5	3.4575794110850525e14
1705.5	3.452197692336551e14
1706.5	3.446807283796867e14
1707.5	3.441408185466003e14
1708.5	3.4360003973439575e14
1709.5	3.4304129065056694e14
1710.5	3.424687440585734e14
1711.5	3.418952933868269e14
1712.5	3.413209386353275e14
1713.5	3.4074567980407525e14
1714.5	3.401695168930702e14
1715.5	3.3959244990231225e14
1716.5	3.3901447883180144e14
1717.5	3.3843560368153775e14
1718.5	3.378558244515212e14
1719.5	3.3727514114175175e14
1720.5	3.366935537522295e14
1721.5	3.361110622829544e14
1722.5	3.355276667339263e14
1723.5	3.3494336710514544e14
1724.5	3.3445083662148144e14
1725.5	3.3403337705247994e14
1726.5	3.336152088189443e14
1727.5	3.3319633192087475e14
1728.5	3.327767463582713e14
1729.5	3.3235645213113375e14
1730.5	3.3193544923946244e14
1731.5	3.3151373768325694e14
1732.5	3.310913174625177e14
1733.5	3.306681885772442e14
1734.5	3.3024435102743694e14
1735.5	3.298198048130957e14
1736.5	3.293945499342203e14
1737.5	3.2896858639081106e14
1738.5	3.28541914182868e14
1739.5	3.281471867589817e14
1740.5	3.2777016633798775e14
1741.5	3.273924959141596e14
1742.5	3.2701417548749744e14
1743.5	3.26635205058001e14
1744.5	3.2625558462567044e14
1745.5	3.2587531419050575e14
1746.5	3.254943937525069e14
1747.5	3.25112823311674e14
1748.5	3.247306028680068e14
1749.5	3.2434773242150556e14
1750.5	3.239642119721701e14
1751.5	3.235800415200006e14
1752.5	3.231952210649969e14
1753.5	3.22809750607159e14
1754.5	3.223339699831611e14
1755.5	3.218363937669338e14
1756.5	3.2133804136769594e14
1757.5	3.208389127854478e14
1758.5	3.203390080201891e14
1759.5	3.1983832707192e14
1760.5	3.193368699406405e14
1761.5	3.188346366263505e14
1762.5	3.1833162712905e14
1763.5	3.178278414487391e14
1764.5	3.173232795854177e14
1765.5	3.16817941539086e14
1766.5	3.1631182730974375e14
1767.5	3.15804936897391e14
1768.5	3.15297628019042e14
1769.5	3.147942985755918e14
1770.5	3.142901987283146e14
1771.5	3.137853284772106e14
1772.5	3.132796878222797e14
1773.5	3.127732767635218e14
1774.5	3.1226609530093706e14
1775.5	3.117581434345255e14
1776.5	3.1124942116428694e14
1777.5	3.107399284902215e14
1778.5	3.102296654123293e14
1779.5	3.097186319306101e14
1780.5	3.0920682804506394e14
1781.5	3.0869425375569106e14
1782.5	3.081809090624912e14
1783.5	3.076792869364194e14
1784.5	3.071934781512561e14
1785.5	3.067069315424969e14
1786.5	3.0621964711014144e14
1787.5	3.0573162485419e14
1788.5	3.0524286477464244e14
1789.5	3.047533668714988e14
1790.5	3.042631311447592e14
1791.5	3.0377215759442344e14
1792.5	3.0328044622049144e14
1793.5	3.027879970229635e14
1794.5	3.022948100018395e14
1795.5	3.018008851571195e14
1796.5	3.0130622248880325e14
1797.5	3.00810821996891e14
1798.5	3.003552501903943e14
1799.5	2.999045205442603e14
1800.5	2.994531043375891e14
1801.5	2.990010015703807e14
1802.5	2.985482122426352e14
1803.5	2.980947363543524e14
1804.5	2.976405739055324e14
1805.5	2.971857248961751e14
1806.5	2.9673018932628075e14
1807.5	2.962739671958491e14
1808.5	2.958170585048804e14
1809.5	2.953594632533743e14
1810.5	2.9490118144133106e14
1811.5	2.944422130687507e14
1812.5	2.940378959224144e14
1813.5	2.937094142884618e14
1814.5	2.9338039148060406e14
1815.5	2.93050827498841e14
1816.5	2.9272072234317275e14
1817.5	2.923900760135992e14
1818.5	2.9205888851012025e14
1819.5	2.917271598327361e14
1820.5	2.9139488998144675e14
1821.5	2.9106207895625206e14
1822.5	2.907287267571521e14
1823.5	2.90394833384147e14
1824.5	2.9006039883723656e14
1825.5	2.897254231164208e14
1826.5	2.893895756220385e14
1827.5	2.890480043613584e14
1828.5	2.88705885893382e14
1829.5	2.883632202181093e14
1830.5	2.880200073355404e14
1831.5	2.8767624724567506e14
1832.5	2.873319399485135e14
1833.5	2.869870854440557e14
1834.5	2.866416837323015e14
1835.5	2.8629573481325106e14
1836.5	2.8594923868690444e14
1837.5	2.8560219535326144e14
1838.5	2.8525460481232206e14
1839.5	2.849064670640865e14
1840.5	2.8455778210855456e14
1841.5	2.8409024323216356e14
1842.5	2.835886419784185e14
1843.5	2.8308632878723994e14
1844.5	2.8258330365862794e14
1845.5	2.820795665925825e14
1846.5	2.8157511758910356e14
1847.5	2.8106995664819116e14
1848.5	2.8056408376984534e14
1849.5	2.80057498954066e14
1850.5	2.7955020220085328e14
1851.5	2.7904219351020703e14
1852.5	2.7853347288212728e14
1853.5	2.780240403166142e14
1854.5	2.7751389581366753e14
1855.5	2.770242156974746e14
1856.5	2.7654797162725834e14
1857.5	2.760710536620485e14
1858.5	2.7559346180184512e14
1859.5	2.7511519604664822e14
1860.5	2.7463625639645775e14
1861.5	2.7415664285127384e14
1862.5	2.736763554110963e14
1863.5	2.7319539407592525e14
1864.5	2.7271375884576066e14
1865.5	2.7223144972060262e14
1866.5	2.7174846670045097e14
1867.5	2.7126480978530584e14
1868.5	2.7078047897516716e14
1869.5	2.7045037043552803e14
1870.5	2.7027473272937134e14
1871.5	2.7009875254553156e14
1872.5	2.699224298840088e14
1873.5	2.6974576474480294e14
1874.5	2.6956875712791416e14
1875.5	2.693914070333422e14
1876.5	2.6921371446108728e14
1877.5	2.6903567941114928e14
1878.5	2.6885730188352834e14
1879.5	2.6867858187822428e14
1880.5	2.6849951939523725e14
1881.5	2.68320114434567e14
1882.5	2.68140366996214e14
1883.5	2.67988192896632e14
1884.5	2.6786363659955866e14
1885.5	2.6773879710978544e14
1886.5	2.676136744273123e14
1887.5	2.674882685521393e14
1888.5	2.6736257948426653e14
1889.5	2.6723660722369384e14
1890.5	2.671103517704213e14
1891.5	2.6698381312444888e14
1892.5	2.6685699128577672e14
1893.5	2.6672988625440453e14
1894.5	2.666024980303326e14
1895.5	2.664748266135608e14
1896.5	2.6634687200408912e14
1897.5	2.660765953536646e14
1898.5	2.6570297587536184e14
1899.5	2.653288150809697e14
1900.5	2.6495411297048784e14
1901.5	2.6457886954391662e14
1902.5	2.6420308480125578e14
1903.5	2.638267587425054e14
1904.5	2.6344989136766547e14
1905.5	2.6307248267673603e14
1906.5	2.62694532669717e14
1907.5	2.6231604134660856e14
1908.5	2.6193700870741053e14
1909.5	2.6155743475212303e14
1910.5	2.611773194807459e14
1911.5	2.606666849403695e14
1912.5	2.601120244378739e14
1913.5	2.5955664129160125e14
1914.5	2.590005355015518e14
1915.5	2.5844370706772547e14
1916.5	2.5788615599012222e14
1917.5	2.5732788226874197e14
1918.5	2.5676888590358478e14
1919.5	2.5620916689465072e14
1920.5	2.5564872524193984e14
1921.5	2.5508756094545194e14
1922.5	2.545256740051872e14
1923.5	2.5396306442114553e14
1924.5	2.534036207694351e14
1925.5	2.530340977520327e14
1926.5	2.5266405414728922e14
1927.5	2.5229348995520466e14
1928.5	2.5192240517577903e14
1929.5	2.5155079980901244e14
1930.5	2.511786738549047e14
1931.5	2.5080602731345597e14
1932.5	2.5043286018466622e14
1933.5	2.5005917246853538e14
1934.5	2.496849641650635e14
1935.5	2.4931023527425056e14
1936.5	2.4893498579609656e14
1937.5	2.485592157306016e14
1938.5	2.482547716986575e14
1939.5	2.4807227774820678e14
1940.5	2.4788946355094262e14
1941.5	2.47706329106865e14
1942.5	2.4752287441597425e14
1943.5	2.4733909947827006e14
1944.5	2.471550042937525e14
1945.5	2.469705888624216e14
1946.5	2.4678585318427734e14
1947.5	2.4660079725931962e14
1948.5	2.4641542108754872e14
1949.5	2.462297246689644e14
1950.5	2.4604370800356662e14
1951.5	2.4585737109135566e14
1952.5	2.455664774308286e14
1953.5	2.4524743412277422e14
1954.5	2.4492793541303988e14
1955.5	2.446079813016254e14
1956.5	2.4428757178853088e14
1957.5	2.4396670687375634e14
1958.5	2.436453865573017e14
1959.5	2.43323610839167e14
1960.5	2.4300137971935228e14
1961.5	2.426786931978575e14
1962.5	2.4235555127468272e14
1963.5	2.4203195394982788e14
1964.5	2.4170790122329288e14
1965.5	2.414233189813531e14
1966.5	2.4122723447326944e14
1967.5	2.4103082561736638e14
1968.5	2.408340924136439e14
1969.5	2.40637034862102e14
1970.5	2.404396529627407e14
1971.5	2.4024194671555994e14
1972.5	2.4004391612055984e14
1973.5	2.398455611777402e14
1974.5	2.396468818871012e14
1975.5	2.3944787824864272e14
1976.5	2.3924855026236484e14
1977.5	2.3904889792826766e14
1978.5	2.3884892124635094e14
1979.5	2.385927739206133e14
1980.5	2.3833071977213375e14
1981.5	2.3806827927072628e14
1982.5	2.3780545241639103e14
1983.5	2.3754223920912803e14
1984.5	2.37278639648937e14
1985.5	2.370146537358183e14
1986.5	2.367502814697717e14
1987.5	2.3648552285079734e14
1988.5	2.3622037787889506e14
1989.5	2.3595484655406503e14
1990.5	2.3568892887630716e14
1991.5	2.3542262484562144e14
1992.5	2.3516483296604112e14
1993.5	2.3491311064383162e14
1994.5	2.346610173686927e14
1995.5	2.3440855314062422e14
1996.5	2.3415571795962622e14
1997.5	2.3390251182569872e14
1998.5	2.3364893473884175e14
1999.5	2.3339498669905528e14
2000.5	2.3314066770633928e14
2001.5	2.3288597776069384e14
2002.5	2.3263091686211878e14
2003.5	2.3237548501061425e14
2004.5	2.3211968220618025e14
2005.5	2.3188059303774297e14
2006.5	2.316728942971569e14
2007.5	2.3146487328288453e14
2008.5	2.312565299949261e14
2009.5	2.3104786443328138e14
2010.5	2.3083887659795038e14
2011.5	2.3062956648893328e14
2012.5	2.3041993410622994e14
2013.5	2.3020997944984044e14
2014.5	2.299997025197647e14
2015.5	2.2978910331600275e14
2016.5	2.2957818183855456e14
2017.5	2.2936693808742028e14
2018.5	2.2913692089352247e14
2019.5	2.288278639271052e14
2020.5	2.2851838846563316e14
2021.5	2.2820849450910644e14
2022.5	2.2789818205752488e14
2023.5	2.275874511108887e14
2024.5	2.272763016691977e14
2025.5	2.2696473373245194e14
2026.5	2.2665274730065153e14
2027.5	2.2634034237379634e14
2028.5	2.2602751895188644e14
2029.5	2.2571427703492178e14
2030.5	2.254006166229023e14
2031.5	2.2510217821947166e14
2032.5	2.2491809020497038e14
2033.5	2.2473371201195912e14
2034.5	2.245490436404379e14
2035.5	2.2436408509040684e14
2036.5	2.2417883636186566e14
2037.5	2.2399329745481453e14
2038.5	2.2380746836925353e14
2039.5	2.236213491051825e14
2040.5	2.234349396626016e14
2041.5	2.232482400415107e14
2042.5	2.2306125024190978e14
2043.5	2.2287397026379897e14
2044.5	2.2266520181561594e14
2045.5	2.2230059227862025e14
2046.5	2.2193551975565103e14
2047.5	2.215699842467082e14
2048.5	2.2120398575179172e14
2049.5	2.2083752427090175e14
2050.5	2.2047059980403816e14
2051.5	2.2010321235120103e14
2052.5	2.197353619123903e14
2053.5	2.1936704848760597e14
2054.5	2.1899827207684806e14
2055.5	2.1862903268011662e14
2056.5	2.1825933029741153e14
2057.5	2.1789919265500488e14
2058.5	2.175787321741706e14
2059.5	2.1725785744479284e14
2060.5	2.1693656846687184e14
2061.5	2.166148652404075e14
2062.5	2.1629274776539978e14
2063.5	2.159702160418488e14
2064.5	2.1564727006975447e14
2065.5	2.1532390984911672e14
2066.5	2.150001353799357e14
2067.5	2.1467594666221128e14
2068.5	2.143513436959436e14
2069.5	2.1402632648113253e14
2070.5	2.1372772614124147e14
2071.5	2.1347444496169975e14
2072.5	2.1322081958099453e14
2073.5	2.129668499991257e14
2074.5	2.1271253621609328e14
2075.5	2.124578782318973e14
2076.5	2.122028760465377e14
2077.5	2.119475296600146e14
2078.5	2.1169183907232794e14
2079.5	2.1143580428347762e14
2080.5	2.111794252934638e14
2081.5	2.109227021022864e14
2082.5	2.1066563470994534e14
2083.5	2.103333840050062e14
2084.5	2.0995284633743078e14
2085.5	2.0957184669852816e14
2086.5	2.0919038508829844e14
2087.5	2.088084615067414e14
2088.5	2.0842607595385734e14
2089.5	2.080432284296461e14
2090.5	2.0765991893410762e14
2091.5	2.0727614746724206e14
2092.5	2.0689191402904934e14
2093.5	2.065072186195293e14
2094.5	2.0612206123868222e14
2095.5	2.0573644188650794e14
2096.5	2.0554485087833653e14
2097.5	2.0536990370514688e14
2098.5	2.0519469623247997e14
2099.5	2.0501922846033572e14
2100.5	2.048435003887143e14
2101.5	2.046675120176156e14
2102.5	2.0449126334703956e14
2103.5	2.0431475437698638e14
2104.5	2.0413798510745584e14
2105.5	2.03960955538448e14
2106.5	2.03783665669963e14
2107.5	2.0360611550200072e14
2108.5	2.034057973736141e14
2109.5	2.0315507613947516e14
2110.5	2.029040257366553e14
2111.5	2.0265264616515466e14
2112.5	2.024009374249732e14
2113.5	2.0214889951611075e14
2114.5	2.0189653243856753e14
2115.5	2.0164383619234344e14
2116.5	2.0139081077743838e14
2117.5	2.0113745619385256e14
2118.5	2.008837724415859e14
2119.5	2.0062975952063834e14
2120.5	2.0037541743100988e14
2121.5	2.00241199311606e14
2122.5	2.0014276204670328e14
2123.5	2.000441430867449e14
2124.5	1.999453424317309e14
2125.5	1.998463600816612e14
2126.5	1.997471960365358e14
2127.5	1.9964785029635472e14
2128.5	1.9954832286111803e14
2129.5	1.994486137308257e14
2130.5	1.9934872290547766e14
2131.5	1.9924865038507394e14
2132.5	1.9914839616961462e14
2133.5	1.9895118752470962e14
2134.5	1.9852779758357856e14
2135.5	1.981039235562212e14
2136.5	1.976795654426374e14
2137.5	1.9725472324282734e14
2138.5	1.968293969567909e14
2139.5	1.964035865845282e14
2140.5	1.9597729212603916e14
2141.5	1.9555051358132384e14
2142.5	1.951232509503821e14
2143.5	1.9469550423321412e14
2144.5	1.942672734298198e14
2145.5	1.9383855854019912e14
2146.5	1.9352641570111703e14
2147.5	1.9322548021677034e14
2148.5	1.92924180500022e14
2149.5	1.9262251655087203e14
2150.5	1.923204883693203e14
2151.5	1.9201809595536703e14
2152.5	1.9171533930901203e14
2153.5	1.9141221843025544e14
2154.5	1.9110873331909716e14
2155.5	1.908048839755372e14
2156.5	1.9050067039957562e14
2157.5	1.901960925912124e14
2158.5	1.900145388979865e14
2159.5	1.899185194692116e14
2160.5	1.8982232958407622e14
2161.5	1.8972596924258034e14
2162.5	1.89629438444724e14
2163.5	1.8953273719050722e14
2164.5	1.8943586547992994e14
2165.5	1.8933882331299222e14
2166.5	1.892416106896939e14
2167.5	1.8914422761003516e14
2168.5	1.8904667407401594e14
2169.5	1.8894895008163628e14
2170.5	1.8881975387790922e14
2171.5	1.886321997615429e14
2172.5	1.8844439278053625e14
2173.5	1.8825633293488928e14
2174.5	1.880680202246021e14
2175.5	1.878794546496746e14
2176.5	1.8769063621010672e14
2177.5	1.875015649058986e14
2178.5	1.8731224073705012e14
2179.5	1.8712266370356134e14
2180.5	1.8693283380543234e14
2181.5	1.8674275104266303e14
2182.5	1.865467082841142e14
2183.5	1.8632043126404762e14
2184.5	1.8609386869245003e14
2185.5	1.8586702056932122e14
2186.5	1.856398868946613e14
2187.5	1.8541246766847022e14
2188.5	1.85184762890748e14
2189.5	1.8495677256149466e14
2190.5	1.8472849668071022e14
2191.5	1.8449993524839462e14
2192.5	1.842710882645479e14
2193.5	1.8404195572917006e14
2194.5	1.8382149957181775e14
2195.5	1.8374123357336753e14
2196.5	1.8366081815051547e14
2197.5	1.8358025330326156e14
2198.5	1.8349953903160578e14
2199.5	1.8341867533554822e14
2200.5	1.8333766221508872e14
2201.5	1.832564996702275e14
2202.5	1.831751877009643e14
2203.5	1.8309372630729934e14
2204.5	1.8301211548923253e14
2205.5	1.8293035524676388e14
2206.5	1.8284295663371516e14
2207.5	1.824863233646226e14
2208.5	1.8212929190855497e14
2209.5	1.8177186226551225e14
2210.5	1.8141403443549447e14
2211.5	1.8105580841850162e14
2212.5	1.8069718421453372e14
2213.5	1.8033816182359072e14
2214.5	1.7997874124567266e14
2215.5	1.7961892248077956e14
2216.5	1.7925870552891138e14
2217.5	1.7889809039006812e14
2218.5	1.785431022447326e14
2219.5	1.7830225137508112e14
2220.5	1.7806111095366734e14
2221.5	1.778196809804912e14
2222.5	1.775779614555525e14
2223.5	1.773359523788515e14
2224.5	1.7709365375038806e14
2225.5	1.7685106557016228e14
2226.5	1.766081878381741e14
2227.5	1.7636502055442356e14
2228.5	1.761215637189105e14
2229.5	1.758778173316351e14
2230.5	1.7564549560260353e14
2231.5	1.7548488580533225e14
2232.5	1.7532406148246194e14
2233.5	1.7516302263399247e14
2234.5	1.7500176925992394e14
2235.5	1.748403013602563e14
2236.5	1.7467861893498953e14
2237.5	1.7451672198412372e14
2238.5	1.743546105076588e14
2239.5	1.7419228450559475e14
2240.5	1.7402974397793156e14
2241.5	1.7386698892466938e14
2242.5	1.7369407049489112e14
2243.5	1.734977043292086e14
2244.5	1.7330109406126122e14
2245.5	1.7310423969104903e14
2246.5	1.7290714121857216e14
2247.5	1.7270979864383047e14
2248.5	1.72512211966824e14
2249.5	1.7231438118755275e14
2250.5	1.7211630630601678e14
2251.5	1.7191798732221597e14
2252.5	1.7171942423615038e14
2253.5	1.7152061704782003e14
2254.5	1.712469438492039e14
2255.5	1.7090675685325878e14
2256.5	1.7056620085280628e14
2257.5	1.7022527584784656e14
2258.5	1.6988398183837956e14
2259.5	1.6954231882440525e14
2260.5	1.692002868059237e14
2261.5	1.6885788578293484e14
2262.5	1.685151157554386e14
2263.5	1.6817197672343522e14
2264.5	1.678284686869245e14
2265.5	1.6748459164590644e14
2266.5	1.6732127984102297e14
2267.5	1.6719749348718188e14
2268.5	1.6707353283566147e14
2269.5	1.6694939788646197e14
2270.5	1.6682508863958334e14
2271.5	1.667006050950255e14
2272.5	1.6657594725278853e14
2273.5	1.6645111511287247e14
2274.5	1.6632610867527712e14
2275.5	1.6620092794000275e14
2276.5	1.660755729070491e14
2277.5	1.6594311265514466e14
2278.5	1.6577661795722778e14
2279.5	1.6560991315910694e14
2280.5	1.654429982607822e14
2281.5	1.6527587326225344e14
2282.5	1.6510853816352072e14
2283.5	1.6494099296458406e14
2284.5	1.6477323766544344e14
2285.5	1.6460527226609875e14
2286.5	1.6443709676655022e14
2287.5	1.642687111667977e14
2288.5	1.6410011546684112e14
2289.5	1.6386473234303816e14
2290.5	1.6358279515468325e14
2291.5	1.6330054929183172e14
2292.5	1.630179947544837e14
2293.5	1.6273513154263912e14
2294.5	1.6245195965629797e14
2295.5	1.6216847909546028e14
2296.5	1.6188468986012603e14
2297.5	1.6160059195029525e14
2298.5	1.6131618536596794e14
2299.5	1.6103147010714406e14
2300.5	1.6075106089907734e14
2301.5	1.605316836003676e14
2302.5	1.6031205494048134e14
2303.5	1.6009217491941878e14
2304.5	1.5987204353717972e14
2305.5	1.5965166079376428e14
2306.5	1.5943102668917244e14
2307.5	1.592101412234042e14
2308.5	1.5898900439645947e14
2309.5	1.5876761620833838e14
2310.5	1.585459766590409e14
2311.5	1.583240857485669e14
2312.5	1.5821898288152888e14
2313.5	1.581885907066425e14
2314.5	1.5815811311036478e14
2315.5	1.5812755009269562e14
2316.5	1.580969016536351e14
2317.5	1.5806616779318312e14
2318.5	1.5803534851133975e14
2319.5	1.5800444380810497e14
2320.5	1.5797345368347878e14
2321.5	1.5794237813746125e14
2322.5	1.5791121717005216e14
2323.5	1.5783231771304625e14
2324.5	1.5758426731467656e14
2325.5	1.5733594504786962e14
2326.5	1.5708735091262556e14
2327.5	1.5683848490894422e14
2328.5	1.5658934703682556e14
2329.5	1.5633993729626975e14
2330.5	1.560902556872767e14
2331.5	1.5584030220984644e14
2332.5	1.5559007686397894e14
2333.5	1.5533957964967425e14
2334.5	1.5508881056693225e14
2335.5	1.5483809095197744e14
2336.5	1.5458714778007766e14
2337.5	1.5433593305603434e14
2338.5	1.5408444677984753e14
2339.5	1.5383268895151725e14
2340.5	1.535806595710434e14
2341.5	1.5332835863842606e14
2342.5	1.5307578615366516e14
2343.5	1.5282294211676078e14
2344.5	1.5256982652771294e14
2345.5	1.5231643938652153e14
2346.5	1.521035794351784e14
2347.5	1.5191769345851944e14
2348.5	1.5173159388659178e14
2349.5	1.5154528071939534e14
2350.5	1.513587539569302e14
2351.5	1.5117201359919622e14
2352.5	1.5098505964619356e14
2353.5	1.507978920979221e14
2354.5	1.506105109543819e14
2355.5	1.50422916215573e14
2356.5	1.502351078814953e14
2357.5	1.5003528925333628e14
2358.5	1.49816787948628e14
2359.5	1.4959804738761538e14
2360.5	1.4937906757029847e14
2361.5	1.4915984849667728e14
2362.5	1.4894039016675175e14
2363.5	1.4872069258052188e14
2364.5	1.4850075573798772e14
2365.5	1.4828057963914925e14
2366.5	1.4806016428400647e14
2367.5	1.4783950967255938e14
2368.5	1.4765893620239253e14
2369.5	1.4762117201641478e14
2370.5	1.4758332333413644e14
2371.5	1.4754539015555762e14
2372.5	1.4750737248067828e14
2373.5	1.4746927030949838e14
2374.5	1.4743108364201794e14
2375.5	1.473928124782369e14
2376.5	1.473544568181554e14
2377.5	1.4731601666177338e14
2378.5	1.472774920090908e14
2379.5	1.472126183391459e14
2380.5	1.4697179397300222e14
2381.5	1.467307152977598e14
2382.5	1.4648938231341875e14
2383.5	1.4624779501997897e14
2384.5	1.4600595341744044e14
2385.5	1.4576385750580325e14
2386.5	1.455215072850673e14
2387.5	1.4527890275523266e14
2388.5	1.450360439162993e14
2389.5	1.4479293076826728e14
2390.5	1.4366040788321075e14
2391.5	1.4347544971070528e14
2392.5	1.432907262484263e14
2393.5	1.4310623725889147e14
2394.5	1.4292198250471575e14
2395.5	1.427379617486111e14
2396.5	1.425541747533876e14
2397.5	1.423706212819531e14
2398.5	1.421873010973145e14
2399.5	1.4200421396257725e14
