# λ (nm)	photon flux (γ/s/cm^2/nm)
0.5	813925.227322251
1.5	68615165.8620798
2.5	94274871.4469394
3.5	110032429.93330444
4.5	165813419.4696878
5.5	273418434.491956
6.5	409461062.5154922
7.5	373703046.051227
8.5	386146275.8435347
9.5	346785237.9992541
10.5	278379257.04331595
11.5	200352290.97972447
12.5	119201520.40255447
13.5	132680401.22136953
14.5	304948434.81292623
15.5	314926884.93535995
16.5	475242646.74870366
17.5	2928698157.748548
18.5	2693426394.4087853
19.5	2250997863.8269515
20.5	1710875632.07802
21.5	1327171577.5026295
22.5	1635989981.198633
23.5	969147048.9166899
24.5	1267121983.0604532
25.5	2252190480.524197
26.5	730509998.377256
27.5	1017640635.314108
28.5	1522656474.669898
29.5	545339102.746204
30.5	14684001742.07758
31.5	1035355197.7058163
32.5	379720336.1064583
33.5	1367325744.3070402
34.5	1375828505.39892
35.5	1055890936.5302198
36.5	2307439292.919094
37.5	103654328.15501547
38.5	146819035.89367214
39.5	95648948.54362758
40.5	346343974.3264322
41.5	334242796.58799917
42.5	250178657.48044717
43.5	524022361.43325293
44.5	324734293.19058895
45.5	330805901.0030546
46.5	878968157.8109094
47.5	423723392.31405646
48.5	666922709.8528041
49.5	1035937861.446516
50.5	1079827707.32917
51.5	437475289.3852176
52.5	524122710.12003344
53.5	444578174.454258
54.5	296647897.3994464
55.5	1558801063.0069897
56.5	398605091.4445571
57.5	355482262.26115614
58.5	2958927485.966562
59.5	490364573.8862797
60.5	1242727811.6543243
61.5	1027082189.2926581
62.5	2368928450.5443554
63.5	2046182313.7138715
64.5	286417540.185675
65.5	265325145.40746802
66.5	297582558.19656867
67.5	245200196.42635486
68.5	514514521.06637865
69.5	392879917.3054777
70.5	861411840.5457411
71.5	346443472.6710815
72.5	354270871.55621445
73.5	236956198.169115
74.5	340520451.9709185
75.5	463099460.67076576
76.5	1200530882.730925
77.5	1076542867.6222198
78.5	1542522807.339986
79.5	1117152823.5506258
80.5	895687238.6290736
81.5	965036057.472446
82.5	1182816605.3336773
83.5	2713422071.201575
84.5	1687467963.3741875
85.5	2060210854.6958203
86.5	2365252579.498247
87.5	2860922272.077485
88.5	3421612040.509537
89.5	3987319730.81597
90.5	4808016549.82038
91.5	4222325768.651082
92.5	1511423707.1450396
93.5	1596239605.1531224
94.5	1177560470.8114734
95.5	975638436.0865251
96.5	717197193.1740183
97.5	12027838998.769762
98.5	1492620382.6188157
99.5	2224184035.648114
100.5	1088249651.165629
101.5	1353604011.930462
102.5	10858170402.733593
103.5	9866958655.548397
104.5	1787242280.1509728
105.5	1592840389.834194
106.5	1720742437.4324832
107.5	1961675139.353374
108.5	3010281199.1883945
109.5	2225795212.9776034
110.5	2574988640.8984284
111.5	2432629762.6017585
112.5	2558090361.9641457
113.5	1735387445.3872416
114.5	2123452604.7530184
115.5	2256800305.31588
116.5	2781757949.8426843
117.5	9726415825.735403
118.5	3837098053.3176994
119.5	6478311775.817285
120.5	19682476662.273342
121.5	842053196906.9104
122.5	8195416317.701235
123.5	5274831552.829386
124.5	3945588610.7184463
125.5	3522228757.749212
126.5	4944811369.648353
127.5	2555277019.5397553
128.5	2053431275.6157691
129.5	2430770478.1055245
130.5	20705350432.961395
131.5	3359088196.1080146
132.5	2708739978.7194705
133.5	26002533863.620304
134.5	2552606543.624417
135.5	5804024869.305192
136.5	3685053477.7064657
137.5	3995984840.4699407
138.5	3968867100.8835254
139.5	11115002796.305408
140.5	9559913249.017654
141.5	5659478676.594833
142.5	6156001850.320951
143.5	7068919710.6372
144.5	7010609345.87104
145.5	7454713506.641761
146.5	9285913699.895817
147.5	11484468702.764181
148.5	11881198126.706205
149.5	10788382743.62331
150.5	12139444457.716753
151.5	13207379838.846247
152.5	16626228258.22613
153.5	18450286234.368736
154.5	31399054043.95046
155.5	28220459272.348293
156.5	28401308747.156883
157.5	25162649632.49878
158.5	25200625604.68703
159.5	24951107690.964844
160.5	28244863728.949875
161.5	33471142898.21659
162.5	38931694389.68839
163.5	41745671910.92745
164.5	48900642459.065994
165.5	77954782498.29909
166.5	53274852203.19839
167.5	64094498485.646126
168.5	70009587817.32791
169.5	93234822013.28935
170.5	108259353319.5179
171.5	110002284440.45381
172.5	121399506792.22803
173.5	123249001098.62134
174.5	152569873980.016
175.5	188400577868.4143
176.5	205061612855.11127
177.5	250966189097.7377
178.5	281287278510.7248
179.5	281962923333.89496
180.5	353321196620.6365
181.5	419033132750.89667
182.5	406686785712.16064
183.5	438772346343.85144
184.5	381326907655.7511
185.5	437812407915.5384
186.5	512071991930.12994
187.5	577421401359.8629
188.5	623019396989.3578
189.5	693979539026.4943
190.5	733542386026.4534
191.5	785905639116.7549
192.5	848280126115.9631
193.5	658413340193.7283
194.5	1082523879317.8933
195.5	1061147081185.2135
196.5	1202020061625.1228
197.5	1229671593242.0227
198.5	1243209041215.0894
199.5	1355455162044.8518
200.5	1485809384476.0872
201.5	1665483787904.0588
202.5	1653213335355.0667
203.5	1923234874419.2285
204.5	2135943855715.1028
205.5	2205470668761.418
206.5	2295153688034.0933
207.5	2662110082975.19
208.5	3067190070976.6064
209.5	4432691813559.149
210.5	5798474097391.532
211.5	7026412449424.036
212.5	6740420241863.212
213.5	6108549573798.256
214.5	8703894939089.767
215.5	7173927242149.384
216.5	6936431676571.535
217.5	6713724432928.943
218.5	9576737798733.271
219.5	10094384269109.05
220.5	10006518664007.123
221.5	7135461567864.882
222.5	10570443021858.893
223.5	13491847049368.3
224.5	12509959512709.893
225.5	11059273525562.07
226.5	7825636383662.072
227.5	7946566446409.109
228.5	11447268704949.418
229.5	9744734152585.693
230.5	11943336028617.717
231.5	10351292181465.78
232.5	11211917111429.473
233.5	9479862546984.9
234.5	7698416183911.24
235.5	12451370709514.193
236.5	9616280843614.033
237.5	11737337198379.787
238.5	8087044552805.501
239.5	10036718397110.395
240.5	9254364644269.63
241.5	10853187348884.682
242.5	16336457840775.95
243.5	14939732358972.371
244.5	14257341851893.2
245.5	11303673934966.959
246.5	11336043538020.223
247.5	13149415866807.674
248.5	10221709133492.14
249.5	13067576429800.906
250.5	13807825541742.314
251.5	10749877418905.73
252.5	9517443848193.744
253.5	12246543790170.898
254.5	13713405801856.283
255.5	19558791038786.016
256.5	23562908645026.285
257.5	29400399620277.36
258.5	31282663181067.156
259.5	26367772384300.676
260.5	21449215168768.766
261.5	20998641087076.707
262.5	26712946679097.918
263.5	39181029641949.484
264.5	61387667261451.86
265.5	64122647261603.06
266.5	62478726592296.35
267.5	62804971125543.17
268.5	62875696959986.54
269.5	56155728810894.555
270.5	70941640827475.5
271.5	59321695881951.695
272.5	47284649986122.516
273.5	54096309136145.914
274.5	31874424433423.293
275.5	45935486786733.67
276.5	64086391367546.69
277.5	63845039758856.81
278.5	42173016098294.68
279.5	20137586344493.715
280.5	23382845062011.41
281.5	54993540163954.6
282.5	76923750506647.62
283.5	85505826082482.22
284.5	65592937962685.484
285.5	33490835160692.355
286.5	89396773461137.34
287.5	97845141521115.86
288.5	80961222307411.19
289.5	120917237371758.62
290.5	162021380721889.5
291.5	150863519132485.3
292.5	131899428198621.67
293.5	149701450495472.62
294.5	135298975152888.86
295.5	151940185019287.6
296.5	135298877759106.67
297.5	145251467570748.75
298.5	107880753420922.33
299.5	150350292876990.38
300.5	99576258834012.8
301.5	135771734291874.77
302.5	133755459677690.25
303.5	175544464122588.72
304.5	165436154741682.56
305.5	173509052207633.03
306.5	158052811413081.4
307.5	183092320562616.2
308.5	184249531347904.84
309.5	139851233578799.36
310.5	185170582806457.25
311.5	211906801283350.62
312.5	197677398500168.06
313.5	205046798762800.47
314.5	201584246499985.34
315.5	187350393104623.56
316.5	196439977070185.38
317.5	222295102172305.2
318.5	205714774065737.44
319.5	218306419174512.56
320.5	232980906248833.44
321.5	219531429598206.7
322.5	208850802695768.22
323.5	210314270679749.16
324.5	236771470033807.47
325.5	273756148863328.94
326.5	301871555576382.44
327.5	298316179120513.1
328.5	299047818611107.9
329.5	323533294260401.4
330.5	323209683421220.6
331.5	308689819198290.94
332.5	303076171173160.7
333.5	299453456730282.75
334.5	306916493989805.25
335.5	299154805966480.56
336.5	275533334498108.44
337.5	279462203669693.03
338.5	300469534737739.2
339.5	319730982656874.4
340.5	325442989276245.4
341.5	321463166745064.5
342.5	325777173867770.94
343.5	310734263059113.3
344.5	292592787149183.7
345.5	304500748604631.94
346.5	314258159497717.2
347.5	310888232713351.25
348.5	309634813619639.1
349.5	321157760661728.75
350.5	340938575103040.25
351.5	339144929128027.9
352.5	334930608917403.7
353.5	356821195308330.1
354.5	375288112767812.2
355.5	362439528488105.44
356.5	327477586499657.94
357.5	291010535611909.44
358.5	290888735574947.56
359.5	325141410789927.25
360.5	339538709859529.6
361.5	338711924203756.25
362.5	346629653928367.9
363.5	359304819993587.0
364.5	380169451024632.7
365.5	408125320160279.25
366.5	427860130963699.56
367.5	428577913720096.0
368.5	425087253003619.5
369.5	431369520734630.25
370.5	429518093543748.8
371.5	416795854916088.25
372.5	386532402765620.4
373.5	360823144418720.9
374.5	356179502349762.44
375.5	377143143416783.25
376.5	417241352264333.56
377.5	449655691849024.0
378.5	457571685878734.44
379.5	445661373545769.3
380.5	423119209773151.44
381.5	381538705642966.1
382.5	337167020106272.0
383.5	318980052476144.25
384.5	337381566879919.1
385.5	362670177472217.06
386.5	375146402386352.1
387.5	382224887711037.06
388.5	400023156786433.0
389.5	432547148991819.0
390.5	452831564351945.75
391.5	433447197820528.1
392.5	389767779888711.6
393.5	364511593539097.1
394.5	371047290295613.6
395.5	389993158817598.4
396.5	411228851864862.1
397.5	454156096656516.2
398.5	525405750452979.6
399.5	598836429474223.6
400.5	650088536641000.4
401.5	671604591208069.4
402.5	676895135397809.1
403.5	672590111005100.1
404.5	663881254639264.1
405.5	655750489030453.2
406.5	656956628489978.6
407.5	661216599811263.9
408.5	668938095436430.9
409.5	677393597821766.8
410.5	684067523540697.0
411.5	697406399154316.9
412.5	706057271925032.6
413.5	713965816507884.5
414.5	717025919151345.2
415.5	714676069018516.5
416.5	712930532111325.5
417.5	706887361173852.5
418.5	706600174477260.5
419.5	707091967307728.2
420.5	708421806874850.9
421.5	711113237483292.2
422.5	707551926129448.6
423.5	704802450342459.5
424.5	700929825885368.8
425.5	695470491972742.4
426.5	687136806203156.2
427.5	666349254577025.4
428.5	645384968236624.6
429.5	630512747172400.6
430.5	628275360317682.2
431.5	645199139468799.5
432.5	673505533406554.5
433.5	702539268520589.0
434.5	727520911630169.8
435.5	742184930172847.5
436.5	749771372579277.6
437.5	751143891271301.6
438.5	754459995261218.6
439.5	763494802536831.0
440.5	777286504831456.8
441.5	795639111932022.1
442.5	812066281975758.1
443.5	823128495267449.1
444.5	831684888581984.2
445.5	837958571268484.5
446.5	847282913294686.5
447.5	862270346554252.2
448.5	876613225354701.5
449.5	887361255186541.6
450.5	895310117185711.1
451.5	896215910976545.8
452.5	893001294840371.1
453.5	891921932572951.2
454.5	893828360133085.9
455.5	896838755137829.5
456.5	902204303710046.5
457.5	908336130069893.5
458.5	913154053762509.5
459.5	917622586805813.8
460.5	921732193133666.0
461.5	924822195158927.4
462.5	925838542594880.1
463.5	924393003446556.1
464.5	921350283009684.6
465.5	917767627144157.5
466.5	913755109140915.0
467.5	912097003160260.0
468.5	913346159843002.9
469.5	916196211773384.4
470.5	920789453671610.0
471.5	927078093888295.8
472.5	933659783798611.4
473.5	939910907279509.5
474.5	946353280289473.4
475.5	952464336757619.0
476.5	957676651672632.0
477.5	962919479538402.8
478.5	967639826942640.1
479.5	970020621505675.8
480.5	969263644996908.2
481.5	961916194143964.2
482.5	950484387143363.4
483.5	936792854875425.2
484.5	922933534541010.0
485.5	911391830090785.5
486.5	904673086544756.0
487.5	904626270389597.6
488.5	909844486699453.8
489.5	917661127581814.5
490.5	926585220816026.9
491.5	935097951801243.2
492.5	942537441041308.1
493.5	947300975470149.5
494.5	950419080438254.2
495.5	950999596652871.9
496.5	949582150545115.6
497.5	947482045464279.5
498.5	944350550609350.9
499.5	941221785373156.0
500.5	939194368950981.1
501.5	938683335421138.0
502.5	940278986400725.2
503.5	943626875233649.5
504.5	948003398984158.9
505.5	952533138036626.6
506.5	956298178820753.0
507.5	958281912375672.5
508.5	958649524330019.5
509.5	957720953191360.0
510.5	954994449696411.1
511.5	948369353246029.9
512.5	939217436978215.1
513.5	930331113096168.2
514.5	922277775905064.4
515.5	915147632297990.9
516.5	909440579567499.2
517.5	906504733213047.4
518.5	910234431605309.1
519.5	916494862453162.5
520.5	923153810865944.2
521.5	929823344503555.5
522.5	937020963334249.2
523.5	944763669748872.2
524.5	951730017436754.4
525.5	956751935213634.6
526.5	960303165034963.6
527.5	963955472889739.1
528.5	969795995791460.4
529.5	975107758507208.5
530.5	979441660659134.2
531.5	982556590428236.9
532.5	984702627948241.4
533.5	986378768224759.6
534.5	987288737741573.8
535.5	987229372744270.8
536.5	985815934985636.2
537.5	984420601465290.0
538.5	983347643611076.9
539.5	982863060919335.1
540.5	983210107168863.2
541.5	984107859600074.8
542.5	985474560123248.9
543.5	987263082099918.1
544.5	989461332485086.9
545.5	991620318708382.1
546.5	993565920382929.0
547.5	995886762565660.2
548.5	997785118714444.0
549.5	999222355390179.6
550.5	999752825950213.1
551.5	999608403032956.8
552.5	999083311213181.8
553.5	998569908765183.2
554.5	997882694102985.4
555.5	997050505719417.9
556.5	995964011866473.1
557.5	994919333509896.6
558.5	994122998890538.2
559.5	994267778283309.5
560.5	995006399743967.1
561.5	996005209970037.2
562.5	996885470419387.2
563.5	998165531730844.8
564.5	999739634843976.4
565.5	1001954010461926.5
566.5	1004212745280535.4
567.5	1006521538254808.4
568.5	1008547779623376.8
569.5	1010500949845516.4
570.5	1012359730353109.0
571.5	1014422128259383.1
572.5	1016573399457932.8
573.5	1018677522765650.6
574.5	1020536731913770.0
575.5	1022082518028062.0
576.5	1023176830377282.0
577.5	1024137757948728.4
578.5	1025022036157020.6
579.5	1025275008333450.9
580.5	1024783975894595.4
581.5	1023750280551822.1
582.5	1022549691895657.4
583.5	1021268152511846.6
584.5	1019920039902555.8
585.5	1018465531922403.0
586.5	1017152526745153.4
587.5	1015915001470970.4
588.5	1015142540739248.1
589.5	1014572228257756.4
590.5	1014922622090900.1
591.5	1015363670798714.4
592.5	1015949706054436.5
593.5	1016640480809840.8
594.5	1017400297578089.1
595.5	1018141601202363.2
596.5	1018876050419345.5
597.5	1019366842339797.2
598.5	1019747721098416.0
599.5	1019606567125784.2
600.5	1019297148519501.6
601.5	1018651355331416.1
602.5	1017941441198621.4
603.5	1017159922676203.8
604.5	1016023114520095.0
605.5	1014645185737256.0
606.5	1012796955468222.9
607.5	1010757843462999.5
608.5	1008812069160209.5
609.5	1006879229984864.8
610.5	1005163742205897.0
611.5	1003462723625643.6
612.5	1001784385115699.5
613.5	1000099208667888.2
614.5	998660748264516.2
615.5	997252806375013.9
616.5	996808728970946.0
617.5	996398809685645.6
618.5	996623423845650.1
619.5	996829568358975.5
620.5	996811831345855.1
621.5	996781004316203.2
622.5	996556291246867.1
623.5	996328115373554.8
624.5	996333247006214.4
625.5	996333277506908.4
626.5	996495702336134.6
627.5	996660550852733.4
628.5	996278720815161.6
629.5	995823509470618.0
630.5	995233984125382.2
631.5	994605562193987.2
632.5	994136037798584.1
633.5	993734695287895.9
634.5	993350988043988.2
635.5	992979158215343.4
636.5	992440916850753.0
637.5	991683230985553.5
638.5	990903475906193.5
639.5	990076326908919.6
640.5	989252008592176.6
641.5	988524296271751.0
642.5	987789499892265.4
643.5	985913298059850.1
644.5	983886071801352.0
645.5	981689040458647.2
646.5	979405645709409.4
647.5	977218223834376.2
648.5	975156703453377.8
649.5	973141710712672.8
650.5	971361562377286.8
651.5	969571334281831.9
652.5	967940055764512.2
653.5	966315958392217.6
654.5	965248486672031.1
655.5	964520751291524.5
656.5	964264619306117.6
657.5	965121012668474.2
658.5	965975543208909.2
659.5	967339265523031.8
660.5	968718504618223.9
661.5	970011122983140.6
662.5	971247920730228.4
663.5	972441723296805.9
664.5	973492871756367.1
665.5	974542772734089.9
666.5	975479534065566.5
667.5	976393367384366.8
668.5	976995821493234.5
669.5	977167336768276.5
670.5	977334998542491.8
671.5	976715250037410.6
672.5	976073299512414.6
673.5	975371182854808.0
674.5	974610777927650.0
675.5	973842830095565.0
676.5	973036143441826.5
677.5	972222809784763.9
678.5	971358570901156.9
679.5	970446640598837.2
680.5	969527812410458.1
681.5	968586291494024.5
682.5	967637826338363.9
683.5	966674429845718.9
684.5	965693885472967.1
685.5	964706343744689.9
686.5	963624936443030.1
687.5	962523279493826.2
688.5	961401342007747.6
689.5	960236900211651.2
690.5	959065030387525.1
691.5	957918041441692.5
692.5	956781140175596.6
693.5	955637373427404.0
694.5	954527842928759.2
695.5	953411148938723.8
696.5	952303256085078.0
697.5	951219280236413.1
698.5	950128275727047.4
699.5	949072229256192.0
700.5	948031914715581.2
701.5	946984756203109.9
702.5	945958510262599.8
703.5	944927273588688.5
704.5	943877888578474.2
705.5	942776092948552.4
706.5	941667375760257.9
707.5	940539937263655.8
708.5	939389880215346.0
709.5	938232824036143.8
710.5	937080975998145.0
711.5	935928745589687.8
712.5	934769568915696.6
713.5	933556923759535.8
714.5	932327659930611.4
715.5	931091292720908.8
716.5	929947310899710.2
717.5	928797509745020.8
718.5	927663042773131.5
719.5	926670302787447.0
720.5	925671214363423.6
721.5	924685977671154.8
722.5	923758504399404.5
723.5	922824916001513.2
724.5	921870606528968.4
725.5	920879061129530.5
726.5	919881274603705.1
727.5	918926361449757.2
728.5	918045586523553.4
729.5	917158925793793.1
730.5	916323174975404.8
731.5	915563536153541.6
732.5	914798390792007.6
733.5	913995717336489.5
734.5	913143169501334.0
735.5	912284907241583.0
736.5	911442038026349.9
737.5	910625215897241.4
738.5	909802822639321.5
739.5	909048927224088.6
740.5	908427403676223.2
741.5	907800881347438.6
742.5	907219598041010.0
743.5	906762808180785.8
744.5	906301502827793.0
745.5	905826677348664.0
746.5	905303289449027.8
747.5	904775243954861.4
748.5	904239141701939.8
749.5	903616683839238.4
750.5	902989341316928.5
751.5	902357114135010.0
752.5	901736269477041.2
753.5	901112596617108.4
754.5	900484087676263.0
755.5	899783396813349.9
756.5	899048790881479.1
757.5	898309094180820.9
758.5	897518610285477.9
759.5	896675290838850.6
760.5	895826634722283.8
761.5	894969170054739.4
762.5	894095350871093.2
763.5	893216157023624.5
764.5	892331588512333.5
765.5	891543589668286.5
766.5	890753639543685.5
767.5	889958589339843.2
768.5	889263663513808.9
769.5	888615805862785.8
770.5	887963256854521.8
771.5	887294917445637.0
772.5	886601218680300.6
773.5	885902746350198.2
774.5	885199500455330.6
775.5	884458439317029.1
776.5	883712185215387.9
777.5	882961071474363.6
778.5	882211886629889.1
779.5	881462391090041.2
780.5	880708064977545.4
781.5	879938113603722.8
782.5	879117225683361.6
783.5	878291361792653.1
784.5	877460521931597.0
785.5	876516484740070.6
786.5	875529123902341.6
787.5	874536414732505.2
788.5	873521753133619.1
789.5	872456751594445.5
790.5	871386245739257.8
791.5	870310235568055.1
792.5	869338774981156.8
793.5	868395002540179.0
794.5	867446086482602.2
795.5	866505799227707.2
796.5	865606568607191.4
797.5	864702344917113.1
798.5	863793128157472.1
799.5	862804508955202.2
800.5	861774015310505.0
801.5	860738250775692.5
802.5	859705224261613.5
803.5	858759164061514.8
804.5	857808082470081.4
805.5	856851979487313.4
806.5	855945224928930.6
807.5	855100118200790.4
808.5	854250289701434.0
809.5	853395739430861.4
810.5	852498439120596.0
811.5	851586804403082.4
812.5	850670330615560.5
813.5	849739994531113.8
814.5	848731701341038.4
815.5	847718367410799.5
816.5	846699992740396.8
817.5	845727412468050.0
818.5	844826261805662.0
819.5	843920381321387.0
820.5	843009771015224.9
821.5	842191367864185.8
822.5	841420731263425.0
823.5	840645727917613.9
824.5	839866357826752.8
825.5	838990459994999.4
826.5	838097389500404.4
827.5	837199698527496.4
828.5	836274245649867.2
829.5	835036294958283.9
830.5	833792925739369.0
831.5	832544137993122.4
832.5	831259355155850.6
833.5	829872138241756.5
834.5	828479196728622.2
835.5	827080530616448.1
836.5	825722440597542.6
837.5	824437667239971.1
838.5	823147468475245.2
839.5	821851844303364.9
840.5	820421511340633.0
841.5	818839484237361.8
842.5	817251377185522.4
843.5	815657190185114.5
844.5	813977887828391.4
845.5	812224912164383.1
846.5	810465509928085.5
847.5	808699681119498.8
848.5	807154106706815.4
849.5	805766981776065.1
850.5	804374351496963.4
851.5	802976215869509.6
852.5	801860385419954.4
853.5	800939963371088.6
854.5	800015180406601.5
855.5	799086036526493.1
856.5	798328402008535.8
857.5	797699646218730.2
858.5	797067249990470.6
859.5	796431213323757.2
860.5	795841341043851.4
861.5	795295851387399.2
862.5	794746948268716.8
863.5	794194631687803.8
864.5	793790246526709.0
865.5	793583650060792.1
866.5	793374454394859.0
867.5	793162659528909.0
868.5	793054003015258.1
869.5	793167941807979.9
870.5	793280042321470.2
871.5	793390304555729.1
872.5	793470583212372.1
873.5	793411386296969.0
874.5	793349971593844.6
875.5	793286339102999.1
876.5	793220488824432.1
877.5	792928877767206.4
878.5	792634539422564.8
879.5	792337473790507.5
880.5	792037680871034.4
881.5	791759851462046.9
882.5	791485921607952.9
883.5	791209335377786.6
884.5	790930092771547.8
885.5	790593206640517.0
886.5	790210286959831.1
887.5	789824489127043.6
888.5	789435813142154.2
889.5	788984071016098.0
890.5	788381792944681.6
891.5	787776170066211.2
892.5	787167202380687.2
893.5	786554889888109.5
894.5	785841617853022.6
895.5	785124782755464.8
896.5	784404384595435.5
897.5	783680423372935.1
898.5	782884630341036.5
899.5	782051459956489.6
900.5	781214499701119.9
901.5	780373749574927.0
902.5	779546844985742.5
903.5	778755486105133.8
904.5	777960463422205.6
905.5	777161776936958.4
906.5	776359426649391.6
907.5	775613841128484.9
908.5	774869278380077.5
909.5	774121195029253.5
910.5	773369591076013.1
911.5	772602020652111.9
912.5	771818931403462.1
913.5	771032268006234.1
914.5	770242030460427.9
915.5	769444019607377.0
916.5	768586575671902.5
917.5	767725426538191.2
918.5	766860572206244.0
919.5	765992012676060.2
920.5	765189169970729.9
921.5	764431067734386.9
922.5	763669515953139.2
923.5	762904514626986.9
924.5	762138970965313.1
925.5	761399410960779.6
926.5	760656471291982.6
927.5	759910151958922.6
928.5	759160452961599.1
929.5	758369811956403.6
930.5	757546165442510.1
931.5	756718994938127.0
932.5	755888300443254.6
933.5	755054081957893.0
934.5	754167301378336.8
935.5	753276891857828.6
936.5	752382853396368.2
937.5	751485185993956.0
938.5	750656330215871.8
939.5	749928354687165.6
940.5	749197126742399.6
941.5	748462646381573.2
942.5	747724913604687.1
943.5	747122882378780.4
944.5	746552668597334.6
945.5	745979570587340.9
946.5	745403588348798.8
947.5	744787813481295.8
948.5	743959708139735.2
949.5	743128199190201.1
950.5	742293286632693.5
951.5	741454970467212.8
952.5	740613250693758.5
953.5	739949873063949.2
954.5	739340926631900.8
955.5	738729078194703.8
956.5	738114327752358.8
957.5	737516527052448.8
958.5	737116798671359.4
959.5	736714629016135.9
960.5	736310018086778.6
961.5	735902965883287.5
962.5	735519722215274.0
963.5	735175191869739.0
964.5	734828360109195.6
965.5	734479226933644.0
966.5	734127792343083.6
967.5	733744515036725.1
968.5	733344310016184.5
969.5	732941712435428.4
970.5	732536722294457.4
971.5	732129339593271.4
972.5	731605201899240.8
973.5	731068481667204.8
974.5	730529113230754.2
975.5	729987096589889.0
976.5	729420598922590.9
977.5	728727562312927.0
978.5	728031579388973.6
979.5	727332650150729.5
980.5	726630774598195.4
981.5	725913140728443.5
982.5	725168716475493.4
983.5	724421271316866.9
984.5	723670805252564.5
985.5	722917318282586.1
986.5	722148182115595.2
987.5	721364330740000.4
988.5	720577409223705.4
989.5	719787417566709.8
990.5	718994355769014.0
991.5	718174370503444.2
992.5	717340030565069.5
993.5	716502549727704.9
994.5	715661927991349.5
995.5	714818165356004.0
996.5	714033536315245.4
997.5	713261475608635.4
998.5	712486430236084.6
999.5	711708400197593.4
1000.5	710927385493161.2
1001.5	710248943216127.2
1002.5	709578177207746.9
1003.5	708904658179568.0
1004.5	708228386131591.2
1005.5	707549361063816.2
1006.5	706980116161691.0
1007.5	706409479680855.6
1008.5	705836316051825.2
1009.5	705260625274599.9
1010.5	704680768477859.9
1011.5	704067211919173.0
1012.5	703451063338612.4
1013.5	702832322736177.2
1014.5	702210990111868.0
1015.5	701587376216918.8
1016.5	700964748070396.5
1017.5	700339535552202.5
1018.5	699711738662337.5
1019.5	699081357400800.8
1020.5	698454204810255.8
1021.5	697883313156450.2
1022.5	697309963714732.1
1023.5	696734156485101.0
1024.5	696155891467557.4
1025.5	695572297477276.6
1026.5	694957180921732.2
1027.5	694339544360715.6
1028.5	693719387794227.0
1029.5	693096711222266.2
1030.5	692467121736989.8
1031.5	691766114712308.0
1032.5	691062445585830.6
1033.5	690356114357557.5
1034.5	689647121027488.5
1035.5	688935033216907.9
1036.5	688177435638515.2
1037.5	687417092447227.4
1038.5	686654003643044.9
1039.5	685888169225967.4
1040.5	685119589195994.9
1041.5	684349172747061.8
1042.5	683576080930824.5
1043.5	682800245379038.2
1044.5	682021666091702.9
1045.5	681240343068818.6
1046.5	680406180264870.4
1047.5	679559626763180.5
1048.5	678710215549545.2
1049.5	677857946623964.8
1050.5	677002819986438.8
1051.5	676049808507165.2
1052.5	675058578123884.2
1053.5	674064242431605.1
1054.5	673066801430327.6
1055.5	672066255120052.6
1056.5	671040222820870.4
1057.5	669996108269296.4
1058.5	668948817796073.0
1059.5	667898351401199.6
1060.5	666844709084677.0
1061.5	665782800802853.1
1062.5	664711726111380.2
1063.5	663637454649812.8
1064.5	662559986418150.4
1065.5	661479321416393.1
1066.5	660404435678950.0
1067.5	659348366418026.9
1068.5	658289158430783.4
1069.5	657226811717219.6
1070.5	656161326277335.6
1071.5	655105408979432.6
1072.5	654149282739083.4
1073.5	653190233389743.8
1074.5	652228260931414.0
1075.5	651263365364094.1
1076.5	650295546687784.0
1077.5	649463527005162.1
1078.5	648642574203732.2
1079.5	647818981248061.1
1080.5	646992748138149.1
1081.5	646163874873995.9
1082.5	645454441574655.1
1083.5	644797491930495.5
1084.5	644138229019316.6
1085.5	643476652841118.2
1086.5	642812763395900.5
1087.5	642208508709140.6
1088.5	641674843148322.8
1089.5	641139111988753.1
1090.5	640601315230431.6
1091.5	640061452873358.8
1092.5	639536828937814.0
1093.5	639075326742156.5
1094.5	638611909794606.4
1095.5	638146578095163.4
1096.5	637679331643827.4
1097.5	637210170440598.6
1098.5	636792562597195.5
1099.5	636375954022313.8
1100.5	635957533166586.8
1101.5	635537300030014.8
1102.5	635115254612596.9
1103.5	634666349590404.5
1104.5	634203238969935.1
1105.5	633738248313177.6
1106.5	633271377620132.1
1107.5	632802626890798.2
1108.5	632311880346194.6
1109.5	631784935381687.0
1110.5	631256012289830.8
1111.5	630725111070626.4
1112.5	630192231724073.1
1113.5	629655575822256.6
1114.5	629093023705501.9
1115.5	628528447315323.4
1116.5	627961846651721.0
1117.5	627393221714695.2
1118.5	626822572504245.6
1119.5	626234696533051.4
1120.5	625639697106665.8
1121.5	625042637194291.9
1122.5	624443516795929.4
1123.5	623842335911578.6
1124.5	623223830766965.1
1125.5	622581253512155.9
1126.5	621936549557542.8
1127.5	621289718903125.4
1128.5	620640761548904.6
1129.5	619989568158034.6
1130.5	619334793969600.6
1131.5	618677890315617.2
1132.5	618018857196084.0
1133.5	617357694611001.1
1134.5	616694402560368.6
1135.5	616058262813538.5
1136.5	615432015868528.0
1137.5	614803712098969.6
1138.5	614173351504863.0
1139.5	613540934086208.5
1140.5	612908280599767.4
1141.5	612277110990872.8
1142.5	611643893948340.9
1143.5	611008629472171.9
1144.5	610371317562365.8
1145.5	609731958218922.5
1146.5	609040010996176.8
1147.5	608344363705099.2
1148.5	607646578088885.2
1149.5	606946654147534.2
1150.5	606244591881046.4
1151.5	605533119808897.8
1152.5	604814226654391.4
1153.5	604093173399610.8
1154.5	603369960044556.0
1155.5	602644586589226.6
1156.5	601921593935216.8
1157.5	601217153250261.8
1158.5	600510596091890.8
1159.5	599801922460104.5
1160.5	599091132354902.5
1161.5	598378225776285.1
1162.5	597658656373914.2
1163.5	596935603507526.8
1164.5	596210424009700.4
1165.5	595483117880435.0
1166.5	594753685119730.6
1167.5	594014217068336.0
1168.5	593257908747131.9
1169.5	592499435085847.4
1170.5	591738796084482.8
1171.5	590975991743038.2
1172.5	590211022061513.4
1173.5	589482597776893.5
1174.5	588754990321342.9
1175.5	588025288466399.5
1176.5	587293492212063.4
1177.5	586559601558334.9
1178.5	585869577929609.9
1179.5	585225415894036.5
1180.5	584579318642482.0
1181.5	583931286174946.5
1182.5	583281318491429.9
1183.5	582634140344607.5
1184.5	582074881118551.0
1185.5	581513846363971.9
1186.5	580951036080870.1
1187.5	580386450269245.9
1188.5	579820088929098.6
1189.5	579271625161206.8
1190.5	578734545369222.1
1191.5	578195745178603.4
1192.5	577655224589350.5
1193.5	577112983601464.0
1194.5	576580184103997.2
1195.5	576108986552956.5
1196.5	575636193195318.2
1197.5	575161804031082.2
1198.5	574685819060248.8
1199.5	574208238282817.5
1200.5	573808561971965.0
1201.5	573444865356637.2
1202.5	573079767707167.1
1203.5	572713269023555.1
1204.5	572345369305801.0
1205.5	571975051240105.9
1206.5	571599720620662.8
1207.5	571222981295317.0
1208.5	570844833264068.6
1209.5	570465276526917.8
1210.5	570084311083864.2
1211.5	569707990861207.5
1212.5	569332400737654.9
1213.5	568955415413740.9
1214.5	568577034889465.2
1215.5	568197259164828.1
1216.5	567811263071349.6
1217.5	567410807294683.1
1218.5	567008926936653.4
1219.5	566605621997260.2
1220.5	566200892476503.6
1221.5	565794738374383.6
1222.5	565361990091927.8
1223.5	564920671126142.4
1224.5	564477874787637.1
1225.5	564033601076412.1
1226.5	563587849992467.1
1227.5	563126844198017.9
1228.5	562632165272448.94
1229.5	562135934148157.2
1230.5	561638150825142.8
1231.5	561138815303405.6
1232.5	560637927582945.7
1233.5	560112281681765.2
1234.5	559579598164177.3
1235.5	559045315995721.44
1236.5	558509435176397.94
1237.5	557971955706206.56
1238.5	557430144693580.3
1239.5	556880642817680.94
1240.5	556329528054693.6
1241.5	555776800404618.5
1242.5	555222459867455.6
1243.5	554666506443204.6
1244.5	554052384895577.75
1245.5	553424135032969.4
1246.5	552794161443899.2
1247.5	552162464128367.75
1248.5	551529043086374.3
1249.5	550875952566905.9
1250.5	550182944355396.0
1251.5	549488122652763.4
1252.5	548791487459008.1
1253.5	548093038774130.44
1254.5	547392776598129.9
1255.5	546722766147267.6
1256.5	546058037597183.94
1257.5	545391557848167.56
1258.5	544723326900218.6
1259.5	544053344753337.2
1260.5	543397994001835.94
1261.5	542777411457908.06
1262.5	542155161566024.75
1263.5	541531244326186.1
1264.5	540905659738392.3
1265.5	540278407802643.06
1266.5	539677720562899.5
1267.5	539082038118122.2
1268.5	538484743365855.7
1269.5	537885836306100.25
1270.5	537285316938855.75
1271.5	536703637820239.7
1272.5	536168138728373.8
1273.5	535631134564861.75
1274.5	535092625329703.25
1275.5	534552611022898.5
1276.5	534011091644447.56
1277.5	533547951586655.25
1278.5	533103418251874.25
1279.5	532657536174981.7
1280.5	532210305355977.75
1281.5	531761725794862.3
1282.5	531344356079046.7
1283.5	531005462952327.94
1284.5	530665396164965.1
1285.5	530324155716958.44
1286.5	529981741608307.8
1287.5	529638153839013.6
1288.5	529282366402335.1
1289.5	528922275877610.0
1290.5	528560989750594.06
1291.5	528198508021287.4
1292.5	527834830689689.5
1293.5	527467187739653.94
1294.5	527091216498999.25
1295.5	526714034359702.9
1296.5	526335641321764.9
1297.5	525956037385185.5
1298.5	525575222549964.5
1299.5	525191449119147.94
1300.5	524805939658817.75
1301.5	524419215806600.44
1302.5	524031277562495.7
1303.5	523642124926504.25
1304.5	523248956127751.06
1305.5	522846588257718.6
1306.5	522442989474462.56
1307.5	522038159777982.7
1308.5	521632099168278.94
1309.5	521224807645351.44
1310.5	520805183800807.4
1311.5	520380803717785.44
1312.5	519955170429107.44
1313.5	519528283934773.2
1314.5	519100144234782.9
1315.5	518676688286119.44
1316.5	518268898495832.2
1317.5	517859890215890.44
1318.5	517449663446293.75
1319.5	517038218187042.44
1320.5	516625554438136.6
1321.5	516208174988333.7
1322.5	515788466537884.4
1323.5	515367532633582.75
1324.5	514945373275428.25
1325.5	514521988463421.2
1326.5	514099876637842.06
1327.5	513683659431472.4
1328.5	513266231259581.2
1329.5	512847592122168.9
1330.5	512427742019235.1
1331.5	512006680950780.0
1332.5	511585067275825.2
1333.5	511162451682378.56
1334.5	510738626423616.0
1335.5	510313591499537.56
1336.5	509887346910143.3
1337.5	509450175384553.0
1338.5	508985487398798.1
1339.5	508519535931066.3
1340.5	508052320981357.5
1341.5	507583842549671.44
1342.5	507114100636008.5
1343.5	506634222499889.7
1344.5	506150563242847.1
1345.5	505665623569985.7
1346.5	505179403481305.2
1347.5	504691902976805.6
1348.5	504203063523618.44
1349.5	503712800156921.06
1350.5	503221256075053.5
1351.5	502728431278015.94
1352.5	502234325765808.25
1353.5	501738939538430.56
1354.5	501244835225433.6
1355.5	500750055535564.94
1356.5	500253999801977.4
1357.5	499756668024670.6
1358.5	499258060203644.75
1359.5	498771205781835.0
1360.5	498309567660190.0
1361.5	497846711579651.6
1362.5	497382637540220.0
1363.5	496917345541895.6
1364.5	496450835584677.6
1365.5	496008686418398.25
1366.5	495569523789474.75
1367.5	495129186764795.8
1368.5	494687675344361.5
1369.5	494244989528171.94
1370.5	493807591441310.6
1371.5	493379579549407.25
1372.5	492950418078373.4
1373.5	492520107028209.5
1374.5	492088646398915.2
1375.5	491656036190490.56
1376.5	491216428186852.2
1377.5	490775153196883.4
1378.5	490332719391668.7
1379.5	489889126771208.1
1380.5	489444375335501.56
1381.5	488994152600250.06
1382.5	488537698660511.56
1383.5	488080072333372.56
1384.5	487621273618832.7
1385.5	487161302516892.2
1386.5	486700159027551.06
1387.5	486214446711540.56
1388.5	485727528283532.2
1389.5	485239403743526.0
1390.5	484750073091522.06
1391.5	484259536327520.5
1392.5	483753254918926.25
1393.5	483233842811799.06
1394.5	482713186626863.56
1395.5	482191286364119.5
1396.5	481668142023567.06
1397.5	481143680338519.9
1398.5	480617314598789.1
1399.5	480089703732710.75
1400.5	479560847740284.6
1401.5	479030746621510.7
1402.5	478499400376389.1
1403.5	477968283864526.56
1404.5	477436684645509.4
1405.5	476903843484520.5
1406.5	476369760381559.5
1407.5	475834435336626.7
1408.5	475297107576666.75
1409.5	474755837593181.0
1410.5	474213320757451.3
1411.5	473669557069477.06
1412.5	473124546529258.6
1413.5	472578289136796.0
1414.5	472061008366806.9
1415.5	471550563246389.9
1416.5	471038925367136.8
1417.5	470526094729047.56
1418.5	470012071332122.3
1419.5	469500669450132.5
1420.5	468994579332929.75
1421.5	468487310981509.6
1422.5	467978864395872.0
1423.5	467469239576016.6
1424.5	466958436521944.0
1425.5	466494149099407.8
1426.5	466031262322323.25
1427.5	465567267748158.0
1428.5	465102165376911.9
1429.5	464635955208585.06
1430.5	464190340131444.94
1431.5	463762148169770.44
1432.5	463332904601904.75
1433.5	462902609427848.1
1434.5	462471262647600.1
1435.5	462041690215856.06
1436.5	461628441644098.7
1437.5	461214169589299.8
1438.5	460798874051459.7
1439.5	460382555030578.06
1440.5	459965212526654.94
1441.5	459590992313804.1
1442.5	459231331305171.8
1443.5	458870729583461.94
1444.5	458509187148674.56
1445.5	458146704000809.8
1446.5	457783379575289.5
1447.5	457419299367623.4
1448.5	457054278839691.94
1449.5	456688317991494.75
1450.5	456321416823032.0
1451.5	455953575334303.44
1452.5	455551314439521.7
1453.5	455146671203610.6
1454.5	454741039628091.06
1455.5	454334419712963.1
1456.5	453926811458226.8
1457.5	453516750798021.44
1458.5	453104681689452.3
1459.5	452691620836173.56
1460.5	452277568238185.06
1461.5	451862523895486.8
1462.5	451440176259574.06
1463.5	450994435638714.9
1464.5	450547664040521.25
1465.5	450099861464993.1
1466.5	449651027912130.8
1467.5	449201163381933.8
1468.5	448660109783431.44
1469.5	448103215525216.7
1470.5	447545147511336.6
1471.5	446985905741791.1
1472.5	446425490216580.25
1473.5	445871602616927.7
1474.5	445324258623215.56
1475.5	444775761781014.94
1476.5	444226112090325.6
1477.5	443675309551147.6
1478.5	443132746318905.06
1479.5	442638385109696.8
1480.5	442142950458116.0
1481.5	441646442364162.9
1482.5	441148860827837.1
1483.5	440650205849139.25
1484.5	440207673117597.9
1485.5	439776707609716.06
1486.5	439344762631628.75
1487.5	438911838183335.8
1488.5	438477934264837.4
1489.5	438075980875749.6
1490.5	437707389324329.56
1491.5	437337908539804.8
1492.5	436967538522175.5
1493.5	436596279271441.3
1494.5	436237174352962.1
1495.5	435940923558268.6
1496.5	435643886209433.5
1497.5	435346062306456.5
1498.5	435047451849337.75
1499.5	434748054838077.3
1500.5	434558626422412.1
1501.5	434388117129030.06
1502.5	434216994957182.56
1503.5	434045259906869.5
1504.5	433872911978091.1
1505.5	433718249392207.9
1506.5	433577979452764.1
1507.5	433437140832122.75
1508.5	433295733530283.9
1509.5	433153757547247.44
1510.5	432994762392967.0
1511.5	432785792633559.4
1512.5	432576167066889.94
1513.5	432365885692958.4
1514.5	432154948511764.7
1515.5	431943355523309.06
1516.5	431718500366963.25
1517.5	431492447166363.25
1518.5	431265720840168.7
1519.5	431038321388379.5
1520.5	430810248810995.9
1521.5	430547419099333.25
1522.5	430267821383490.0
1523.5	429987484655042.94
1524.5	429706408913992.25
1525.5	429424594160337.9
1526.5	429093591464547.9
1527.5	428692021415154.56
1528.5	428289557530857.06
1529.5	427886199811655.56
1530.5	427481948257549.9
1531.5	427064371506660.5
1532.5	426569470744240.56
1533.5	426073560188128.3
1534.5	425576639838323.8
1535.5	425078709694827.1
1536.5	424579769757638.06
1537.5	424009860790266.9
1538.5	423430198754276.5
1539.5	422849424673037.75
1540.5	422267538546550.7
1541.5	421684540374815.44
1542.5	421030881531874.9
1543.5	420336874002944.0
1544.5	419641613527983.0
1545.5	418945100106991.75
1546.5	418247333739970.3
1547.5	417526960524678.0
1548.5	416774558122218.6
1549.5	416020835461692.44
1550.5	415265792543099.2
1551.5	414509429366439.1
1552.5	413743396474998.06
1553.5	412937971655320.56
1554.5	412131166821221.25
1555.5	411322981972699.9
1556.5	410513417109756.44
1557.5	409702472232391.06
1558.5	408919119290962.7
1559.5	408135631453554.25
1560.5	407350802330135.7
1561.5	406564631920707.0
1562.5	405777120225268.3
1563.5	405061020312480.4
1564.5	404367938711663.7
1565.5	403673639910659.4
1566.5	402978123909467.0
1567.5	402281390708086.8
1568.5	401643632098087.75
1569.5	401054012266178.8
1570.5	400463314780937.0
1571.5	399871539642362.3
1572.5	399278686850454.94
1573.5	398740292872822.6
1574.5	398299686075978.2
1575.5	397858197708375.5
1576.5	397415827770014.56
1577.5	396972576260895.56
1578.5	396542000055201.4
1579.5	396172357674336.25
1580.5	395801929149976.3
1581.5	395430714482121.5
1582.5	395058713670772.06
1583.5	394686426769151.94
1584.5	394362890888007.6
1585.5	394038632021338.2
1586.5	393713650169143.56
1587.5	393387945331423.7
1588.5	393061517508178.6
1589.5	392801738795927.56
1590.5	392553218542920.0
1591.5	392304075035485.1
1592.5	392054308273623.06
1593.5	391803918257333.6
1594.5	391556012781319.75
1595.5	391308820696353.7
1596.5	391061010925736.4
1597.5	390812583469467.75
1598.5	390563538327547.94
1599.5	390229604721809.25
1600.5	389825956134034.9
1601.5	389451365228558.75
1602.5	389139509255352.06
1603.5	388826960570636.75
1604.5	388513719174413.25
1605.5	388199785066681.44
1606.5	387885158247441.3
1607.5	387569838716692.75
1608.5	387253826474436.06
1609.5	386937121520670.9
1610.5	386619723855397.44
1611.5	386301633478615.6
1612.5	385982850390325.5
1613.5	385663374590527.1
1614.5	385343206079220.3
1615.5	385022344856405.2
1616.5	384700790922081.8
1617.5	384358933538165.3
1618.5	384005321334551.6
1619.5	383650978531604.75
1620.5	383295905129324.8
1621.5	382940101127711.9
1622.5	382583566526765.9
1623.5	382226301326486.75
1624.5	381868305526874.6
1625.5	381509579127929.44
1626.5	381150122129651.06
1627.5	380789934532039.75
1628.5	380429016335095.44
1629.5	380067367538817.9
1630.5	379704988143207.3
1631.5	379341878148263.7
1632.5	378972028463078.1
1633.5	378532293940777.3
1634.5	378091736796311.6
1635.5	377650357029681.3
1636.5	377208154640886.25
1637.5	376765129629926.4
1638.5	376321281996801.75
1639.5	375876611741512.4
1640.5	375431118864058.3
1641.5	374984803364439.44
1642.5	374537665242655.9
1643.5	374089704498707.5
1644.5	373640921132594.4
1645.5	373191315144316.6
1646.5	372740886533874.0
1647.5	372289635301266.6
1648.5	371847744483525.0
1649.5	371412124038289.8
1650.5	370975701910392.1
1651.5	370538478099832.1
1652.5	370100452606609.7
1653.5	369661625430724.8
1654.5	369221996572177.56
1655.5	368781566030967.9
1656.5	368340333807095.75
1657.5	367898299900561.25
1658.5	367455464311364.3
1659.5	367011827039504.94
1660.5	366567388084983.2
1661.5	366122147447798.94
1662.5	365676105127952.4
1663.5	365234466922047.06
1664.5	364814239766444.56
1665.5	364393243869483.56
1666.5	363971479231164.0
1667.5	363548945851485.8
1668.5	363125643730449.2
1669.5	362701572868054.0
1670.5	362276733264300.1
1671.5	361851124919187.75
1672.5	361424747832717.0
1673.5	360997602004887.5
1674.5	360569687435699.56
1675.5	360141004125153.06
1676.5	359711552073248.06
1677.5	359281331279984.4
1678.5	358850341745362.25
1679.5	358451227615933.8
1680.5	358055420690898.25
1681.5	357658888702761.3
1682.5	357261631651522.8
1683.5	356863649537182.75
1684.5	356464942359741.1
1685.5	356065510119198.1
1686.5	355665352815553.6
1687.5	355264470448807.56
1688.5	354862863018960.0
1689.5	354460530526010.9
1690.5	354057472969960.4
1691.5	353653690350808.3
1692.5	353249182668554.7
1693.5	352843949923199.6
1694.5	352321795972154.3
1695.5	351744067005846.7
1696.5	351165411292542.3
1697.5	350585828832241.06
1698.5	350005319624943.1
1699.5	349423883670648.44
1700.5	348841520969356.8
1701.5	348258231521068.56
1702.5	347674015325783.4
1703.5	347088872383501.44
1704.5	346502802694222.7
1705.5	345915806257947.25
1706.5	345327883074675.0
1707.5	344739033144405.94
1708.5	344149256467140.06
1709.5	343518492970943.9
1710.5	342856517426015.7
1711.5	342193532910249.94
1712.5	341529539423646.6
1713.5	340864536966205.6
1714.5	340198525537926.94
1715.5	339531505138810.7
1716.5	338863475768856.9
1717.5	338194437428065.4
1718.5	337524390116436.25
1719.5	336853333833969.5
1720.5	336181268580665.1
1721.5	335508194356523.1
1722.5	334834111161543.5
1723.5	334159018995726.25
1724.5	333597776511506.56
1725.5	333129688019803.25
1726.5	332660832753740.75
1727.5	332191210713319.06
1728.5	331720821898538.2
1729.5	331249666309398.06
1730.5	330777743945898.75
1731.5	330305054808040.25
1732.5	329831598895822.6
1733.5	329357376209245.7
1734.5	328882386748309.56
1735.5	328406630513014.3
1736.5	327930107503359.7
1737.5	327452817719346.06
1738.5	326974761160973.2
1739.5	326590322234239.7
1740.5	326258346801498.56
1741.5	325925774155346.06
1742.5	325592604295782.2
1743.5	325258837222806.9
1744.5	324924472936420.2
1745.5	324589511436622.1
1746.5	324253952723412.8
1747.5	323917796796792.0
1748.5	323581043656759.94
1749.5	323243693303316.4
1750.5	322905745736461.44
1751.5	322567200956195.25
1752.5	322228058962517.56
1753.5	321888319755428.5
1754.5	321465065705035.8
1755.5	321021659021184.5
1756.5	320577538432620.3
1757.5	320132703939343.1
1758.5	319687155541353.06
1759.5	319240893238650.0
1760.5	318793917031233.94
1761.5	318346226919105.0
1762.5	317897822902263.06
1763.5	317448704980708.2
1764.5	316998873154440.3
1765.5	316548327423459.5
1766.5	316097067787765.7
1767.5	315645094247358.94
1768.5	315189561055505.06
1769.5	314695481584192.9
1770.5	314200642233019.56
1771.5	313705043001985.25
1772.5	313208683891089.6
1773.5	312711564900332.94
1774.5	312213686029715.2
1775.5	311715047279236.2
1776.5	311215648648896.2
1777.5	310715490138694.94
1778.5	310214571748632.56
1779.5	309712893478709.1
1780.5	309210455328924.5
1781.5	308707257299278.8
1782.5	308203299389771.94
1783.5	307693127002416.0
1784.5	307174954050737.75
1785.5	306656006994234.4
1786.5	306136285832906.0
1787.5	305615790566752.44
1788.5	305094521195773.94
1789.5	304572477719970.3
1790.5	304049660139341.56
1791.5	303526068453887.75
1792.5	303001702663608.9
1793.5	302476562768504.9
1794.5	301950648768575.9
1795.5	301423960663821.75
1796.5	300896498454242.56
1797.5	300368262139838.25
1798.5	299931357659762.4
1799.5	299506348384484.2
1800.5	299080681396752.25
1801.5	298654356696566.56
1802.5	298227374283927.2
1803.5	297799734158834.1
1804.5	297371436321287.3
1805.5	296942480771286.75
1806.5	296512867508832.5
1807.5	296082596533924.5
1808.5	295651667846562.9
1809.5	295220081446747.44
1810.5	294787837334478.4
1811.5	294354935509755.56
1812.5	293973635217587.94
1813.5	293663942223729.8
1814.5	293353728815927.1
1815.5	293042994994179.7
1816.5	292731740758487.7
1817.5	292419966108851.0
1818.5	292107671045269.56
1819.5	291794855567743.5
1820.5	291481519676272.9
1821.5	291167663370857.44
1822.5	290853286651497.5
1823.5	290538389518192.75
1824.5	290222971970943.4
1825.5	289907034009749.4
1826.5	289588294698937.06
1827.5	289233278253135.94
1828.5	288877699766678.3
1829.5	288521559239564.2
1830.5	288164856671793.56
1831.5	287807592063366.5
1832.5	287449765414283.0
1833.5	287091376724543.0
1834.5	286732425994146.5
1835.5	286372913223093.5
1836.5	286012838411384.2
1837.5	285652201559018.3
1838.5	285291002665995.9
1839.5	284929241732317.1
1840.5	284566918757981.75
1841.5	284113352538490.6
1842.5	283633535153032.25
1843.5	283153029462508.4
1844.5	282671835466919.3
1845.5	282189953166264.75
1846.5	281707382560544.8
1847.5	281224123649759.6
1848.5	280740176433909.0
1849.5	280255540912993.0
1850.5	279770217087011.7
1851.5	279284204955964.88
1852.5	278797504519852.88
1853.5	278310115778675.4
1854.5	277822038732432.6
1855.5	277336859383205.8
1856.5	276853387550658.12
1857.5	276369233855157.78
1858.5	275884398296704.88
1859.5	275398880875299.44
1860.5	274912681590941.4
1861.5	274425800443630.75
1862.5	273938237433367.62
1863.5	273449992560151.8
1864.5	272961065823983.44
1865.5	272471457224862.53
1866.5	271981166762789.03
1867.5	271490194437762.88
1868.5	270998540249784.22
1869.5	270685709967644.7
1870.5	270551991645533.2
1871.5	270417975532721.28
1872.5	270283661629208.7
1873.5	270149049934995.7
1874.5	270014140450081.97
1875.5	269878933174467.84
1876.5	269743428108153.06
1877.5	269607625251137.75
1878.5	269471524603421.9
1879.5	269335126165005.53
1880.5	269198429935888.6
1881.5	269061435916071.1
1882.5	268924144105553.06
1883.5	268769484173462.66
1884.5	268597428930528.56
1885.5	268425039644532.25
1886.5	268252316315473.38
1887.5	268079258943352.2
1888.5	267905867528168.66
1889.5	267732142069922.72
1890.5	267558082568614.5
1891.5	267383689024243.78
1892.5	267208961436810.8
1893.5	267033899806315.38
1894.5	266858504132757.56
1895.5	266682774416137.5
1896.5	266506710656455.03
1897.5	266208320638448.03
1898.5	265821082249403.3
1899.5	265433288124115.12
1900.5	265044938262583.25
1901.5	264656032664808.0
1902.5	264266571330789.2
1903.5	263876554260526.8
1904.5	263485981454020.94
1905.5	263094852911271.5
1906.5	262703168632278.53
1907.5	262310928617042.03
1908.5	261918132865562.06
1909.5	261524781377838.56
1910.5	261130874153871.47
1911.5	260590394300650.66
1912.5	260000508173346.97
1913.5	259409862606749.0
1914.5	258818457600856.84
1915.5	258226293155670.53
1916.5	257633369271189.97
1917.5	257039685947415.25
1918.5	256445243184346.28
1919.5	255850040981983.1
1920.5	255254079340325.8
1921.5	254657358259374.2
1922.5	254059877739128.5
1923.5	253461637779588.62
1924.5	252867183424546.22
1925.5	252494797221441.6
1926.5	252121887746556.03
1927.5	251748454999889.38
1928.5	251374498981441.8
1929.5	251000019691213.3
1930.5	250625017129203.62
1931.5	250249491295413.1
1932.5	249873442189841.62
1933.5	249496869812489.06
1934.5	249119774163355.6
1935.5	248742155242441.06
1936.5	248364013049745.62
1937.5	247985347585269.16
1938.5	247721678218218.3
1939.5	247654401373537.97
1940.5	247586923376768.62
1941.5	247519244227910.1
1942.5	247451363926962.53
1943.5	247383282473925.94
1944.5	247314999868800.16
1945.5	247246516111585.4
1946.5	247177831202281.44
1947.5	247108945140888.38
1948.5	247039857927406.28
1949.5	246970569561835.2
1950.5	246901080044174.8
1951.5	246831389374425.47
1952.5	246630500385420.6
1953.5	246394436193922.72
1954.5	246158000997123.1
1955.5	245921194795021.6
1956.5	245684017587618.25
1957.5	245446469374913.1
1958.5	245208550156906.06
1959.5	244970259933597.2
1960.5	244731598704986.53
1961.5	244492566471073.97
1962.5	244253163231859.62
1963.5	244013388987343.38
1964.5	243773243737525.3
1965.5	243504308636238.2
1966.5	243171686578251.53
1967.5	242838600232136.97
1968.5	242505049597894.5
1969.5	242171034675524.16
1970.5	241836555465025.97
1971.5	241501611966399.8
1972.5	241166204179645.75
1973.5	240830332104763.88
1974.5	240493995741753.97
1975.5	240157195090616.2
1976.5	239819930151350.53
1977.5	239482200923957.0
1978.5	239144007408435.56
1979.5	238931176971542.66
1980.5	238730460128490.62
1981.5	238529418701106.1
1982.5	238328052689389.28
1983.5	238126362093340.06
1984.5	237924346912958.44
1985.5	237722007148244.44
1986.5	237519342799197.97
1987.5	237316353865819.16
1988.5	237113040348107.94
1989.5	236909402246064.34
1990.5	236705439559688.25
1991.5	236501152288979.94
1992.5	236284934075732.25
1993.5	236059970805767.44
1994.5	235834662865184.28
1995.5	235609010253982.78
1996.5	235383012972162.8
1997.5	235156671019724.44
1998.5	234929984396667.75
1999.5	234702953102992.66
2000.5	234475577138699.12
2001.5	234247856503787.22
2002.5	234019791198256.84
2003.5	233791381222108.12
2004.5	233562626575341.03
2005.5	233290283651984.34
2006.5	232937203334396.3
2007.5	232583655131869.4
2008.5	232229639044403.47
2009.5	231875155071998.62
2010.5	231520203214654.84
2011.5	231164783472372.2
2012.5	230808895845150.56
2013.5	230452540332990.03
2014.5	230095716935890.53
2015.5	229738425653852.16
2016.5	229380666486874.78
2017.5	229022439434958.47
2018.5	228690030484837.94
2019.5	228469296523839.56
2020.5	228248231757217.22
2021.5	228026836184970.88
2022.5	227805109807100.5
2023.5	227583052623606.22
2024.5	227360664634487.84
2025.5	227137945839745.53
2026.5	226914896239379.25
2027.5	226691515833388.9
2028.5	226467804621774.62
2029.5	226243762604536.34
2030.5	226019389781674.03
2031.5	225779619949276.28
2032.5	225428964597147.22
2033.5	225077854834472.44
2034.5	224726290661251.94
2035.5	224374272077485.66
2036.5	224021799083173.62
2037.5	223668871678315.88
2038.5	223315489862912.4
2039.5	222961653636963.16
2040.5	222607363000468.22
2041.5	222252617953427.53
2042.5	221897418495841.03
2043.5	221541764627708.88
2044.5	221187339715147.9
2045.5	220844812761622.66
2046.5	220501845120272.06
2047.5	220158436791096.2
2048.5	219814587774094.97
2049.5	219470298069268.53
2050.5	219125567676616.75
2051.5	218780396596139.66
2052.5	218434784827837.38
2053.5	218088732371709.7
2054.5	217742239227756.75
2055.5	217395305395978.56
2056.5	217047930876375.03
2057.5	216724367657869.56
2058.5	216497442429921.7
2059.5	216270194385297.53
2060.5	216042623523997.28
2061.5	215814729846020.78
2062.5	215586513351368.03
2063.5	215357974040039.12
2064.5	215129111912034.0
2065.5	214899926967352.56
2066.5	214670419205995.03
2067.5	214440588627961.2
2068.5	214210435233251.25
2069.5	213979959021865.06
2070.5	213747297160786.12
2071.5	213511137300890.03
2072.5	213274649761063.72
2073.5	213037834541307.0
2074.5	212800691641619.94
2075.5	212563221062002.62
2076.5	212325422802454.88
2077.5	212087296862976.84
2078.5	211848843243568.5
2079.5	211610061944229.8
2080.5	211370952964960.78
2081.5	211131516305761.44
2082.5	210891751966631.7
2083.5	210547677455694.25
2084.5	210136662931918.56
2085.5	209725157096725.6
2086.5	209313159950115.53
2087.5	208900671492088.2
2088.5	208487691722643.72
2089.5	208074220641782.06
2090.5	207660258249503.16
2091.5	207245804545807.12
2092.5	206830859530693.88
2093.5	206415423204163.34
2094.5	205999495566215.72
2095.5	205583076616850.88
2096.5	205363843006930.84
2097.5	205161504136388.5
2098.5	204958878930269.56
2099.5	204755967388573.84
2100.5	204552769511301.6
2101.5	204349285298452.66
2102.5	204145514750027.03
2103.5	203941457866024.88
2104.5	203737114646445.94
2105.5	203532485091290.4
2106.5	203327569200558.2
2107.5	203122366974249.38
2108.5	202918796998457.38
2109.5	202719214933579.03
2110.5	202519352403636.1
2111.5	202319209408628.66
2112.5	202118785948556.72
2113.5	201918082023420.2
2114.5	201717097633219.25
2115.5	201515832777953.66
2116.5	201314287457623.53
2117.5	201112461672228.88
2118.5	200910355421769.75
2119.5	200707968706246.06
2120.5	200505301525657.8
2121.5	200329895542151.5
2122.5	200162465665950.78
2123.5	199994789044593.53
2124.5	199826865678079.78
2125.5	199658695566409.4
2126.5	199490278709582.53
2127.5	199321615107599.03
2128.5	199152704760459.06
2129.5	198983547668162.56
2130.5	198814143830709.47
2131.5	198644493248099.88
2132.5	198474595920333.72
2133.5	198237890739484.03
2134.5	197845494369959.9
2135.5	197452643268066.0
2136.5	197059337433802.25
2137.5	196665576867168.7
2138.5	196271361568165.3
2139.5	195876691536792.06
2140.5	195481566773049.1
2141.5	195085987276936.28
2142.5	194689953048453.62
2143.5	194293464087601.12
2144.5	193896520394378.84
2145.5	193499121968786.72
2146.5	193160305897015.1
2147.5	192826931653505.38
2148.5	192493163125721.66
2149.5	192159000313664.03
2150.5	191824443217332.34
2151.5	191489491836726.8
2152.5	191154146171847.34
2153.5	190818406222693.88
2154.5	190482271989266.5
2155.5	190145743471565.12
2156.5	189808820669589.78
2157.5	189471503583340.56
2158.5	189258371804526.28
2159.5	189131573539319.56
2160.5	189004576636677.4
2161.5	188877381096599.62
2162.5	188749986919086.3
2163.5	188622394104137.53
2164.5	188494602651753.2
2165.5	188366612561933.28
2166.5	188238423834677.8
2167.5	188110036469986.84
2168.5	187981450467860.34
2169.5	187852665828298.3
2170.5	187750715368353.28
2171.5	187698818113433.34
2172.5	187646793390504.4
2173.5	187594641199566.47
2174.5	187542361540619.56
2175.5	187489954413663.66
2176.5	187437419818698.72
2177.5	187384757755724.78
2178.5	187331968224741.8
2179.5	187279051225749.9
2180.5	187226006758748.97
2181.5	187172834823739.03
2182.5	187094958969730.25
2183.5	186887847640029.7
2184.5	186680468083723.44
2185.5	186472820300811.4
2186.5	186264904291293.62
2187.5	186056720055170.12
2188.5	185848267592440.9
2189.5	185639546903105.94
2190.5	185430557987165.2
2191.5	185221300844618.75
2192.5	185011775475466.62
2193.5	184801981879708.7
2194.5	184592082230078.25
2195.5	184384456365555.62
2196.5	184176564737748.2
2197.5	183968407346655.97
2198.5	183759984192278.9
2199.5	183551295274617.03
2200.5	183342340593670.34
2201.5	183133120149438.88
2202.5	182923633941922.6
2203.5	182713881971121.5
2204.5	182503864237035.6
2205.5	182293580739664.88
2206.5	182082814071037.62
2207.5	181861123623445.22
2208.5	181639157559498.8
2209.5	181416915879198.4
2210.5	181194398582544.03
2211.5	180971605669535.56
2212.5	180748537140173.16
2213.5	180525192994456.75
2214.5	180301573232386.34
2215.5	180077677853961.94
2216.5	179853506859183.53
2217.5	179629060248051.06
2218.5	179405515247038.84
2219.5	179204073076137.12
2220.5	179002376514510.94
2221.5	178800425562160.16
2222.5	178598220219084.88
2223.5	178395760485285.0
2224.5	178193046360760.66
2225.5	177990077845511.75
2226.5	177786854939538.3
2227.5	177583377642840.34
2228.5	177379645955417.8
2229.5	177175659877270.75
2230.5	176961237804529.06
2231.5	176683980033155.34
2232.5	176406402660797.62
2233.5	176128505687455.84
2234.5	175850289113130.0
2235.5	175571752937820.12
2236.5	175292897161526.12
2237.5	175013721784248.16
2238.5	174734226805986.1
2239.5	174454412226739.94
2240.5	174174278046509.78
2241.5	173893824265295.56
2242.5	173619223185116.0
2243.5	173358716469149.9
2244.5	173097908501666.9
2245.5	172836799282666.94
2246.5	172575388812150.2
2247.5	172313677090116.5
2248.5	172051664116565.94
2249.5	171789349891498.5
2250.5	171526734414914.16
2251.5	171263817686812.88
2252.5	171000599707194.75
2253.5	170737080476059.75
2254.5	170480142892669.0
2255.5	170229016574142.78
2256.5	169977600524704.97
2257.5	169725894744355.62
2258.5	169473899233094.78
2259.5	169221613990922.34
2260.5	168969039017838.4
2261.5	168716174313842.94
2262.5	168463019878935.88
2263.5	168209575713117.34
2264.5	167955841816387.25
2265.5	167701818188745.62
2266.5	167573267470818.66
2267.5	167472156610688.53
2268.5	167370891355251.47
2269.5	167269471704507.53
2270.5	167167897658456.62
2271.5	167066169217098.88
2272.5	166964286380434.1
2273.5	166862249148462.5
2274.5	166760057521183.88
2275.5	166657711498598.38
2276.5	166555211080705.97
2277.5	166437391270850.8
2278.5	166245330372721.66
2279.5	166053036742633.28
2280.5	165860510380585.88
2281.5	165667751286579.38
2282.5	165474759460613.75
2283.5	165281534902689.0
2284.5	165088077612805.16
2285.5	164894387590962.12
2286.5	164700464837160.1
2287.5	164506309351398.9
2288.5	164311921133678.56
2289.5	164100421080175.97
2290.5	163876938880003.38
2291.5	163653198956694.03
2292.5	163429201310248.03
2293.5	163204945940665.3
2294.5	162980432847945.88
2295.5	162755662032089.78
2296.5	162530633493096.94
2297.5	162305347230967.47
2298.5	162079803245701.25
2299.5	161854001537298.34
2300.5	161633198334621.44
2301.5	161482005088807.06
2302.5	161330619400432.97
2303.5	161179041269499.25
2304.5	161027270696005.9
2305.5	160875307679952.88
2306.5	160723152221340.22
2307.5	160570804320167.9
2308.5	160418263976435.94
2309.5	160265531190144.34
2310.5	160112605961293.06
2311.5	159959488289882.12
2312.5	159755430948361.6
2313.5	159518678295777.66
2314.5	159281661250643.75
2315.5	159044379812959.9
2316.5	158806833982726.06
2317.5	158569023759942.28
2318.5	158330949144608.53
2319.5	158092610136724.72
2320.5	157854006736291.0
2321.5	157615138943307.3
2322.5	157376006757773.62
2323.5	157133286000257.44
2324.5	156878507189354.6
2325.5	156623450979741.66
2326.5	156368117371418.66
2327.5	156112506364385.6
2328.5	155856617958642.4
2329.5	155600452154189.12
2330.5	155344008951025.78
2331.5	155087288349152.28
2332.5	154830290348568.75
2333.5	154573014949275.16
2334.5	154315462151271.47
2335.5	154147191240332.1
2336.5	153992107776584.2
2337.5	153836835068018.62
2338.5	153681373114635.3
2339.5	153525721916434.25
2340.5	153369881473415.44
2341.5	153213851785578.88
2342.5	153057632852924.56
2343.5	152901224675452.5
2344.5	152744627253162.72
2345.5	152587840586055.2
2346.5	152422657725870.12
2347.5	152251804995287.44
2348.5	152080751361462.06
2349.5	151909496824393.97
2350.5	151738041384083.16
2351.5	151566385040529.6
2352.5	151394527793733.34
2353.5	151222469643694.38
2354.5	151050210590412.7
2355.5	150877750633888.28
2356.5	150705089774121.2
2357.5	150516654500267.28
2358.5	150303636210668.7
2359.5	150090383141196.16
2360.5	149876895291849.66
2361.5	149663172662629.16
2362.5	149449215253534.7
2363.5	149235023064566.34
2364.5	149020596095723.9
2365.5	148805934347007.56
2366.5	148591037818417.25
2367.5	148375906509953.0
2368.5	148157339491662.4
2369.5	147927181447395.94
2370.5	147696776337267.22
2371.5	147466124161276.25
2372.5	147235224919423.1
2373.5	147004078611707.66
2374.5	146772685238130.0
2375.5	146541044798690.12
2376.5	146309157293388.0
2377.5	146077022722223.7
2378.5	145844641085197.12
2379.5	145634143679468.22
2380.5	145571589503675.62
2381.5	145508931351533.12
2382.5	145446169223040.88
2383.5	145383303118198.75
2384.5	145320333037006.8
2385.5	145257258979465.06
2386.5	145194080945573.5
2387.5	145130798935332.06
2388.5	145067412948740.8
2389.5	145003922985799.75
2390.5	143510747922120.1
2391.5	143325128611149.78
2392.5	143139744236934.9
2393.5	142954594562222.38
2394.5	142769679349854.44
2395.5	142584998362770.22
2396.5	142400551364005.38
2397.5	142216338116692.66
2398.5	142032358384062.47
2399.5	141848611929443.2
