# λ (nm)	photon flux (γ/s/cm^2/nm)
0.5	7.733148700321685e6
1.5	3.496146116174448e8
2.5	1.8460973148313734e8
3.5	1.4828086370706835e8
4.5	3.0178356018267006e8
5.5	3.180203673829455e8
6.5	4.3090339810083956e8
7.5	8.983384275983216e8
8.5	8.761237594472295e8
9.5	7.501881676614078e8
10.5	5.745952883040591e8
11.5	4.039688450025556e8
12.5	2.635490905736159e8
13.5	2.8968873678732115e8
14.5	6.421764914967668e8
15.5	7.608641282002454e8
16.5	1.5824242564387658e9
17.5	8.28633361663573e9
18.5	5.450858770697415e9
19.5	5.295173776300763e9
20.5	4.401598800871679e9
21.5	4.0045118882478414e9
22.5	3.7764736568547974e9
23.5	2.24159074608186e9
24.5	3.060461476800291e9
25.5	5.151244736502404e9
26.5	2.2684861932192497e9
27.5	1.7574540309369557e9
28.5	3.767852444472856e9
29.5	1.7442311220657523e9
30.5	2.1275825639714737e10
31.5	2.28327677737553e9
32.5	1.0338236950345012e9
33.5	5.382002239432784e9
34.5	2.964164081250877e9
35.5	3.4695724637205367e9
36.5	5.731919202886265e9
37.5	1.0815876230190988e9
38.5	5.2037609241701293e8
39.5	3.488884434672575e8
40.5	4.298867978282548e8
41.5	7.129240179848098e8
42.5	3.3518119844225854e8
43.5	5.486644398638316e8
44.5	4.72974832449454e8
45.5	4.1265600957881683e8
46.5	9.38141783955616e8
47.5	5.277972001982152e8
48.5	8.704879095806355e8
49.5	1.7173684456187048e9
50.5	1.5790342031687217e9
51.5	6.83330698766674e8
52.5	8.460405331803036e8
53.5	5.00919013788649e8
54.5	3.6200665910812736e8
55.5	1.4639188619041421e9
56.5	4.469121128353303e8
57.5	4.4378998521949244e8
58.5	3.5026416040419693e9
59.5	5.612531630667801e8
60.5	1.6965198472769132e9
61.5	1.3721852823313878e9
62.5	2.737336848012242e9
63.5	2.0503423975158095e9
64.5	3.429899626348462e8
65.5	3.0622031893446386e8
66.5	3.529598866393048e8
67.5	2.9234795939104015e8
68.5	5.344280917997842e8
69.5	4.841164467368984e8
70.5	8.830392670991346e8
71.5	3.853204870854574e8
72.5	4.566804525602486e8
73.5	2.7916982767543054e8
74.5	3.896882737257577e8
75.5	5.1691320232814497e8
76.5	1.2548916603785605e9
77.5	1.2676511671094503e9
78.5	1.7221829540550027e9
79.5	1.266058180460588e9
80.5	1.1150389987601986e9
81.5	1.194766318051656e9
82.5	1.5104796706152363e9
83.5	3.3529422568254385e9
84.5	2.2240350103728805e9
85.5	2.8347819764176774e9
86.5	3.292477431229217e9
87.5	4.1495140186886134e9
88.5	5.078947169122691e9
89.5	6.193716621263007e9
90.5	7.568669825953889e9
91.5	6.511119203619118e9
92.5	1.9574509790718303e9
93.5	2.0779132467280881e9
94.5	1.5306399804453535e9
95.5	1.2459032112075996e9
96.5	9.210410711000863e8
97.5	1.8725326996558216e10
98.5	1.886458409248546e9
99.5	2.9155871277526608e9
100.5	1.6324128031404605e9
101.5	1.7533429105982633e9
102.5	1.719629654718794e10
103.5	1.4400631940046291e10
104.5	2.6146826999885826e9
105.5	2.093269869127638e9
106.5	2.2068960258577423e9
107.5	2.5536163488443875e9
108.5	4.129430113200321e9
109.5	2.977154789520033e9
110.5	3.358011457472756e9
111.5	3.208831756278205e9
112.5	3.3125202396216297e9
113.5	2.3185646477940664e9
114.5	2.684386134031749e9
115.5	3.05624049440918e9
116.5	3.2872892117559943e9
117.5	1.2696423519095547e10
118.5	4.688174769601266e9
119.5	8.578675955965262e9
120.5	2.9516812690347317e10
121.5	1.2415995084826318e12
122.5	1.0605620365525093e10
123.5	6.935426504721396e9
124.5	5.153131703130067e9
125.5	4.548936911988728e9
126.5	6.846479827097642e9
127.5	3.272829677826775e9
128.5	2.571222678436568e9
129.5	3.7800052057005024e9
130.5	2.2061197837221073e10
131.5	3.694193221345114e9
132.5	3.0324740582010493e9
133.5	3.5154888635351875e10
134.5	2.9457276065798106e9
135.5	6.384127240431385e9
136.5	4.2136190935418715e9
137.5	4.537851594027238e9
138.5	4.443518095638395e9
139.5	1.3752599433171926e10
140.5	1.1392310141973736e10
141.5	6.205555418614159e9
142.5	6.6340642802378235e9
143.5	7.585096081168834e9
144.5	7.425965360389182e9
145.5	8.091300491082786e9
146.5	9.739638688961845e9
147.5	1.228615342590036e10
148.5	1.2315631341889534e10
149.5	1.109851423914739e10
150.5	1.271126081363518e10
151.5	1.3728460195835354e10
152.5	1.7844262757483757e10
153.5	2.001184352689009e10
154.5	3.596044889271172e10
155.5	3.1351555424233555e10
156.5	2.915821317566714e10
157.5	2.6830336289387474e10
158.5	2.5733165437424633e10
159.5	2.5271407201927124e10
160.5	2.8897467921304718e10
161.5	3.37972404144735e10
162.5	3.9722526416416855e10
163.5	4.273467962319311e10
164.5	5.2308029368477715e10
165.5	7.929295895788072e10
166.5	5.448883559205157e10
167.5	6.7596694677354515e10
168.5	7.004627602680641e10
169.5	9.346726248333353e10
170.5	1.078084373987779e11
171.5	1.0924596295540985e11
172.5	1.2223506040161606e11
173.5	1.2267284186170671e11
174.5	1.5048577216678195e11
175.5	1.8688686074052786e11
176.5	2.0073381426346472e11
177.5	2.4802223959415182e11
178.5	2.7981458599071436e11
179.5	2.894465105427099e11
180.5	3.730816502604515e11
181.5	4.5234843347471204e11
182.5	4.2891121199933514e11
183.5	4.606086224786594e11
184.5	4.020943000643382e11
185.5	4.592433446550916e11
186.5	5.3545878891643146e11
187.5	5.936164451644299e11
188.5	6.034801606795945e11
189.5	4.8448123854150775e11
190.5	7.18699762819934e11
191.5	7.826017431249635e11
192.5	8.379256122062716e11
193.5	6.48695832374309e11
194.5	1.0781766796642745e12
195.5	1.0535155102815049e12
196.5	1.1945323251859905e12
197.5	1.2283318408637083e12
198.5	1.252293121370659e12
199.5	1.3613959389295364e12
200.5	1.4824245942030596e12
201.5	1.6664923229702458e12
202.5	1.6577008404615776e12
203.5	1.9350860874717966e12
204.5	2.1489894505929722e12
205.5	2.2170759841368765e12
206.5	2.3037289097332617e12
207.5	2.6677874893143516e12
208.5	3.064312557156657e12
209.5	4.4390233477720205e12
210.5	5.795101899869007e12
211.5	7.081353160443456e12
212.5	6.787168320019682e12
213.5	6.146051266426222e12
214.5	8.790824207387927e12
215.5	7.217590771771934e12
216.5	6.986747598256238e12
217.5	6.796302973472987e12
218.5	9.649395699549463e12
219.5	1.0183761120046072e13
220.5	1.0088914968144607e13
221.5	7.21754990784827e12
222.5	1.0626045969040326e13
223.5	1.3584403585843277e13
224.5	1.2495302963071404e13
225.5	1.1085129619541422e13
226.5	7.829091720716456e12
227.5	7.977776024771162e12
228.5	1.144412267754477e13
229.5	9.758438922284574e12
230.5	1.1948490984395818e13
231.5	1.033650099072981e13
232.5	1.1239450776068963e13
233.5	9.43704320642336e12
234.5	7.717775696906282e12
235.5	1.240179861250909e13
236.5	9.604588734009885e12
237.5	1.169121997644463e13
238.5	8.069689243513714e12
239.5	1.002872602694817e13
240.5	9.271136123238014e12
241.5	1.0848058066153674e13
242.5	1.6376714368109537e13
243.5	1.5031035564453477e13
244.5	1.4382214844355361e13
245.5	1.1381294193091018e13
246.5	1.1421482617452105e13
247.5	1.3217011155918066e13
248.5	1.0245081310542254e13
249.5	1.314996583072827e13
250.5	1.3847637338941672e13
251.5	1.0742700635746816e13
252.5	9.51034824177475e12
253.5	1.2207044256525504e13
254.5	1.36321364736687e13
255.5	1.9427617546925344e13
256.5	2.344272145779237e13
257.5	2.926511026190883e13
258.5	3.123283326720907e13
259.5	2.6313400168511027e13
260.5	2.132918699183089e13
261.5	2.083461850642857e13
262.5	2.6531221988360824e13
263.5	3.906038790566049e13
264.5	6.1571254474021805e13
265.5	6.45459539362144e13
266.5	6.312195215249985e13
267.5	6.348624273960241e13
268.5	6.3812237862100234e13
269.5	5.6906169795838945e13
270.5	7.237141847915348e13
271.5	6.0842285419299555e13
272.5	4.795539510929171e13
273.5	5.541472956387972e13
274.5	3.258304217605455e13
275.5	4.675320629755733e13
276.5	6.552364233869352e13
277.5	6.531134839284471e13
278.5	4.3194258682938336e13
279.5	2.0880624893479203e13
280.5	2.401042316170053e13
281.5	5.656327971859901e13
282.5	7.962677203813948e13
283.5	8.916003639253355e13
284.5	6.8958712246925086e13
285.5	3.4856394846807203e13
286.5	9.411778542624022e13
287.5	1.0336282140007875e14
288.5	8.551162528027781e13
289.5	1.2782098338469428e14
290.5	1.712909194957545e14
291.5	1.5993211230564234e14
292.5	1.4068769309597555e14
293.5	1.5918068193205128e14
294.5	1.4427413861377047e14
295.5	1.617507740102826e14
296.5	1.455312441853441e14
297.5	1.555488360857086e14
298.5	1.1565768763927923e14
299.5	1.629765070060312e14
300.5	1.075422863020052e14
301.5	1.4700300414215756e14
302.5	1.439954170059355e14
303.5	1.894042993474545e14
304.5	1.788932572127614e14
305.5	1.888029208786937e14
306.5	1.6906773334592547e14
307.5	1.9597282073657872e14
308.5	1.9830756371616878e14
309.5	1.4987864352369966e14
310.5	1.8170875728662784e14
311.5	2.0804740155180322e14
312.5	1.9333541411771388e14
313.5	2.019590296397734e14
314.5	1.9746639557036006e14
315.5	1.839904734724594e14
316.5	1.9418349465841706e14
317.5	2.1818673627384925e14
318.5	2.017566785069108e14
319.5	2.143286883724941e14
320.5	2.2820023379033184e14
321.5	2.1541547480168928e14
322.5	2.0497458338708088e14
323.5	2.0638433624267278e14
324.5	2.3252086005490616e14
325.5	2.6978004594741328e14
326.5	2.965049058835007e14
327.5	2.93867535227996e14
328.5	2.9467053831123256e14
329.5	3.1883907990042806e14
330.5	3.181996168798282e14
331.5	3.042355419630286e14
332.5	2.9880656088183425e14
333.5	2.9552151129026125e14
334.5	3.028634169688257e14
335.5	2.9535802035114956e14
336.5	2.721456550676552e14
337.5	2.7548794920852847e14
338.5	2.973643246188309e14
339.5	3.1639649477428006e14
340.5	3.216484121615665e14
341.5	3.1706126459692906e14
342.5	3.2237714754891425e14
343.5	3.0712416115644e14
344.5	2.899112040235224e14
345.5	3.0182692972468694e14
346.5	3.1125895141439975e14
347.5	3.085832528446581e14
348.5	3.067467961800265e14
349.5	3.183528841514513e14
350.5	3.3792976975812494e14
351.5	3.3621889224226594e14
352.5	3.317440954326551e14
353.5	3.538531594429144e14
354.5	3.72408671804297e14
355.5	3.5942740784390706e14
356.5	3.2479729333585594e14
357.5	2.8940776088611044e14
358.5	2.897209801675177e14
359.5	3.2303318401117394e14
360.5	3.37043509314679e14
361.5	3.3621999484347294e14
362.5	3.4441734821697725e14
363.5	3.5700030728637975e14
364.5	3.778045821698172e14
365.5	4.056371454381156e14
366.5	4.25160595595932e14
367.5	4.2610437261549194e14
368.5	4.2314118281065544e14
369.5	4.2920264463867594e14
370.5	4.275499159624221e14
371.5	4.1490234166903475e14
372.5	3.843539639352206e14
373.5	3.595987520818865e14
374.5	3.550262349576403e14
375.5	3.7584787950947806e14
376.5	4.1564676890266594e14
377.5	4.477776411330812e14
378.5	4.557987333329272e14
379.5	4.436290224495726e14
380.5	4.2116760292090875e14
381.5	3.8011749940014444e14
382.5	3.369290519700544e14
383.5	3.190529580577779e14
384.5	3.372660661876434e14
385.5	3.622947014688285e14
386.5	3.747748850197205e14
387.5	3.8215590986728625e14
388.5	3.9945534105002906e14
389.5	4.3167822013704175e14
390.5	4.51254241699706e14
391.5	4.321958055843564e14
392.5	3.893119249529333e14
393.5	3.6481666235727156e14
394.5	3.713165656387322e14
395.5	3.9014507577058025e14
396.5	4.1127455567065856e14
397.5	4.5396697987643675e14
398.5	5.252604826323052e14
399.5	5.977567141115406e14
400.5	6.485203300610092e14
401.5	6.699629002766001e14
402.5	6.754086729757938e14
403.5	6.714833990766225e14
404.5	6.62780611838697e14
405.5	6.544859491091261e14
406.5	6.564866983920129e14
407.5	6.607433473946992e14
408.5	6.68404017027037e14
409.5	6.772198094801134e14
410.5	6.83744518492324e14
411.5	6.969816391838371e14
412.5	7.054863473027508e14
413.5	7.1331289654865e14
414.5	7.164122005778536e14
415.5	7.139790756280315e14
416.5	7.122896499695871e14
417.5	7.064638003014492e14
418.5	7.059806475949525e14
419.5	7.06975855334377e14
420.5	7.08068794634757e14
421.5	7.106630265132612e14
422.5	7.071681271301589e14
423.5	7.044532197612371e14
424.5	7.00684351971049e14
425.5	6.952832148078084e14
426.5	6.87107243479401e14
427.5	6.663225097057829e14
428.5	6.455760853963571e14
429.5	6.307363824157168e14
430.5	6.287154315236662e14
431.5	6.454557536030314e14
432.5	6.738306757227508e14
433.5	7.030239352933348e14
434.5	7.276232108120186e14
435.5	7.42366794398453e14
436.5	7.498368150034214e14
437.5	7.514503052134044e14
438.5	7.54713318864008e14
439.5	7.63546965081532e14
440.5	7.773423613634665e14
441.5	7.957662968318432e14
442.5	8.120295108331445e14
443.5	8.230669234963999e14
444.5	8.314702655732899e14
445.5	8.377801791165196e14
446.5	8.468060429199974e14
447.5	8.623568367463728e14
448.5	8.767110000836231e14
449.5	8.875423428059801e14
450.5	8.952694711124825e14
451.5	8.963160446629966e14
452.5	8.933319240150878e14
453.5	8.922657211659351e14
454.5	8.941380544874459e14
455.5	8.970369959785209e14
456.5	9.022141869008781e14
457.5	9.085005347762168e14
458.5	9.134102333555245e14
459.5	9.178459874101166e14
460.5	9.220799852736001e14
461.5	9.251745678788169e14
462.5	9.260677060280114e14
463.5	9.247613276728405e14
464.5	9.216998424117281e14
465.5	9.181825046045319e14
466.5	9.139795612037836e14
467.5	9.125506297100642e14
468.5	9.139042133856071e14
469.5	9.166995883768041e14
470.5	9.210122559669876e14
471.5	9.27291883112888e14
472.5	9.34026455089301e14
473.5	9.404035587183972e14
474.5	9.467600494583659e14
475.5	9.530749540287002e14
476.5	9.58285560601221e14
477.5	9.632730452411656e14
478.5	9.681946773598259e14
479.5	9.705274236264365e14
480.5	9.697574571143974e14
481.5	9.626949096247479e14
482.5	9.513161482656038e14
483.5	9.37737211387909e14
484.5	9.24045727472872e14
485.5	9.124346561976311e14
486.5	9.055648850912478e14
487.5	9.053855810839048e14
488.5	9.105730289835594e14
489.5	9.183457094223049e14
490.5	9.273393263973556e14
491.5	9.357770010306186e14
492.5	9.431028923499025e14
493.5	9.477254126786406e14
494.5	9.50884425740929e14
495.5	9.515417755400109e14
496.5	9.501483133726351e14
497.5	9.479679460734228e14
498.5	9.447923550960774e14
499.5	9.416366953517219e14
500.5	9.396184795560771e14
501.5	9.391978007903036e14
502.5	9.40851080200534e14
503.5	9.441877088060722e14
504.5	9.484820618589215e14
505.5	9.530370507212931e14
506.5	9.568947338075689e14
507.5	9.588705818497652e14
508.5	9.593271930653274e14
509.5	9.585229424299755e14
510.5	9.557565712659626e14
511.5	9.492492295434765e14
512.5	9.402495668387245e14
513.5	9.311636200312031e14
514.5	9.229935478729051e14
515.5	9.159135793832651e14
516.5	9.103029987928475e14
517.5	9.07277277958858e14
518.5	9.107631030519506e14
519.5	9.16987447611935e14
520.5	9.236129595460408e14
521.5	9.301759239941204e14
522.5	9.372174427629021e14
523.5	9.45040502047874e14
524.5	9.520491538265346e14
525.5	9.57136011040198e14
526.5	9.607553071189041e14
527.5	9.644075172930564e14
528.5	9.70190896317537e14
529.5	9.754281777134886e14
530.5	9.797872057180116e14
531.5	9.830879995851804e14
532.5	9.851861615549505e14
533.5	9.868165937404666e14
534.5	9.876639369420621e14
535.5	9.87523365148295e14
536.5	9.86121447346236e14
537.5	9.848711230150029e14
538.5	9.839013871111538e14
539.5	9.833400535962722e14
540.5	9.835799586733368e14
541.5	9.84423871197635e14
542.5	9.858012258669575e14
543.5	9.877075404613228e14
544.5	9.898821106906441e14
545.5	9.919360788029208e14
546.5	9.937012155260571e14
547.5	9.959687007943441e14
548.5	9.979531047996849e14
549.5	9.995843894144712e14
550.5	1.0002278636334176e15
551.5	1.0000452120709694e15
552.5	9.994277315554304e14
553.5	9.989753534380111e14
554.5	9.983353033971579e14
555.5	9.975270267706182e14
556.5	9.963990431249866e14
557.5	9.953209302566272e14
558.5	9.945071785756591e14
559.5	9.946856948502601e14
560.5	9.953802388609799e14
561.5	9.963321440889216e14
562.5	9.973750018451101e14
563.5	9.986037740450404e14
564.5	9.999902777384915e14
565.5	1.0021871731650986e15
566.5	1.0044421224723461e15
567.5	1.00676265692354e15
568.5	1.0088453114297054e15
569.5	1.0107878576221549e15
570.5	1.0124575253177831e15
571.5	1.0145654162553651e15
572.5	1.016855358638025e15
573.5	1.0189273950313658e15
574.5	1.0207901059126524e15
575.5	1.0223849227720671e15
576.5	1.023535686351985e15
577.5	1.0245297139648184e15
578.5	1.025276414903964e15
579.5	1.0254532794752079e15
580.5	1.02495872188493e15
581.5	1.0239397317177082e15
582.5	1.0227586868756139e15
583.5	1.0214925483992795e15
584.5	1.0201289238591179e15
585.5	1.0186060361906738e15
586.5	1.0172350477742135e15
587.5	1.0159453309887788e15
588.5	1.0152213135144061e15
589.5	1.0147001465268349e15
590.5	1.0150462131588479e15
591.5	1.0154880309787336e15
592.5	1.0160828459859232e15
593.5	1.016712302938396e15
594.5	1.017363764756293e15
595.5	1.0181044102365668e15
596.5	1.018863589686255e15
597.5	1.0194385779927352e15
598.5	1.0198952372199715e15
599.5	1.0197875797869622e15
600.5	1.0194886421383794e15
601.5	1.018806331799516e15
602.5	1.0181001242256122e15
603.5	1.0173678959918059e15
604.5	1.0162076396588749e15
605.5	1.0147575029551102e15
606.5	1.012930618201378e15
607.5	1.0109494566657392e15
608.5	1.0089818188677469e15
609.5	1.0070082460841362e15
610.5	1.0053382252601081e15
611.5	1.0036924303976908e15
612.5	1.0020773148246205e15
613.5	1.0004537463660331e15
614.5	9.988642424363446e14
615.5	9.97308945215349e14
616.5	9.968175558149316e14
617.5	9.963663041977538e14
618.5	9.966456983784884e14
619.5	9.96901606665524e14
620.5	9.96852296923255e14
621.5	9.967924136507294e14
622.5	9.966014987832875e14
623.5	9.964064369490858e14
624.5	9.963661861952396e14
625.5	9.963206885672264e14
626.5	9.964627819136914e14
627.5	9.966082917250924e14
628.5	9.9628053082357e14
629.5	9.958886558623089e14
630.5	9.952966802032681e14
631.5	9.946492767133908e14
632.5	9.942054623611772e14
633.5	9.938500487450539e14
634.5	9.934796680473762e14
635.5	9.93096463384146e14
636.5	9.925523267706458e14
637.5	9.917960499764281e14
638.5	9.910175053313692e14
639.5	9.901910216259668e14
640.5	9.893692467915285e14
641.5	9.886630901628546e14
642.5	9.879499161084799e14
643.5	9.860921738701312e14
644.5	9.840830640470015e14
645.5	9.818975278739426e14
646.5	9.796225161565834e14
647.5	9.774276490219325e14
648.5	9.753384513541312e14
649.5	9.732918482950815e14
650.5	9.71463567204365e14
651.5	9.696250576559201e14
652.5	9.680626942442296e14
653.5	9.665193463199692e14
654.5	9.654501127230165e14
655.5	9.646698090617829e14
656.5	9.643369590440475e14
657.5	9.650603417226978e14
658.5	9.657814566490125e14
659.5	9.671829380766656e14
660.5	9.686053663212655e14
661.5	9.69944135944339e14
662.5	9.712290374751794e14
663.5	9.724587063379548e14
664.5	9.735043106396281e14
665.5	9.745486506957188e14
666.5	9.754595990516659e14
667.5	9.763436817862031e14
668.5	9.769542104811221e14
669.5	9.771862607772461e14
670.5	9.774146385949971e14
671.5	9.767232848606021e14
672.5	9.760068073275689e14
673.5	9.752699756176164e14
674.5	9.745132736399192e14
675.5	9.73750437947216e14
676.5	9.729941402875948e14
677.5	9.722313449986928e14
678.5	9.713882897368792e14
679.5	9.704703307496572e14
680.5	9.695454560029819e14
681.5	9.685962479013672e14
682.5	9.676400729248322e14
683.5	9.666790955229759e14
684.5	9.657139163640292e14
685.5	9.647417847243201e14
686.5	9.636188742084225e14
687.5	9.624670695921541e14
688.5	9.613235384291608e14
689.5	9.602151490566411e14
690.5	9.590994945724894e14
691.5	9.579398568818535e14
692.5	9.567530480074725e14
693.5	9.555595693468855e14
694.5	9.544338847387918e14
695.5	9.533009904422765e14
696.5	9.52189146016469e14
697.5	9.511251086014731e14
698.5	9.500541001666861e14
699.5	9.490010383194331e14
700.5	9.479545130507076e14
701.5	9.469011263684251e14
702.5	9.459011200588642e14
703.5	9.448982745366349e14
704.5	9.438664703248048e14
705.5	9.427386784836068e14
706.5	9.416038914341321e14
707.5	9.404752969639602e14
708.5	9.393572507601516e14
709.5	9.382322960456595e14
710.5	9.370983505263856e14
711.5	9.359563678215625e14
712.5	9.348074675883792e14
713.5	9.336175773416842e14
714.5	9.324136855758924e14
715.5	9.312027612118402e14
716.5	9.300599294046439e14
717.5	9.289110345985939e14
718.5	9.277804928620426e14
719.5	9.268119060400309e14
720.5	9.258370374640388e14
721.5	9.248660342184951e14
722.5	9.239209543163386e14
723.5	9.229697098591438e14
724.5	9.220022322360521e14
725.5	9.210071369333879e14
726.5	9.200057902174135e14
727.5	9.190359934183686e14
728.5	9.181218097596051e14
729.5	9.172016481643285e14
730.5	9.163546599661518e14
731.5	9.156159671571525e14
732.5	9.148718249593015e14
733.5	9.140829258486126e14
734.5	9.132341143484114e14
735.5	9.123795982736934e14
736.5	9.115122332377981e14
737.5	9.106284130957965e14
738.5	9.09738839876992e14
739.5	9.089420278293711e14
740.5	9.083229315753642e14
741.5	9.076988434866909e14
742.5	9.071088813766256e14
743.5	9.066147569353929e14
744.5	9.061160169732336e14
745.5	9.056159312156956e14
746.5	9.051272240770269e14
747.5	9.046339530168408e14
748.5	9.041315004084708e14
749.5	9.035135004400612e14
750.5	9.028906280914391e14
751.5	9.022628833626045e14
752.5	9.016495142956105e14
753.5	9.010337061389046e14
754.5	9.00413083082421e14
755.5	8.997002606208274e14
756.5	8.989448918577496e14
757.5	8.981843777249862e14
758.5	8.973633349602671e14
759.5	8.964792809915205e14
760.5	8.955897836252286e14
761.5	8.947061032753421e14
762.5	8.938527139056938e14
763.5	8.929940043647415e14
764.5	8.921299746524855e14
765.5	8.913283179698734e14
766.5	8.905236143151542e14
767.5	8.89713772819125e14
768.5	8.890014074527045e14
769.5	8.883347782706032e14
770.5	8.876634098293142e14
771.5	8.869845700736695e14
772.5	8.862959035830862e14
773.5	8.856024775977429e14
774.5	8.849042921176398e14
775.5	8.84146560842807e14
776.5	8.833833746698015e14
777.5	8.826152862819924e14
778.5	8.818584891021172e14
779.5	8.811076407913969e14
780.5	8.803519596018731e14
781.5	8.795868780334018e14
782.5	8.787974550066191e14
783.5	8.78003137579665e14
784.5	8.772039257525392e14
785.5	8.762623235572936e14
786.5	8.752671059810614e14
787.5	8.742665209165304e14
788.5	8.732433101024372e14
789.5	8.721679676230275e14
790.5	8.710870955259945e14
791.5	8.700006938113375e14
792.5	8.689975717936024e14
793.5	8.680157052134209e14
794.5	8.67028600086334e14
795.5	8.660673002903685e14
796.5	8.652049001476842e14
797.5	8.643376008003521e14
798.5	8.634654022483716e14
799.5	8.624877053735621e14
800.5	8.61455246844864e14
801.5	8.604175135069209e14
802.5	8.59380144519546e14
803.5	8.584024459251521e14
804.5	8.574196481962734e14
805.5	8.564317513329104e14
806.5	8.555119589280132e14
807.5	8.546768309181568e14
808.5	8.538370071827459e14
809.5	8.529924877217801e14
810.5	8.521008379047682e14
811.5	8.511937659033219e14
812.5	8.502818672860358e14
813.5	8.493542987215965e14
814.5	8.483340366293372e14
815.5	8.473087055715411e14
816.5	8.462783055482081e14
817.5	8.453064006639194e14
818.5	8.444250451108631e14
819.5	8.435390093635519e14
820.5	8.426482934219858e14
821.5	8.41833304011116e14
822.5	8.410571787941889e14
823.5	8.402766745458886e14
824.5	8.394917912662156e14
825.5	8.386175291571898e14
826.5	8.377270771588969e14
827.5	8.368320121118371e14
828.5	8.359099813256072e14
829.5	8.346859536282491e14
830.5	8.334565420332438e14
831.5	8.322217465405906e14
832.5	8.309459937664546e14
833.5	8.295519872701016e14
834.5	8.281522407861726e14
835.5	8.267467543146682e14
836.5	8.253876647345844e14
837.5	8.241118395515746e14
838.5	8.228306112859114e14
839.5	8.215439799375945e14
840.5	8.20131706940829e14
841.5	8.185779952610101e14
842.5	8.17018271749613e14
843.5	8.154525364066374e14
844.5	8.13776283459451e14
845.5	8.120046423317966e14
846.5	8.10226531044065e14
847.5	8.084419495962562e14
848.5	8.06872987113971e14
849.5	8.054590906561709e14
850.5	8.040396266011351e14
851.5	8.026145949488638e14
852.5	8.014638538140064e14
853.5	8.00502907439734e14
854.5	7.99537506279458e14
855.5	7.985676503331781e14
856.5	7.978069952841665e14
857.5	7.972037513851681e14
858.5	7.96596927970527e14
859.5	7.959865250402429e14
860.5	7.954010886532801e14
861.5	7.948395975768265e14
862.5	7.94274657078082e14
863.5	7.937062671570465e14
864.5	7.932757517653694e14
865.5	7.93029667001129e14
866.5	7.927808931624351e14
867.5	7.925294302492872e14
868.5	7.923890005249072e14
869.5	7.924880816670664e14
870.5	7.92585292116056e14
871.5	7.926806318718754e14
872.5	7.927528816223558e14
873.5	7.927194931287782e14
874.5	7.926839478228714e14
875.5	7.92646245704635e14
876.5	7.926063867740695e14
877.5	7.923263344896521e14
878.5	7.920435828594778e14
879.5	7.91758131883546e14
880.5	7.914699815618571e14
881.5	7.912029733529204e14
882.5	7.909396646836169e14
883.5	7.906737251406182e14
884.5	7.904051547239246e14
885.5	7.900597842897456e14
886.5	7.896532738956651e14
887.5	7.892438334863885e14
888.5	7.888314630619154e14
889.5	7.883842863522629e14
890.5	7.878559783158874e14
891.5	7.873244931183405e14
892.5	7.867898307596222e14
893.5	7.862519912397331e14
894.5	7.855272331512234e14
895.5	7.847988870767074e14
896.5	7.840669530161851e14
897.5	7.833314309696568e14
898.5	7.825134872062502e14
899.5	7.816529082094305e14
900.5	7.80788479318347e14
901.5	7.79920200532999e14
902.5	7.790864980686524e14
903.5	7.783346549522651e14
904.5	7.775792366353158e14
905.5	7.768202431178048e14
906.5	7.760576743997316e14
907.5	7.753323612634766e14
908.5	7.746066395830898e14
909.5	7.738774394604156e14
910.5	7.73144760895454e14
911.5	7.723911253457804e14
912.5	7.716171614696702e14
913.5	7.708396439529148e14
914.5	7.700585727955134e14
915.5	7.692685019504465e14
916.5	7.684024319097154e14
917.5	7.675326382651012e14
918.5	7.666591210166046e14
919.5	7.657818801642254e14
920.5	7.649707800338884e14
921.5	7.64204710624794e14
922.5	7.634351748939718e14
923.5	7.626621728414215e14
924.5	7.618932119691402e14
925.5	7.611967923115702e14
926.5	7.604970867902251e14
927.5	7.597940954051056e14
928.5	7.590878181562114e14
929.5	7.582939026370761e14
930.5	7.574301715589562e14
931.5	7.565628305088372e14
932.5	7.55691879486719e14
933.5	7.54817318492602e14
934.5	7.539661188056678e14
935.5	7.531113668701784e14
936.5	7.522530626861339e14
937.5	7.513912062535345e14
938.5	7.505756731865388e14
939.5	7.498285428596432e14
940.5	7.490781195230621e14
941.5	7.483244031767949e14
942.5	7.475673938208424e14
943.5	7.469988829308138e14
944.5	7.464754842723604e14
945.5	7.459493007957304e14
946.5	7.454203325009239e14
947.5	7.448373099433816e14
948.5	7.439605608700509e14
949.5	7.430803055087869e14
950.5	7.421965438595902e14
951.5	7.413092759224608e14
952.5	7.404185016973984e14
953.5	7.397274672647346e14
954.5	7.390976031457505e14
955.5	7.384647936807379e14
956.5	7.378290388696972e14
957.5	7.372075961908326e14
958.5	7.367579187298794e14
959.5	7.36305696444585e14
960.5	7.358509293349499e14
961.5	7.353936174009738e14
962.5	7.349817196017306e14
963.5	7.346424672992896e14
964.5	7.343009256980975e14
965.5	7.339570947981539e14
966.5	7.33610974599459e14
967.5	7.332185148182742e14
968.5	7.328019558446838e14
969.5	7.323829716618666e14
970.5	7.319615622698239e14
971.5	7.315377276685548e14
972.5	7.309841005354002e14
973.5	7.304166994471132e14
974.5	7.298465884344494e14
975.5	7.29273767497409e14
976.5	7.286787721309491e14
977.5	7.279706151590832e14
978.5	7.272594824904561e14
979.5	7.265453741250671e14
980.5	7.258282900629162e14
981.5	7.251024233262109e14
982.5	7.243627736848909e14
983.5	7.236201145386275e14
984.5	7.22874445887421e14
985.5	7.221257677312711e14
986.5	7.213491506866926e14
987.5	7.205464385308489e14
988.5	7.197406196756942e14
989.5	7.189316941212279e14
990.5	7.181196618674498e14
991.5	7.172868304185535e14
992.5	7.164425223043662e14
993.5	7.155950550080108e14
994.5	7.14744428529487e14
995.5	7.138906428687955e14
996.5	7.131044433407985e14
997.5	7.123329306953834e14
998.5	7.115584363522832e14
999.5	7.107809603114978e14
1000.5	7.100005025730269e14
1001.5	7.093483790490856e14
1002.5	7.087065363217835e14
1003.5	7.080620000709351e14
1004.5	7.074147702965409e14
1005.5	7.067648469986008e14
1006.5	7.062128054591992e14
1007.5	7.056592871690724e14
1008.5	7.051032772256314e14
1009.5	7.045447756288758e14
1010.5	7.039801712658522e14
1011.5	7.033443890580042e14
1012.5	7.027059722532321e14
1013.5	7.02064920851535e14
1014.5	7.01421234852913e14
1015.5	7.00778935612435e14
1016.5	7.001803008179851e14
1017.5	6.995791304259965e14
1018.5	6.989754244364699e14
1019.5	6.983691828494045e14
1020.5	6.977646388436796e14
1021.5	6.972004116210216e14
1022.5	6.966337409817579e14
1023.5	6.96064626925888e14
1024.5	6.954930694534125e14
1025.5	6.949155899721875e14
1026.5	6.943004535606542e14
1027.5	6.936827983526539e14
1028.5	6.930626243481868e14
1029.5	6.924399315472529e14
1030.5	6.91809162640424e14
1031.5	6.910887151494639e14
1032.5	6.903655691010976e14
1033.5	6.896397244953256e14
1034.5	6.889111813321474e14
1035.5	6.881797002592976e14
1036.5	6.874218014089052e14
1037.5	6.866611577717944e14
1038.5	6.85897769347965e14
1039.5	6.851316361374171e14
1040.5	6.843627581401505e14
1041.5	6.835894492046139e14
1042.5	6.828132652079389e14
1043.5	6.820343329429012e14
1044.5	6.812526524095011e14
1045.5	6.804682236077381e14
1046.5	6.796112778558432e14
1047.5	6.787381485269036e14
1048.5	6.778621121948576e14
1049.5	6.769831688597058e14
1050.5	6.761013185214478e14
1051.5	6.751306326896336e14
1052.5	6.741250644192694e14
1053.5	6.731163652556212e14
1054.5	6.721045351986894e14
1055.5	6.71089574248474e14
1056.5	6.700665149536998e14
1057.5	6.690370005933266e14
1058.5	6.680043396670045e14
1059.5	6.669685321747334e14
1060.5	6.65929578116513e14
1061.5	6.648654036714092e14
1062.5	6.637721039127346e14
1063.5	6.626755671753604e14
1064.5	6.615757934592869e14
1065.5	6.604727827645142e14
1066.5	6.59379982042512e14
1067.5	6.583169222745426e14
1068.5	6.57250712482957e14
1069.5	6.561813526677554e14
1070.5	6.551088428289376e14
1071.5	6.540499361773819e14
1072.5	6.531235859826756e14
1073.5	6.521943700423129e14
1074.5	6.512622883562942e14
1075.5	6.503273409246195e14
1076.5	6.493895277472888e14
1077.5	6.48578703148256e14
1078.5	6.477781084868228e14
1079.5	6.469749129466649e14
1080.5	6.461691165277821e14
1081.5	6.453607192301751e14
1082.5	6.446738158803259e14
1083.5	6.440403451780815e14
1084.5	6.434046058790056e14
1085.5	6.427665979830979e14
1086.5	6.421263214903586e14
1087.5	6.415453424339612e14
1088.5	6.410345476330859e14
1089.5	6.405217303764409e14
1090.5	6.400068906640262e14
1091.5	6.394900284958425e14
1092.5	6.389842442108234e14
1093.5	6.385257887893589e14
1094.5	6.380654251136194e14
1095.5	6.376031531836051e14
1096.5	6.371389729993154e14
1097.5	6.366728845607511e14
1098.5	6.362684933427992e14
1099.5	6.35865660378858e14
1100.5	6.354610410598342e14
1101.5	6.350546353857281e14
1102.5	6.346464433565392e14
1103.5	6.34199313656851e14
1104.5	6.337320152772358e14
1105.5	6.332628300446228e14
1106.5	6.327917579590128e14
1107.5	6.323187990204051e14
1108.5	6.318201988721808e14
1109.5	6.312791859174898e14
1110.5	6.307361702758568e14
1111.5	6.301911519472818e14
1112.5	6.296441309317645e14
1113.5	6.290947078801428e14
1114.5	6.285379710205844e14
1115.5	6.279792212271362e14
1116.5	6.274184584997985e14
1117.5	6.268556828385714e14
1118.5	6.262908942434548e14
1119.5	6.257014482619922e14
1120.5	6.251023939988091e14
1121.5	6.245012728622932e14
1122.5	6.238980848524445e14
1123.5	6.232928299692634e14
1124.5	6.226676270340918e14
1125.5	6.220145710879042e14
1126.5	6.213593707003434e14
1127.5	6.207020258714091e14
1128.5	6.200425366011016e14
1129.5	6.19382324974581e14
1130.5	6.187388815691365e14
1131.5	6.18093329694877e14
1132.5	6.174456693518024e14
1133.5	6.167959005399124e14
1134.5	6.161440232592076e14
1135.5	6.154956890526152e14
1136.5	6.14847566741094e14
1137.5	6.141973499808715e14
1138.5	6.135450387719476e14
1139.5	6.128906331143229e14
1140.5	6.122461527353641e14
1141.5	6.116229518557048e14
1142.5	6.109977185214506e14
1143.5	6.103704527326021e14
1144.5	6.097411544891588e14
1145.5	6.09109823791121e14
1146.5	6.084134135432261e14
1147.5	6.077129092479741e14
1148.5	6.070102591147774e14
1149.5	6.063054631436361e14
1150.5	6.0559852133455e14
1151.5	6.048755938103974e14
1152.5	6.041404657269046e14
1153.5	6.034031503606436e14
1154.5	6.026636477116148e14
1155.5	6.019219577798175e14
1156.5	6.011871547202265e14
1157.5	6.00491553631313e14
1158.5	5.99793852439868e14
1159.5	5.990940511458921e14
1160.5	5.983921497493851e14
1161.5	5.976881482503471e14
1162.5	5.969707340610949e14
1163.5	5.96247818315423e14
1164.5	5.955227771912248e14
1165.5	5.947956106884999e14
1166.5	5.940663188072486e14
1167.5	5.933299600698811e14
1168.5	5.925822825987079e14
1169.5	5.918324555631281e14
1170.5	5.91080478963142e14
1171.5	5.903263527987499e14
1172.5	5.89570077069951e14
1173.5	5.888404501527708e14
1174.5	5.881108922191952e14
1175.5	5.873792374966639e14
1176.5	5.866454859851769e14
1177.5	5.859096376847345e14
1178.5	5.852203956263618e14
1179.5	5.845798733545292e14
1180.5	5.839374229724699e14
1181.5	5.832930444801834e14
1182.5	5.826467378776701e14
1183.5	5.820032409386889e14
1184.5	5.81447917657868e14
1185.5	5.808908263943659e14
1186.5	5.803319671481824e14
1187.5	5.797713399193179e14
1188.5	5.79208944707772e14
1189.5	5.786630177153019e14
1190.5	5.781275210906044e14
1191.5	5.775903075864954e14
1192.5	5.770513772029745e14
1193.5	5.765107299400421e14
1194.5	5.759797636478935e14
1195.5	5.755117414489976e14
1196.5	5.750421295965889e14
1197.5	5.745709280906671e14
1198.5	5.740981369312322e14
1199.5	5.736237561182845e14
1200.5	5.732242327581834e14
1201.5	5.728592521789938e14
1202.5	5.724928692386111e14
1203.5	5.721250839370359e14
1204.5	5.717558962742679e14
1205.5	5.713877709611516e14
1206.5	5.710269931450952e14
1207.5	5.706648315547084e14
1208.5	5.703012861899908e14
1209.5	5.699363570509425e14
1210.5	5.695700441375638e14
1211.5	5.691909121679714e14
1212.5	5.688063564280292e14
1213.5	5.684203914030946e14
1214.5	5.680330170931669e14
1215.5	5.676442334982466e14
1216.5	5.672490822473325e14
1217.5	5.668390965734109e14
1218.5	5.66427671422409e14
1219.5	5.660148067943274e14
1220.5	5.656005026891655e14
1221.5	5.651847591069236e14
1222.5	5.647424100192366e14
1223.5	5.64291476366263e14
1224.5	5.63839050452342e14
1225.5	5.633851322774736e14
1226.5	5.629297218416576e14
1227.5	5.624617741215339e14
1228.5	5.6196652342803075e14
1229.5	5.61469720487031e14
1230.5	5.6097136529853494e14
1231.5	5.604714578625422e14
1232.5	5.5996999817905275e14
1233.5	5.594356264540722e14
1234.5	5.588922896701666e14
1235.5	5.58347337864877e14
1236.5	5.578007710382035e14
1237.5	5.572525891901459e14
1238.5	5.567031282105089e14
1239.5	5.561528009812502e14
1240.5	5.556008604803297e14
1241.5	5.5504730670774756e14
1242.5	5.544921396635037e14
1243.5	5.5393535934759794e14
1244.5	5.533233446211348e14
1245.5	5.5269785049811206e14
1246.5	5.520706380144236e14
1247.5	5.514417071700694e14
1248.5	5.508110579650491e14
1249.5	5.501552431279899e14
1250.5	5.4944780707163844e14
1251.5	5.487385353713506e14
1252.5	5.480274280271269e14
1253.5	5.4731448503896725e14
1254.5	5.465997064068717e14
1255.5	5.4593722254240894e14
1256.5	5.4528488101291244e14
1257.5	5.446308089971016e14
1258.5	5.4397500649497656e14
1259.5	5.433174735065371e14
1260.5	5.4267364775672944e14
1261.5	5.42062504663121e14
1262.5	5.414497100980536e14
1263.5	5.408352640615279e14
1264.5	5.402191665535434e14
1265.5	5.396014175741001e14
1266.5	5.3899665224193906e14
1267.5	5.38393694189094e14
1268.5	5.377891131970409e14
1269.5	5.371829092657799e14
1270.5	5.365750823953112e14
1271.5	5.359918777569014e14
1272.5	5.354683783570498e14
1273.5	5.3494339362539006e14
1274.5	5.344169235619217e14
1275.5	5.338889681666449e14
1276.5	5.333595274395596e14
1277.5	5.32904472401016e14
1278.5	5.3246703341377125e14
1279.5	5.3202825757029606e14
1280.5	5.315881448705907e14
1281.5	5.311466953146548e14
1282.5	5.3073274406122844e14
1283.5	5.303881523877468e14
1284.5	5.300423789170319e14
1285.5	5.296954236490835e14
1286.5	5.293472865839018e14
1287.5	5.289979677214867e14
1288.5	5.2863297026321244e14
1289.5	5.282626764919115e14
1290.5	5.278911720748876e14
1291.5	5.27518457012141e14
1292.5	5.271445313036718e14
1293.5	5.267721870281522e14
1294.5	5.264058216054182e14
1295.5	5.260382609551441e14
1296.5	5.256695050773298e14
1297.5	5.252995539719753e14
1298.5	5.249284076390806e14
1299.5	5.245529769536258e14
1300.5	5.241754228505851e14
1301.5	5.2379666734555144e14
1302.5	5.2341671043852475e14
1303.5	5.230355521295052e14
1304.5	5.2264597089711844e14
1305.5	5.2223460787430444e14
1306.5	5.218220008660064e14
1307.5	5.2140814987222406e14
1308.5	5.209930548929574e14
1309.5	5.2057671592820656e14
1310.5	5.201583324204021e14
1311.5	5.197384507047917e14
1312.5	5.1931732339611944e14
1313.5	5.188949504943852e14
1314.5	5.184713319995892e14
1315.5	5.1804906172106594e14
1316.5	5.17632937785196e14
1317.5	5.1721558342340944e14
1318.5	5.1679699863570625e14
1319.5	5.163771834220863e14
1320.5	5.159561377825498e14
1321.5	5.155360905042696e14
1322.5	5.151155205333156e14
1323.5	5.1469372457475706e14
1324.5	5.14270702628594e14
1325.5	5.1384645469482625e14
1326.5	5.134213966015329e14
1327.5	5.1299629755048244e14
1328.5	5.1256997492319375e14
1329.5	5.1214242871966675e14
1330.5	5.117136589399018e14
1331.5	5.1128366558389844e14
1332.5	5.108576844175312e14
1333.5	5.104321421740612e14
1334.5	5.100053866945641e14
1335.5	5.0957741797903994e14
1336.5	5.091482360274886e14
1337.5	5.0870651240211775e14
1338.5	5.0823290696179094e14
1339.5	5.0775802554573306e14
1340.5	5.072818681539442e14
1341.5	5.068044347864242e14
1342.5	5.0632572544317325e14
1343.5	5.058501795019657e14
1344.5	5.0537461725788794e14
1345.5	5.048977875107401e14
1346.5	5.044196902605223e14
1347.5	5.039403255072341e14
1348.5	5.034523552787613e14
1349.5	5.0294512796156006e14
1350.5	5.024365956131432e14
1351.5	5.0192675823351056e14
1352.5	5.014156158226623e14
1353.5	5.009031683805985e14
1354.5	5.004286677857981e14
1355.5	4.999621341457876e14
1356.5	4.9949436702732544e14
1357.5	4.990253664304111e14
1358.5	4.9855513235504475e14
1359.5	4.980806839276082e14
1360.5	4.975989411080363e14
1361.5	4.971159515213762e14
1362.5	4.966317151676281e14
1363.5	4.961462320467924e14
1364.5	4.9565950215886825e14
1365.5	4.952184787348919e14
1366.5	4.947839264614375e14
1367.5	4.94348207386886e14
1368.5	4.939113215112374e14
1369.5	4.9347326883449144e14
1370.5	4.9304008651757606e14
1371.5	4.9261560350162706e14
1372.5	4.921899768692079e14
1373.5	4.9176320662031856e14
1374.5	4.913352927549589e14
1375.5	4.90906235273129e14
1376.5	4.904564408975798e14
1377.5	4.90003769436315e14
1378.5	4.895499234148233e14
1379.5	4.890949028331049e14
1380.5	4.8863870769115975e14
1381.5	4.8818605835133644e14
1382.5	4.8773778659096594e14
1383.5	4.872883551261882e14
1384.5	4.86837763957003e14
1385.5	4.8638601308341044e14
1386.5	4.8593310250541056e14
1387.5	4.8547028925166694e14
1388.5	4.850063036910349e14
1389.5	4.845411458235142e14
1390.5	4.84074815649105e14
1391.5	4.8360731316780725e14
1392.5	4.831065359885333e14
1393.5	4.825782559399143e14
1394.5	4.820487197524732e14
1395.5	4.8151792742620956e14
1396.5	4.8098587896112394e14
1397.5	4.804527265579158e14
1398.5	4.799196890201837e14
1399.5	4.79385397521815e14
1400.5	4.788498520628094e14
1401.5	4.7831305264316675e14
1402.5	4.777749992628873e14
1403.5	4.772212583824275e14
1404.5	4.766588022158453e14
1405.5	4.760950609251075e14
1406.5	4.755300345102142e14
1407.5	4.7496372297116494e14
1408.5	4.744078800726942e14
1409.5	4.738924707648274e14
1410.5	4.733758521953587e14
1411.5	4.7285802436428775e14
1412.5	4.723389872716147e14
1413.5	4.718187409173396e14
1414.5	4.713060845420233e14
1415.5	4.707945720388355e14
1416.5	4.702818660227614e14
1417.5	4.697679664938008e14
1418.5	4.692528734519539e14
1419.5	4.6874158792110294e14
1420.5	4.682376371791953e14
1421.5	4.6773251196812194e14
1422.5	4.672262122878828e14
1423.5	4.667187381384781e14
1424.5	4.662100895199077e14
1425.5	4.65742098963822e14
1426.5	4.6527519588701344e14
1427.5	4.648071801218091e14
1428.5	4.643380516682093e14
1429.5	4.6386781052621375e14
1430.5	4.634179048608877e14
1431.5	4.629851999254633e14
1432.5	4.6255143783302956e14
1433.5	4.621166185835868e14
1434.5	4.6168074217713475e14
1435.5	4.612504255355869e14
1436.5	4.608597360774814e14
1437.5	4.6046805531221394e14
1438.5	4.600753832397848e14
1439.5	4.5968171986019394e14
1440.5	4.5928706517344106e14
1441.5	4.589228288592525e14
1442.5	4.5856868830627794e14
1443.5	4.5821361533689875e14
1444.5	4.578576099511146e14
1445.5	4.5750067214892594e14
1446.5	4.571369795008113e14
1447.5	4.567615258271834e14
1448.5	4.563851167360959e14
1449.5	4.560077522275488e14
1450.5	4.5562943230154206e14
1451.5	4.552501569580758e14
1452.5	4.548481799512391e14
1453.5	4.5444431086635094e14
1454.5	4.5403945517317425e14
1455.5	4.5363361287170894e14
1456.5	4.532267839619554e14
1457.5	4.528060410082851e14
1458.5	4.523753040713021e14
1459.5	4.5194355045960475e14
1460.5	4.515107801731929e14
1461.5	4.5107699321206675e14
1462.5	4.5064180366554675e14
1463.5	4.502042277522578e14
1464.5	4.4976563276543106e14
1465.5	4.493260187050669e14
1466.5	4.4888538557116506e14
1467.5	4.484437333637259e14
1468.5	4.479004997836022e14
1469.5	4.473397284160518e14
1470.5	4.4677777872006956e14
1471.5	4.462146506956558e14
1472.5	4.456503443428103e14
1473.5	4.451070744447294e14
1474.5	4.44584886230018e14
1475.5	4.440615799916819e14
1476.5	4.43537155729721e14
1477.5	4.4301161344413494e14
1478.5	4.424900833303586e14
1479.5	4.419943938755099e14
1480.5	4.4149762977034875e14
1481.5	4.409997910148757e14
1482.5	4.4050087760909044e14
1483.5	4.4000088955299306e14
1484.5	4.39553230603137e14
1485.5	4.391162996240576e14
1486.5	4.3867838173671075e14
1487.5	4.38239476941096e14
1488.5	4.377995852372134e14
1489.5	4.3739467006024325e14
1490.5	4.370262727249017e14
1491.5	4.3665698703082675e14
1492.5	4.362868129780183e14
1493.5	4.3591575056647656e14
1494.5	4.355554070330451e14
1495.5	4.3525089922055144e14
1496.5	4.3494559442150744e14
1497.5	4.3463949263591294e14
1498.5	4.34332593863768e14
1499.5	4.340248981050727e14
1500.5	4.3383428711240694e14
1501.5	4.336638527825267e14
1502.5	4.334928063170321e14
1503.5	4.333211477159232e14
1504.5	4.331488769792001e14
1505.5	4.329936212724847e14
1506.5	4.3285220865329044e14
1507.5	4.327102264748911e14
1508.5	4.325676747372866e14
1509.5	4.3242455344047706e14
1510.5	4.32265737841721e14
1511.5	4.320609283901839e14
1512.5	4.318554692748791e14
1513.5	4.3164936049580644e14
1514.5	4.31442602052966e14
1515.5	4.3123519394635775e14
1516.5	4.3100983775636444e14
1517.5	4.3078308784622606e14
1518.5	4.30555664508143e14
1519.5	4.3032756774211525e14
1520.5	4.30098797548143e14
1521.5	4.2983242931988556e14
1522.5	4.295479514207405e14
1523.5	4.292627287155482e14
1524.5	4.289767612043084e14
1525.5	4.286900488870212e14
1526.5	4.2834715664750594e14
1527.5	4.27923622228907e14
1528.5	4.2749916585706056e14
1529.5	4.270737875319666e14
1530.5	4.266474872536253e14
1531.5	4.2621099851706156e14
1532.5	4.2571661574174456e14
1533.5	4.2522122457593394e14
1534.5	4.247248250196297e14
1535.5	4.242274170728318e14
1536.5	4.2372900073554025e14
1537.5	4.2315786035030394e14
1538.5	4.2257674878794094e14
1539.5	4.2199452401636494e14
1540.5	4.2141118603557625e14
1541.5	4.208267348455746e14
1542.5	4.201473868832855e14
1543.5	4.194140166582799e14
1544.5	4.1867934322494644e14
1545.5	4.1794336658328556e14
1546.5	4.172060867332969e14
1547.5	4.164782648906419e14
1548.5	4.1576464940621975e14
1549.5	4.1504976463510806e14
1550.5	4.143336105773066e14
1551.5	4.1361618723281575e14
1552.5	4.1287995531002575e14
1553.5	4.120624788221497e14
1554.5	4.1124360752035856e14
1555.5	4.1042334140465206e14
1556.5	4.096016804750303e14
1557.5	4.0877862473149325e14
1558.5	4.0800091056048594e14
1559.5	4.072238101506143e14
1560.5	4.0644537740194575e14
1561.5	4.0566561231448006e14
1562.5	4.048845148882174e14
1563.5	4.041576674031852e14
1564.5	4.034480979558154e14
1565.5	4.0273729096940144e14
1566.5	4.0202524644394306e14
1567.5	4.013119643794403e14
1568.5	4.006797551146389e14
1569.5	4.001138010234254e14
1570.5	3.995468002190029e14
1571.5	3.989787527013715e14
1572.5	3.984096584705312e14
1573.5	3.978879304667414e14
1574.5	3.9745133943254094e14
1575.5	3.970138726166721e14
1576.5	3.96575530019135e14
1577.5	3.961363116399296e14
1578.5	3.9570753845680344e14
1579.5	3.9532950985142525e14
1580.5	3.9495068515309675e14
1581.5	3.945710643618183e14
1582.5	3.9419064747758956e14
1583.5	3.938098045111232e14
1584.5	3.934648201125366e14
1585.5	3.931190863542759e14
1586.5	3.9277260323634106e14
1587.5	3.924253707587318e14
1588.5	3.9207738892144856e14
1589.5	3.918276934793996e14
1590.5	3.9159486118328175e14
1591.5	3.913614261303872e14
1592.5	3.911273883207161e14
1593.5	3.908927477542683e14
1594.5	3.906440282628202e14
1595.5	3.9038890998847375e14
1596.5	3.90133164809757e14
1597.5	3.898767927266703e14
1598.5	3.896197937392135e14
1599.5	3.8932327905613544e14
1600.5	3.8899425084803956e14
1601.5	3.8871285313064944e14
1602.5	3.8853359946086644e14
1603.5	3.883538191493924e14
1604.5	3.8817351219622725e14
1605.5	3.8799267860137125e14
1606.5	3.8781131836482425e14
1607.5	3.876294314865863e14
1608.5	3.8744701796665744e14
1609.5	3.8726407780503756e14
1610.5	3.8708061100172675e14
1611.5	3.8689661755672506e14
1612.5	3.867120974700323e14
1613.5	3.865270507416487e14
1614.5	3.8634147737157406e14
1615.5	3.8615537735980844e14
1616.5	3.859687507063519e14
1617.5	3.856096685039707e14
1618.5	3.8515307727379925e14
1619.5	3.84695627236351e14
1620.5	3.842373183916259e14
1621.5	3.83778150739624e14
1622.5	3.833181242803454e14
1623.5	3.8285723901378994e14
1624.5	3.823954949399576e14
1625.5	3.8193289205884856e14
1626.5	3.814694303704627e14
1627.5	3.810051098748e14
1628.5	3.805399305718606e14
1629.5	3.800738924616442e14
1630.5	3.796069955441511e14
1631.5	3.7913923981938125e14
1632.5	3.7867604629468956e14
1633.5	3.7827438037646075e14
1634.5	3.778719386679132e14
1635.5	3.774687211690466e14
1636.5	3.770647278798613e14
1637.5	3.766599588003571e14
1638.5	3.762544139305342e14
1639.5	3.758480932703923e14
1640.5	3.754409968199316e14
1641.5	3.7503312457915206e14
1642.5	3.746244765480538e14
1643.5	3.7421505272663656e14
1644.5	3.7380485311490056e14
1645.5	3.7339387771284575e14
1646.5	3.7298212652047194e14
1647.5	3.7256959953777944e14
1648.5	3.7214404050546494e14
1649.5	3.7170916858513994e14
1650.5	3.712734956718017e14
1651.5	3.7083702176545025e14
1652.5	3.7039974686608544e14
1653.5	3.6996167097370756e14
1654.5	3.695227940883164e14
1655.5	3.6908311620991206e14
1656.5	3.686426373384944e14
1657.5	3.682013574740635e14
1658.5	3.677592766166195e14
1659.5	3.673163947661622e14
1660.5	3.6687271192269156e14
1661.5	3.664282280862078e14
1662.5	3.6598294325671094e14
1663.5	3.65546284302494e14
1664.5	3.651490480758666e14
1665.5	3.647510705076794e14
1666.5	3.64352351597932e14
1667.5	3.6395289134662475e14
1668.5	3.635526897537577e14
1669.5	3.6315174681933056e14
1670.5	3.6275006254334356e14
1671.5	3.623476369257966e14
1672.5	3.619444699666897e14
1673.5	3.615405616660229e14
1674.5	3.611359120237961e14
1675.5	3.607305210400095e14
1676.5	3.6032438871466294e14
1677.5	3.599175150477563e14
1678.5	3.595099000392899e14
1679.5	3.5905593412490844e14
1680.5	3.585955320620967e14
1681.5	3.581343276315846e14
1682.5	3.5767232083337194e14
1683.5	3.572095116674589e14
1684.5	3.5674590013384525e14
1685.5	3.5628148623253125e14
1686.5	3.558162699635167e14
1687.5	3.553502513268017e14
1688.5	3.5488343032238625e14
1689.5	3.544158069502703e14
1690.5	3.539473812104539e14
1691.5	3.534781531029369e14
1692.5	3.530081226277195e14
1693.5	3.525372897848016e14
1694.5	3.520129719218643e14
1695.5	3.514629830433093e14
1696.5	3.509121003547536e14
1697.5	3.5036032385619744e14
1698.5	3.498076535476409e14
1699.5	3.4925408942908375e14
1700.5	3.48699631500526e14
1701.5	3.481442797619679e14
1702.5	3.4758803421340906e14
1703.5	3.4703089485484994e14
1704.5	3.4647286168629025e14
1705.5	3.4591393470773e14
1706.5	3.4535411391916925e14
1707.5	3.4479339932060806e14
1708.5	3.4423179091204625e14
1709.5	3.4368297081599575e14
1710.5	3.431436005560902e14
1711.5	3.4260336456892606e14
1712.5	3.420622628545035e14
1713.5	3.415202954128223e14
1714.5	3.4097746224388256e14
1715.5	3.404337633476843e14
1716.5	3.398891987242277e14
1717.5	3.393437683735124e14
1718.5	3.387974722955385e14
1719.5	3.382503104903061e14
1720.5	3.377022829578153e14
1721.5	3.371533896980659e14
1722.5	3.366036307110578e14
1723.5	3.360530059967913e14
1724.5	3.355217242941543e14
1725.5	3.350061443121521e14
1726.5	3.3448974121601006e14
1727.5	3.339725150057283e14
1728.5	3.334544656813067e14
1729.5	3.329355932427453e14
1730.5	3.32415897690044e14
1731.5	3.31895379023203e14
1732.5	3.3137403724222206e14
1733.5	3.308518723471014e14
1734.5	3.303288843378408e14
1735.5	3.2980507321444056e14
1736.5	3.2928043897690044e14
1737.5	3.2875498162522044e14
1738.5	3.282287011594006e14
1739.5	3.2784049532343894e14
1740.5	3.2752980096800056e14
1741.5	3.2721853302728125e14
1742.5	3.269066915012808e14
1743.5	3.2659427638999956e14
1744.5	3.262812876934374e14
1745.5	3.259677254115942e14
1746.5	3.2565358954447006e14
1747.5	3.2533888009206494e14
1748.5	3.25023597054379e14
1749.5	3.247077404314119e14
1750.5	3.24391310223164e14
1751.5	3.240743064296351e14
1752.5	3.237567290508253e14
1753.5	3.234385780867344e14
1754.5	3.2298725315843275e14
1755.5	3.225040819696453e14
1756.5	3.2202015058495094e14
1757.5	3.2153545900434975e14
1758.5	3.2105000722784194e14
1759.5	3.2056379525542725e14
1760.5	3.2007682308710575e14
1761.5	3.195890907228775e14
1762.5	3.1910059816274244e14
1763.5	3.186113454067005e14
1764.5	3.181213324547519e14
1765.5	3.176305593068964e14
1766.5	3.171390259631342e14
1767.5	3.166467324234651e14
1768.5	3.161509664337848e14
1769.5	3.1561838257221006e14
1770.5	3.150849946962527e14
1771.5	3.1455080280591294e14
1772.5	3.140158069011905e14
1773.5	3.134800069820854e14
1774.5	3.129434030485978e14
1775.5	3.124059951007277e14
1776.5	3.1186778313847494e14
1777.5	3.113287671618396e14
1778.5	3.107889471708218e14
1779.5	3.102483231654213e14
1780.5	3.097068951456383e14
1781.5	3.091646631114727e14
1782.5	3.086216270629245e14
1783.5	3.080753582313066e14
1784.5	3.0752506132594706e14
1785.5	3.069739540722556e14
1786.5	3.064220364702324e14
1787.5	3.0586930851987725e14
1788.5	3.053157702211903e14
1789.5	3.047614215741715e14
1790.5	3.0420626257882075e14
1791.5	3.0365029323513825e14
1792.5	3.030935135431239e14
1793.5	3.025359235027777e14
1794.5	3.0197752311409956e14
1795.5	3.0141831237708956e14
1796.5	3.0085829129174775e14
1797.5	3.0029745985807406e14
1798.5	2.998426227309371e14
1799.5	2.9940166639541125e14
1800.5	2.989600346783881e14
1801.5	2.9851772757986775e14
1802.5	2.9807474509985e14
1803.5	2.9763108723833506e14
1804.5	2.9718675399532275e14
1805.5	2.967417453708132e14
1806.5	2.962960613648064e14
1807.5	2.958497019773022e14
1808.5	2.954026672083009e14
1809.5	2.9495495705780206e14
1810.5	2.945065715258061e14
1811.5	2.940575106123129e14
1812.5	2.936512965288093e14
1813.5	2.933045903496751e14
1814.5	2.929573231331134e14
1815.5	2.926094948791238e14
1816.5	2.922611055877066e14
1817.5	2.919121552588616e14
1818.5	2.9156264389258906e14
1819.5	2.9121257148888875e14
1820.5	2.9086193804776075e14
1821.5	2.90510743569205e14
1822.5	2.9015898805322156e14
1823.5	2.898066714998105e14
1824.5	2.8945379390897175e14
1825.5	2.891003552807052e14
1826.5	2.8875000240751006e14
1827.5	2.8845625685266394e14
1828.5	2.881620168137709e14
1829.5	2.878672822908309e14
1830.5	2.875720532838439e14
1831.5	2.8727632979281006e14
1832.5	2.8698011181772925e14
1833.5	2.866833993586015e14
1834.5	2.863861924154269e14
1835.5	2.8608849098820525e14
1836.5	2.8579029507693675e14
1837.5	2.854916046816214e14
1838.5	2.8519241980225894e14
1839.5	2.8489274043884956e14
1840.5	2.845925665913933e14
1841.5	2.841749196950026e14
1842.5	2.8372363939643225e14
1843.5	2.8327170173299044e14
1844.5	2.828191067046773e14
1845.5	2.823658543114928e14
1846.5	2.81911944553437e14
1847.5	2.814573774305098e14
1848.5	2.8100215294271128e14
1849.5	2.8054627109004138e14
1850.5	2.8008973187250012e14
1851.5	2.7963253529008753e14
1852.5	2.7917468134280362e14
1853.5	2.7871617003064828e14
1854.5	2.782570013536216e14
1855.5	2.778091980701253e14
1856.5	2.773687698727584e14
1857.5	2.769277059089364e14
1858.5	2.7648600617865922e14
1859.5	2.7604367068192706e14
1860.5	2.756006994187397e14
1861.5	2.7515709238909725e14
1862.5	2.7471284959299975e14
1863.5	2.74267971030447e14
1864.5	2.738224567014392e14
1865.5	2.7337630660597638e14
1866.5	2.7292952074405834e14
1867.5	2.7248209911568525e14
1868.5	2.7203404172085697e14
1869.5	2.7167644206132e14
1870.5	2.71409446315467e14
1871.5	2.7114200970768244e14
1872.5	2.708741322379665e14
1873.5	2.706058139063192e14
1874.5	2.7033705471274028e14
1875.5	2.7006785465723e14
1876.5	2.6979821373978825e14
1877.5	2.6952813196041506e14
1878.5	2.6925760931911044e14
1879.5	2.689866458158744e14
1880.5	2.6871524145070688e14
1881.5	2.684433962236078e14
1882.5	2.6817111013457744e14
1883.5	2.6797429018061806e14
1884.5	2.6785305726483094e14
1885.5	2.6773154469124722e14
1886.5	2.676097524598669e14
1887.5	2.674876805706899e14
1888.5	2.673653290237165e14
1889.5	2.6724269781894638e14
1890.5	2.6711978695637972e14
1891.5	2.6699659643601638e14
1892.5	2.6687312625785656e14
1893.5	2.667493764219001e14
1894.5	2.666253469281471e14
1895.5	2.665010377765974e14
1896.5	2.6637644896725125e14
1897.5	2.6608814822229725e14
1898.5	2.6568098567716262e14
1899.5	2.6527324647313616e14
1900.5	2.6486493061021753e14
1901.5	2.6445603808840675e14
1902.5	2.6404656890770412e14
1903.5	2.636365230681092e14
1904.5	2.6322590056962234e14
1905.5	2.628147014122434e14
1906.5	2.6240292559597244e14
1907.5	2.619905731208093e14
1908.5	2.6157764398675428e14
1909.5	2.611641381938071e14
1910.5	2.6075005574196784e14
1911.5	2.6023313110562675e14
1912.5	2.5968141646818734e14
1913.5	2.5912898250480462e14
1914.5	2.5857582921547878e14
1915.5	2.5802195660020962e14
1916.5	2.5746736465899734e14
1917.5	2.5691205339184175e14
1918.5	2.563560227987429e14
1919.5	2.5579927287970097e14
1920.5	2.5524180363471575e14
1921.5	2.5468361506378728e14
1922.5	2.541247071669157e14
1923.5	2.535650799441008e14
1924.5	2.5301246939769278e14
1925.5	2.5283840864757734e14
1926.5	2.5266403054617972e14
1927.5	2.524893350934998e14
1928.5	2.523143222895377e14
1929.5	2.5213899213429322e14
1930.5	2.519633446277665e14
1931.5	2.5178737976995747e14
1932.5	2.5161109756086628e14
1933.5	2.5143449800049278e14
1934.5	2.5125758108883706e14
1935.5	2.5108034682589903e14
1936.5	2.509027952116787e14
1937.5	2.5072492624617622e14
1938.5	2.5052868705081762e14
1939.5	2.5030135733647756e14
1940.5	2.5007365993135184e14
1941.5	2.498455948354403e14
1942.5	2.4961716204874322e14
1943.5	2.4938836157126038e14
1944.5	2.4915919340299184e14
1945.5	2.4892965754393756e14
1946.5	2.4869975399409762e14
1947.5	2.484694827534719e14
1948.5	2.482388438220605e14
1949.5	2.4800783719986353e14
1950.5	2.4777646288688072e14
1951.5	2.4754472088311222e14
1952.5	2.471573849833037e14
1953.5	2.4672823859479253e14
1954.5	2.4629852324648938e14
1955.5	2.4586823893839425e14
1956.5	2.454373856705071e14
1957.5	2.450059634428279e14
1958.5	2.4457397225535662e14
1959.5	2.4414141210809347e14
1960.5	2.4370828300103822e14
1961.5	2.4327458493419094e14
1962.5	2.4284031790755166e14
1963.5	2.4240548192112038e14
1964.5	2.419700769748971e14
1965.5	2.4160956862767978e14
1966.5	2.4141662529855703e14
1967.5	2.4122336071993112e14
1968.5	2.410297748918022e14
1969.5	2.408358678141701e14
1970.5	2.4064163948703488e14
1971.5	2.404470899103967e14
1972.5	2.4025221908425534e14
1973.5	2.4005702700861094e14
1974.5	2.3986151368346347e14
1975.5	2.3966567910881288e14
1976.5	2.3946952328465916e14
1977.5	2.3927304621100244e14
1978.5	2.3907624788784262e14
1979.5	2.3891683006319347e14
1980.5	2.3876085970922306e14
1981.5	2.3860460996530234e14
1982.5	2.3844808083143134e14
1983.5	2.3829127230761e14
1984.5	2.3813418439383825e14
1985.5	2.3797681709011616e14
1986.5	2.3781917039644372e14
1987.5	2.3766124431282094e14
1988.5	2.3750303883924784e14
1989.5	2.3734455397572438e14
1990.5	2.3718578972225053e14
1991.5	2.3702674607882644e14
1992.5	2.3673923898686378e14
1993.5	2.3635845431324734e14
1994.5	2.3597716841078725e14
1995.5	2.3559538127948334e14
1996.5	2.3521309291933562e14
1997.5	2.3483030333034412e14
1998.5	2.3444701251250894e14
1999.5	2.3406322046582997e14
2000.5	2.3367892719030725e14
2001.5	2.332941326859408e14
2002.5	2.329088369527305e14
2003.5	2.3252303999067644e14
2004.5	2.3213674179977862e14
2005.5	2.3179575099500984e14
2006.5	2.315394202063926e14
2007.5	2.3128271871175084e14
2008.5	2.3102564651108472e14
2009.5	2.3076820360439403e14
2010.5	2.3051038999167897e14
2011.5	2.3025220567293947e14
2012.5	2.299936506481755e14
2013.5	2.2973472491738706e14
2014.5	2.2947542848057416e14
2015.5	2.2921576133773684e14
2016.5	2.2895572348887503e14
2017.5	2.2869531493398888e14
2018.5	2.2845877501169347e14
2019.5	2.2832527572284894e14
2020.5	2.281915321341889e14
2021.5	2.2805754424571347e14
2022.5	2.279233120574224e14
2023.5	2.2778883556931594e14
2024.5	2.27654114781394e14
2025.5	2.2751914969365653e14
2026.5	2.273839403061036e14
2027.5	2.2724848661873512e14
2028.5	2.2711278863155122e14
2029.5	2.2697684634455188e14
2030.5	2.2684065975773697e14
2031.5	2.266759002380898e14
2032.5	2.263030229594189e14
2033.5	2.259296689694712e14
2034.5	2.2555583826824678e14
2035.5	2.251815308557456e14
2036.5	2.248067467319676e14
2037.5	2.2443148589691278e14
2038.5	2.2405574835058122e14
2039.5	2.2367953409297284e14
2040.5	2.233028431240878e14
2041.5	2.229256754439259e14
2042.5	2.225480310524872e14
2043.5	2.2216990994977172e14
2044.5	2.2179105771430106e14
2045.5	2.2140986184858784e14
2046.5	2.2102818719756603e14
2047.5	2.2064603376123562e14
2048.5	2.2026340153959666e14
2049.5	2.1988029053264912e14
2050.5	2.1949670074039306e14
2051.5	2.191126321628285e14
2052.5	2.187280847999553e14
2053.5	2.183430586517735e14
2054.5	2.1795755371828325e14
2055.5	2.1757156999948438e14
2056.5	2.171851074953769e14
2057.5	2.1683245955150562e14
2058.5	2.166166062094004e14
2059.5	2.1640044075681297e14
2060.5	2.161839631937436e14
2061.5	2.159671735201921e14
2062.5	2.1575007173615838e14
2063.5	2.155326578416427e14
2064.5	2.1531493183664488e14
2065.5	2.1509689372116488e14
2066.5	2.148785434952029e14
2067.5	2.1465988115875878e14
2068.5	2.1444090671183256e14
2069.5	2.1422162015442428e14
2070.5	2.1400202148653384e14
2071.5	2.1378211070816134e14
2072.5	2.1356188781930678e14
2073.5	2.133413528199701e14
2074.5	2.131205057101513e14
2075.5	2.128993464898504e14
2076.5	2.1267787515906738e14
2077.5	2.124560917178023e14
2078.5	2.1223399616605516e14
2079.5	2.1201158850382584e14
2080.5	2.1178886873111453e14
2081.5	2.1156583684792112e14
2082.5	2.1134249285424547e14
2083.5	2.1111883675008784e14
2084.5	2.1089486853544806e14
2085.5	2.1067058821032622e14
2086.5	2.1044599577472228e14
2087.5	2.1022109122863622e14
2088.5	2.0999587457206806e14
2089.5	2.0977034580501784e14
2090.5	2.095445049274855e14
2091.5	2.093183519394711e14
2092.5	2.090918868409746e14
2093.5	2.0886510963199594e14
2094.5	2.086380203125352e14
2095.5	2.0841061888259244e14
2096.5	2.081829053421675e14
2097.5	2.0795487969126047e14
2098.5	2.077265419298714e14
2099.5	2.0749789205800012e14
2100.5	2.0726893007564688e14
2101.5	2.070396559828115e14
2102.5	2.06810069779494e14
2103.5	2.065801714656944e14
2104.5	2.063499610414127e14
2105.5	2.0611943850664894e14
2106.5	2.0588860386140306e14
2107.5	2.0565745710567506e14
2108.5	2.0542599823946503e14
2109.5	2.0519422726277288e14
2110.5	2.0496214417559856e14
2111.5	2.0472974897794222e14
2112.5	2.0449704166980378e14
2113.5	2.0426402225118322e14
2114.5	2.0403069072208062e14
2115.5	2.0379704708249588e14
2116.5	2.0356309133242897e14
2117.5	2.0332882347188006e14
2118.5	2.0309424350084906e14
2119.5	2.0285935141933594e14
2120.5	2.0262414722734072e14
2121.5	2.023564849820793e14
2122.5	2.020788737605e14
2123.5	2.01800911071401e14
2124.5	2.0152259691478234e14
2125.5	2.012439312906439e14
2126.5	2.0096491419898578e14
2127.5	2.0068554563980794e14
2128.5	2.004058256131104e14
2129.5	2.001257541188932e14
2130.5	1.9984533115715622e14
2131.5	1.9956455672789962e14
2132.5	1.9928343083112328e14
2133.5	1.989512946620459e14
2134.5	1.985005002549672e14
2135.5	1.980491960839707e14
2136.5	1.9759738214905647e14
2137.5	1.9714505845022456e14
2138.5	1.966922249874748e14
2139.5	1.9623888176080738e14
2140.5	1.9578502877022222e14
2141.5	1.953306660157193e14
2142.5	1.9487579349729866e14
2143.5	1.9442041121496028e14
2144.5	1.9396451916870412e14
2145.5	1.9350811735853025e14
2146.5	1.932178524963605e14
2147.5	1.9294372236451097e14
2148.5	1.9266925309837784e14
2149.5	1.923944446979612e14
2150.5	1.9211929716326088e14
2151.5	1.9184381049427703e14
2152.5	1.9156798469100966e14
2153.5	1.9129181975345862e14
2154.5	1.91015315681624e14
2155.5	1.9073847247550584e14
2156.5	1.9046129013510403e14
2157.5	1.9018376866041872e14
2158.5	1.8999273443158875e14
2159.5	1.8986180644836597e14
2160.5	1.897306756879188e14
2161.5	1.895993421502473e14
2162.5	1.894678058353514e14
2163.5	1.8933606674323125e14
2164.5	1.892041248738867e14
2165.5	1.8907198022731775e14
2166.5	1.889396328035244e14
2167.5	1.8880708260250678e14
2168.5	1.886743296242648e14
2169.5	1.8854137386879844e14
2170.5	1.8842909768963303e14
2171.5	1.883554373564567e14
2172.5	1.8828162922312784e14
2173.5	1.8820767328964647e14
2174.5	1.881335695560126e14
2175.5	1.8805931802222616e14
2176.5	1.8798491868828725e14
2177.5	1.879103715541958e14
2178.5	1.8783567661995188e14
2179.5	1.8776083388555538e14
2180.5	1.8768584335100638e14
2181.5	1.876107050163049e14
2182.5	1.8749830269328678e14
2183.5	1.8719076928678412e14
2184.5	1.868828755017317e14
2185.5	1.8657462133812944e14
2186.5	1.862660067959774e14
2187.5	1.8595703187527562e14
2188.5	1.85647696576024e14
2189.5	1.8533800089822256e14
2190.5	1.8502794484187138e14
2191.5	1.847175284069704e14
2192.5	1.8440675159351966e14
2193.5	1.840956144015191e14
2194.5	1.8378824930533844e14
2195.5	1.8354529919725828e14
2196.5	1.8330205148080184e14
2197.5	1.83058506155969e14
2198.5	1.8281466322275997e14
2199.5	1.8257052268117447e14
2200.5	1.8232608453121266e14
2201.5	1.8208134877287456e14
2202.5	1.8183631540616006e14
2203.5	1.815909844310693e14
2204.5	1.8134535584760225e14
2205.5	1.8109942965575875e14
2206.5	1.8085406577775844e14
2207.5	1.8065056035597194e14
2208.5	1.804467962980376e14
2209.5	1.8024277360395522e14
2210.5	1.800384922737249e14
2211.5	1.798339523073467e14
2212.5	1.796291537048205e14
2213.5	1.7942409646614638e14
2214.5	1.7921878059132434e14
2215.5	1.7901320608035438e14
2216.5	1.788073729332364e14
2217.5	1.7860128114997053e14
2218.5	1.7839177104738334e14
2219.5	1.7812193841925062e14
2220.5	1.778517901852486e14
2221.5	1.7758132634537725e14
2222.5	1.7731054689963647e14
2223.5	1.7703945184802638e14
2224.5	1.76768041190547e14
2225.5	1.764963149271982e14
2226.5	1.7622427305798012e14
2227.5	1.7595191558289262e14
2228.5	1.756792425019358e14
2229.5	1.754062538151097e14
2230.5	1.751558098206741e14
2231.5	1.7504556122261444e14
2232.5	1.749351434323548e14
2233.5	1.748245564498951e14
2234.5	1.7471380027523538e14
2235.5	1.746028749083757e14
2236.5	1.7449178034931594e14
2237.5	1.743805165980562e14
2238.5	1.7426908365459644e14
2239.5	1.7415748151893656e14
2240.5	1.7404571019107678e14
2241.5	1.7393376967101694e14
2242.5	1.7381254447702634e14
2243.5	1.7366986301900653e14
2244.5	1.735269852696214e14
2245.5	1.7338391122887094e14
2246.5	1.7324064089675516e14
2247.5	1.730971742732741e14
2248.5	1.7295351135842762e14
2249.5	1.728096521522159e14
2250.5	1.726655966546388e14
2251.5	1.7252134486569634e14
2252.5	1.7237689678538862e14
2253.5	1.722322524137155e14
2254.5	1.720131342931727e14
2255.5	1.7172785608337322e14
2256.5	1.7144225725650756e14
2257.5	1.711563378125758e14
2258.5	1.7087009775157784e14
2259.5	1.705835370735138e14
2260.5	1.7029665577838366e14
2261.5	1.7000945386618734e14
2262.5	1.6972193133692484e14
2263.5	1.6943408819059625e14
2264.5	1.6914592442720156e14
2265.5	1.688574400467407e14
2266.5	1.686332753092677e14
2267.5	1.6842304258028072e14
2268.5	1.6821255879485888e14
2269.5	1.6800182395300225e14
2270.5	1.677908380547108e14
2271.5	1.6757960109998453e14
2272.5	1.6736811308882347e14
2273.5	1.6715637402122753e14
2274.5	1.6694438389719672e14
2275.5	1.667321427167312e14
2276.5	1.6651965047983075e14
2277.5	1.6630166080164094e14
2278.5	1.66057789510497e14
2279.5	1.65813640062073e14
2280.5	1.655692124563691e14
2281.5	1.6532450669338525e14
2282.5	1.650795227731214e14
2283.5	1.6483426069557772e14
2284.5	1.6458872046075403e14
2285.5	1.6434290206865038e14
2286.5	1.6409680551926675e14
2287.5	1.6385043081260328e14
2288.5	1.636037779486598e14
2289.5	1.6345587330506016e14
2290.5	1.6337662200612484e14
2291.5	1.6329723916822625e14
2292.5	1.632177247913644e14
2293.5	1.6313807887553928e14
2294.5	1.630583014207509e14
2295.5	1.6297839242699925e14
2296.5	1.6289835189428422e14
2297.5	1.62818179822606e14
2298.5	1.6273787621196453e14
2299.5	1.626574410623597e14
2300.5	1.6255980633852928e14
2301.5	1.622351656269492e14
2302.5	1.6191018139720547e14
2303.5	1.615848536492982e14
2304.5	1.612591823832273e14
2305.5	1.609331675989928e14
2306.5	1.6060680929659475e14
2307.5	1.6028010747603303e14
2308.5	1.599530621373077e14
2309.5	1.5962567328041875e14
2310.5	1.5929794090536628e14
2311.5	1.5896986501215016e14
2312.5	1.5868052590493956e14
2313.5	1.5841587365164316e14
2314.5	1.581509332886782e14
2315.5	1.5788570481604472e14
2316.5	1.576201882337426e14
2317.5	1.57354383541772e14
2318.5	1.570882907401329e14
2319.5	1.5682190982882516e14
2320.5	1.5655524080784894e14
2321.5	1.5628828367720416e14
2322.5	1.560210384368908e14
2323.5	1.55796354905915e14
2324.5	1.5572340761970975e14
2325.5	1.556503398777241e14
2326.5	1.5557715167995812e14
2327.5	1.5550384302641175e14
2328.5	1.5543041391708494e14
2329.5	1.5535686435197775e14
2330.5	1.5528319433109022e14
2331.5	1.5520940385442222e14
2332.5	1.5513549292197394e14
2333.5	1.5506146153374522e14
2334.5	1.549873096897361e14
2335.5	1.5506942633119628e14
2336.5	1.5517493490843247e14
2337.5	1.5528047696472347e14
2338.5	1.5538605250006925e14
2339.5	1.5549166151446978e14
2340.5	1.5559730400792503e14
2341.5	1.5570297998043506e14
2342.5	1.5580868943199978e14
2343.5	1.5591443236261934e14
2344.5	1.560202087722937e14
2345.5	1.561260186610227e14
2346.5	1.5584342318626538e14
2347.5	1.553014605230742e14
2348.5	1.5475897954002797e14
2349.5	1.5421598023712675e14
2350.5	1.536724626143705e14
2351.5	1.531284266717592e14
2352.5	1.525838724092929e14
2353.5	1.5203879982697153e14
2354.5	1.5149320892479512e14
2355.5	1.5094709970276375e14
2356.5	1.5040047216087734e14
2357.5	1.4996973198417662e14
2358.5	1.4972071990186603e14
2359.5	1.494714427137962e14
2360.5	1.4922190041996725e14
2361.5	1.489720930203791e14
2362.5	1.487220205150318e14
2363.5	1.484716829039253e14
2364.5	1.482210801870597e14
2365.5	1.4797021236443484e14
2366.5	1.477190794360509e14
2367.5	1.474676814019077e14
2368.5	1.4728668925905162e14
2369.5	1.4735615828270253e14
2370.5	1.4742563345396538e14
2371.5	1.4749511477284022e14
2372.5	1.4756460223932697e14
2373.5	1.4763409585342572e14
2374.5	1.4770359561513638e14
2375.5	1.47773101524459e14
2376.5	1.4784261358139362e14
2377.5	1.4791213178594016e14
2378.5	1.479816561380987e14
2379.5	1.48017315507877e14
2380.5	1.4782618127031894e14
2381.5	1.476348341871778e14
2382.5	1.474432742584536e14
2383.5	1.4725150148414634e14
2384.5	1.4705951586425597e14
2385.5	1.4686731739878253e14
2386.5	1.4667490608772606e14
2387.5	1.4648228193108647e14
2388.5	1.462894449288638e14
2389.5	1.460963950810581e14
2390.5	1.442126064491566e14
2391.5	1.4402807464997453e14
2392.5	1.4384377740032916e14
2393.5	1.4365971446286578e14
2394.5	1.4347588560032706e14
2395.5	1.4329229057555253e14
2396.5	1.4310892915148e14
2397.5	1.4292580109114503e14
2398.5	1.427429061576822e14
2399.5	1.4256024411432466e14
