1.000000000000000008e-50
1.000000000000000008e-50
1.000000000000000008e-50
1.000000000000000008e-50
1.000000000000000008e-50
1.000000000000000008e-50
1.000000000000000008e-50
1.000000000000000008e-50
1.000000000000000008e-50
1.000000000000000008e-50
1.000000000000000008e-50
1.000000000000000008e-50
1.000000000000000008e-50
1.000000000000000008e-50
1.000000000000000008e-50
1.000000000000000008e-50
1.000000000000000008e-50
1.000000000000000008e-50
1.000000000000000008e-50
1.000000000000000008e-50
1.000000000000000008e-50
1.000000000000000008e-50
1.000000000000000008e-50
1.000000000000000008e-50
1.000000000000000008e-50
1.000000000000000008e-50
1.000000000000000008e-50
1.000000000000000008e-50
1.000000000000000008e-50
1.000000000000000008e-50
1.000000000000000008e-50
1.000000000000000008e-50
1.000000000000000008e-50
1.000000000000000008e-50
1.000000000000000008e-50
1.000000000000000008e-50
1.000000000000000008e-50
1.000000000000000008e-50
1.000000000000000008e-50
1.000000000000000008e-50
1.000000000000000008e-50
4.002633700000000246e-44
2.270733900000000010e-38
1.464844899999999999e-33
1.531377400000000135e-29
3.512053500000000168e-26
2.303323499999999985e-23
5.443056399999999725e-21
5.588612300000000450e-19
2.850694400000000053e-17
7.923833499999999584e-16
1.292619200000000074e-14
1.329134799999999905e-13
9.273998100000000382e-13
4.734119300000000026e-12
1.897251099999999887e-11
6.317560800000000616e-11
1.815941499999999948e-10
4.614180800000000238e-10
1.053905200000000055e-09
2.195255299999999873e-09
4.228023199999999826e-09
7.646324300000000253e-09
1.330694100000000069e-08
2.335239299999999914e-08
4.411425499999999905e-08
9.334194100000000069e-08
2.193745999999999956e-07
5.611545600000000429e-07
1.512996799999999995e-06
4.038878899999999681e-06
9.986582900000000462e-06
2.192847799999999832e-05
4.218028800000000051e-05
7.154023999999999930e-05
1.087835500000000031e-04
1.512300200000000019e-04
1.958284300000000125e-04
2.401932399999999988e-04
2.831286399999999944e-04
3.243257999999999840e-04
3.638662200000000041e-04
4.019834100000000050e-04
4.389844399999999871e-04
4.752120200000000045e-04
5.110311999999999667e-04
5.468213499999999717e-04
5.829753200000000303e-04
6.198976099999999522e-04
6.580075899999999773e-04
6.977409400000000091e-04
7.395536400000000433e-04
7.839275499999999886e-04
8.313759999999999900e-04
8.824482600000000234e-04
9.377339900000000034e-04
9.978692099999999978e-04
1.063542399999999923e-03
1.135503099999999981e-03
1.214568999999999978e-03
1.301629799999999950e-03
1.397657999999999973e-03
1.503712799999999987e-03
1.620950199999999976e-03
1.750622999999999979e-03
1.894094800000000085e-03
2.052841599999999898e-03
2.228461499999999894e-03
2.422675799999999841e-03
2.637345900000000014e-03
2.874469799999999995e-03
3.136177400000000112e-03
3.424739999999999902e-03
3.742576400000000199e-03
4.092122499999999857e-03
4.475419999999999919e-03
4.893369499999999581e-03
5.345163899999999871e-03
5.829138000000000201e-03
6.350489299999999629e-03
6.350489299999999629e-03
6.350489299999999629e-03
6.350489299999999629e-03
6.350489299999999629e-03
