1.435985000000000036e+04
1.435985000000000036e+04
1.435985000000000036e+04
1.435985000000000036e+04
1.435985000000000036e+04
1.435985000000000036e+04
1.435985000000000036e+04
1.435985000000000036e+04
1.435985000000000036e+04
1.435985000000000036e+04
1.435985000000000036e+04
1.435985000000000036e+04
1.435985000000000036e+04
1.435985000000000036e+04
1.435985000000000036e+04
1.435985000000000036e+04
1.435985000000000036e+04
1.435985000000000036e+04
1.435985000000000036e+04
1.435985000000000036e+04
1.435985000000000036e+04
1.435985000000000036e+04
1.435985000000000036e+04
1.435985000000000036e+04
1.435985000000000036e+04
1.435985000000000036e+04
1.435985000000000036e+04
1.435985000000000036e+04
1.435985000000000036e+04
1.435985000000000036e+04
1.435985000000000036e+04
1.435985000000000036e+04
1.435985000000000036e+04
1.435985000000000036e+04
1.435985000000000036e+04
1.435985000000000036e+04
1.435985000000000036e+04
1.435985000000000036e+04
1.435985000000000036e+04
1.435985000000000036e+04
1.435985000000000036e+04
1.435985000000000036e+04
1.435985000000000036e+04
1.435985000000000036e+04
1.435985000000000036e+04
1.435985000000000036e+04
1.435985000000000036e+04
1.435985000000000036e+04
1.435985000000000036e+04
1.435985000000000036e+04
1.435985000000000036e+04
1.435985000000000036e+04
1.435985000000000036e+04
1.435985000000000036e+04
1.435985000000000036e+04
1.435985000000000036e+04
1.435985000000000036e+04
1.435985000000000036e+04
1.435985000000000036e+04
1.435985000000000036e+04
1.435985000000000036e+04
1.435985000000000036e+04
1.435985000000000036e+04
1.435985000000000036e+04
1.435985000000000036e+04
1.435985000000000036e+04
1.435985000000000036e+04
1.435985000000000036e+04
1.435985000000000036e+04
1.435985000000000036e+04
1.435985000000000036e+04
1.435985000000000036e+04
1.435985000000000036e+04
1.435985000000000036e+04
1.435985000000000036e+04
1.435985000000000036e+04
1.435985000000000036e+04
1.435985000000000036e+04
1.435985000000000036e+04
1.435985000000000036e+04
1.435985000000000036e+04
1.435985000000000036e+04
1.435985000000000036e+04
1.435985000000000036e+04
1.435985000000000036e+04
1.435985000000000036e+04
1.435985000000000036e+04
1.435985000000000036e+04
1.435985000000000036e+04
1.439583899999999994e+04
1.436476900000000023e+04
1.427446800000000076e+04
1.413255500000000029e+04
1.394637999999999920e+04
1.372283300000000054e+04
1.346821199999999953e+04
1.318832300000000032e+04
1.288852800000000025e+04
1.257358899999999994e+04
1.224765999999999985e+04
1.191432699999999932e+04
1.157665799999999945e+04
1.123727200000000084e+04
1.089836700000000019e+04
1.056175799999999981e+04
1.022892900000000009e+04
9.901079799999999523e+03
9.579185100000000602e+03
9.263990400000000591e+03
8.956042900000000373e+03
8.655722400000000562e+03
8.363308499999999185e+03
8.078978500000000167e+03
7.802825799999999617e+03
7.534884699999999611e+03
7.275152299999999741e+03
7.023606300000000374e+03
6.780199300000000221e+03
6.544827000000000226e+03
6.317321299999999610e+03
6.317321299999999610e+03
6.317321299999999610e+03
6.317321299999999610e+03
6.317321299999999610e+03
