1.068907800000000066e+02
1.068907800000000066e+02
1.068907800000000066e+02
1.068907800000000066e+02
1.068907800000000066e+02
1.068907800000000066e+02
1.068907800000000066e+02
1.068907800000000066e+02
1.068907800000000066e+02
1.068907800000000066e+02
1.068907800000000066e+02
1.068907800000000066e+02
1.068907800000000066e+02
1.068907800000000066e+02
1.068907800000000066e+02
1.068907800000000066e+02
1.068907800000000066e+02
1.068907800000000066e+02
1.068907800000000066e+02
1.068907800000000066e+02
1.068907800000000066e+02
1.068907800000000066e+02
1.068907800000000066e+02
1.068907800000000066e+02
1.068907800000000066e+02
1.068907800000000066e+02
1.068907800000000066e+02
1.068907800000000066e+02
1.068907800000000066e+02
1.068907800000000066e+02
1.068907800000000066e+02
1.068907800000000066e+02
1.068907800000000066e+02
1.068907800000000066e+02
1.068907800000000066e+02
1.068907800000000066e+02
1.068907800000000066e+02
1.068907800000000066e+02
1.068907800000000066e+02
1.068907800000000066e+02
1.068907800000000066e+02
1.068907800000000066e+02
1.068907800000000066e+02
1.068907800000000066e+02
1.068907800000000066e+02
1.068907800000000066e+02
1.068907800000000066e+02
1.068907800000000066e+02
1.068907800000000066e+02
1.068907800000000066e+02
1.068907800000000066e+02
1.068907800000000066e+02
1.068907800000000066e+02
1.068907800000000066e+02
1.068907800000000066e+02
1.068907800000000066e+02
1.068907800000000066e+02
1.068907800000000066e+02
1.068907800000000066e+02
1.068907800000000066e+02
1.068907800000000066e+02
1.068907800000000066e+02
1.068907800000000066e+02
1.068907800000000066e+02
1.068907800000000066e+02
1.068907800000000066e+02
1.068907800000000066e+02
1.068907800000000066e+02
1.068907800000000066e+02
1.068907800000000066e+02
1.068907800000000066e+02
1.068907800000000066e+02
1.068907800000000066e+02
1.068907800000000066e+02
1.068907800000000066e+02
1.068907800000000066e+02
1.068907800000000066e+02
1.126613899999999973e+02
1.148063300000000027e+02
1.145386400000000009e+02
1.127632299999999930e+02
1.100523900000000026e+02
1.068249200000000059e+02
1.033895899999999983e+02
9.995717000000000496e+01
9.666991899999999305e+01
9.362052500000000066e+01
9.085943399999999315e+01
8.840266400000000147e+01
8.623920999999999992e+01
8.433792699999999343e+01
8.265458900000000142e+01
8.113871000000000322e+01
7.973919399999999769e+01
7.840813500000000147e+01
7.710363700000000620e+01
7.579228299999999763e+01
7.444976800000000594e+01
7.305948300000000017e+01
7.161139400000000421e+01
7.010107700000000364e+01
6.852869400000000155e+01
6.689815699999999765e+01
6.521612500000000523e+01
6.349105300000000085e+01
6.173240100000000297e+01
5.994992599999999783e+01
5.815330600000000061e+01
5.635163099999999758e+01
5.455321099999999745e+01
5.276549800000000090e+01
5.099528699999999759e+01
4.924854700000000207e+01
4.753042500000000103e+01
4.584531900000000348e+01
4.419696900000000284e+01
4.258855100000000249e+01
4.102264000000000266e+01
3.950099999999999767e+01
3.802451700000000301e+01
3.802451700000000301e+01
3.802451700000000301e+01
3.802451700000000301e+01
3.802451700000000301e+01
