1.000000000000000008e-50
1.000000000000000008e-50
1.000000000000000008e-50
1.000000000000000008e-50
1.000000000000000008e-50
1.000000000000000008e-50
1.000000000000000008e-50
1.000000000000000008e-50
1.000000000000000008e-50
1.000000000000000008e-50
1.000000000000000008e-50
1.000000000000000008e-50
1.000000000000000008e-50
1.000000000000000008e-50
1.000000000000000008e-50
1.000000000000000008e-50
1.000000000000000008e-50
1.000000000000000008e-50
1.000000000000000008e-50
1.000000000000000008e-50
1.000000000000000008e-50
1.000000000000000008e-50
1.000000000000000008e-50
1.000000000000000008e-50
1.000000000000000008e-50
1.000000000000000008e-50
1.000000000000000008e-50
1.000000000000000008e-50
1.000000000000000008e-50
1.000000000000000008e-50
1.000000000000000008e-50
1.000000000000000008e-50
1.000000000000000008e-50
1.000000000000000008e-50
1.000000000000000008e-50
1.000000000000000008e-50
1.000000000000000008e-50
1.000000000000000008e-50
1.000000000000000008e-50
1.000000000000000008e-50
1.000000000000000008e-50
5.146213299999999753e-49
2.740747500000000106e-43
1.666098300000000029e-38
1.656412200000000065e-34
3.628972699999999975e-31
2.243649499999999850e-28
4.807173100000000077e-26
4.247481800000000257e-24
2.006668999999999925e-22
1.706161200000000145e-20
2.642914399999999838e-18
2.216802099999999967e-16
9.286714800000000504e-15
2.143355000000000009e-13
3.038333000000000156e-12
2.876704799999999995e-11
1.927708900000000068e-10
9.568534700000000094e-10
3.673944299999999956e-09
1.139579300000000013e-08
2.974845200000000124e-08
6.774626600000000202e-08
1.388184299999999908e-07
2.638055700000000018e-07
4.826626000000000170e-07
8.946007200000000478e-07
1.783735000000000084e-06
4.008673600000000210e-06
1.014295300000000073e-05
2.722577600000000047e-05
7.148443200000000378e-05
1.729566000000000035e-04
3.753096499999999990e-04
7.280595499999999469e-04
1.275338900000000083e-03
2.047658800000000216e-03
3.051566500000000084e-03
4.255202700000000268e-03
5.603260900000000405e-03
7.046212399999999751e-03
8.550446499999999478e-03
1.009949199999999984e-02
1.169001000000000068e-02
1.332472600000000028e-02
1.500995500000000017e-02
1.675547100000000095e-02
1.857344999999999829e-02
2.047812900000000116e-02
2.248581900000000064e-02
2.461464400000000149e-02
2.688472700000000062e-02
2.931785699999999925e-02
3.193530800000000253e-02
3.475454900000000263e-02
3.778988900000000012e-02
4.105943000000000093e-02
4.458944499999999839e-02
4.841250099999999668e-02
5.256536400000000331e-02
5.708671399999999674e-02
6.200830100000000178e-02
6.734577799999999503e-02
7.311019300000000387e-02
7.933998300000000281e-02
8.611520200000000180e-02
9.353513200000000694e-02
1.016910300000000017e-01
1.106587400000000054e-01
1.205036399999999952e-01
1.312831200000000031e-01
1.430509899999999890e-01
1.558663200000000026e-01
1.697957300000000058e-01
1.848748100000000005e-01
2.009820599999999902e-01
2.176903099999999980e-01
2.343333900000000025e-01
2.503975399999999740e-01
2.659422599999999859e-01
2.659422599999999859e-01
2.659422599999999859e-01
2.659422599999999859e-01
2.659422599999999859e-01
