1.000000000000000008e-50
1.000000000000000008e-50
1.000000000000000008e-50
1.000000000000000008e-50
1.000000000000000008e-50
1.000000000000000008e-50
1.000000000000000008e-50
1.000000000000000008e-50
1.000000000000000008e-50
1.000000000000000008e-50
1.000000000000000008e-50
1.000000000000000008e-50
1.000000000000000008e-50
1.000000000000000008e-50
1.000000000000000008e-50
1.000000000000000008e-50
1.000000000000000008e-50
1.000000000000000008e-50
1.000000000000000008e-50
1.000000000000000008e-50
1.000000000000000008e-50
1.000000000000000008e-50
1.000000000000000008e-50
1.000000000000000008e-50
1.000000000000000008e-50
1.000000000000000008e-50
1.000000000000000008e-50
1.000000000000000008e-50
1.000000000000000008e-50
1.000000000000000008e-50
1.000000000000000008e-50
1.000000000000000008e-50
1.000000000000000008e-50
1.000000000000000008e-50
1.000000000000000008e-50
1.000000000000000008e-50
1.000000000000000008e-50
1.000000000000000008e-50
1.000000000000000008e-50
1.000000000000000008e-50
1.000000000000000008e-50
1.000000000000000008e-50
4.335745699999999929e-49
4.147497600000000033e-44
6.775495500000000122e-40
2.659707500000000165e-36
3.219204500000000230e-33
1.382898099999999980e-30
2.329315400000000096e-28
1.712723699999999918e-26
6.226952499999999802e-25
1.310917299999999959e-23
1.775983799999999906e-22
1.726959099999999918e-21
1.410532900000000028e-20
1.192230899999999957e-19
1.071006299999999969e-18
8.622405599999999704e-18
5.563969400000000123e-17
2.831299899999999798e-16
1.165016300000000021e-15
4.018753000000000322e-15
1.203865299999999955e-14
3.232585400000000133e-14
8.029172500000000289e-14
1.917828800000000032e-13
4.642092399999999834e-13
1.210556200000000072e-12
3.564597799999999919e-12
1.182776399999999956e-11
4.158940199999999921e-11
1.425627499999999945e-10
4.477800499999999937e-10
1.251833400000000058e-09
3.100046299999999918e-09
6.859737299999999689e-09
1.374987199999999960e-08
2.524731799999999981e-08
4.276275599999999882e-08
6.742723199999999342e-08
1.002160899999999978e-07
1.421228300000000002e-07
1.943229499999999898e-07
2.582859000000000219e-07
3.357887499999999832e-07
4.289585399999999955e-07
5.403513499999999650e-07
6.730075500000000223e-07
8.305260199999999750e-07
1.017159400000000084e-06
1.237918400000000082e-06
1.498716900000000047e-06
1.806522299999999985e-06
2.169421900000000175e-06
2.596574600000000027e-06
3.098345100000000172e-06
3.686969399999999981e-06
4.377318099999999590e-06
5.187338699999999646e-06
6.138496400000000251e-06
7.256191700000000046e-06
8.569333599999999333e-06
1.010937400000000070e-05
1.191170700000000064e-05
1.402111100000000041e-05
1.649682099999999843e-05
1.941248499999999986e-05
2.285377599999999896e-05
2.691809700000000080e-05
3.171658399999999672e-05
3.737589500000000208e-05
4.404096799999999978e-05
5.188007000000000285e-05
6.108918999999999710e-05
7.188297399999999825e-05
8.444423500000000280e-05
9.883215799999999721e-05
1.149234300000000002e-04
1.325031399999999980e-04
1.515725099999999865e-04
1.515725099999999865e-04
1.515725099999999865e-04
1.515725099999999865e-04
1.515725099999999865e-04
