1.000000000000000008e-50
1.000000000000000008e-50
1.000000000000000008e-50
1.000000000000000008e-50
1.000000000000000008e-50
1.000000000000000008e-50
1.000000000000000008e-50
1.000000000000000008e-50
1.000000000000000008e-50
1.000000000000000008e-50
1.000000000000000008e-50
1.000000000000000008e-50
1.000000000000000008e-50
1.000000000000000008e-50
1.000000000000000008e-50
1.000000000000000008e-50
1.000000000000000008e-50
1.000000000000000008e-50
1.000000000000000008e-50
1.000000000000000008e-50
1.000000000000000008e-50
1.000000000000000008e-50
1.000000000000000008e-50
1.000000000000000008e-50
1.000000000000000008e-50
1.000000000000000008e-50
1.000000000000000008e-50
1.000000000000000008e-50
1.000000000000000008e-50
1.000000000000000008e-50
1.000000000000000008e-50
1.000000000000000008e-50
1.000000000000000008e-50
1.000000000000000008e-50
1.000000000000000008e-50
1.000000000000000008e-50
1.000000000000000008e-50
1.000000000000000008e-50
1.000000000000000008e-50
1.000000000000000008e-50
5.456569899999999947e-39
4.154296499999999908e-32
2.356807299999999987e-26
1.518369400000000005e-21
1.577539200000000087e-17
3.542508300000000198e-14
2.197811599999999937e-11
4.631389100000000198e-09
3.945525900000000209e-07
1.574006200000000136e-05
3.329044900000000169e-04
4.145612199999999976e-03
3.321992199999999895e-02
1.847730900000000009e-01
7.614324700000000279e-01
2.459821199999999930e+00
6.537022999999999584e+00
1.486615100000000034e+01
2.983400699999999972e+01
5.407794200000000018e+01
9.012526099999999474e+01
1.400663099999999872e+02
2.054076200000000085e+02
2.873747599999999807e+02
3.885792599999999766e+02
5.180106899999999541e+02
7.017030899999999747e+02
1.001395700000000033e+03
1.542082699999999932e+03
2.535137099999999919e+03
4.252154800000000250e+03
6.906988299999999981e+03
1.049014799999999923e+04
1.468843300000000090e+04
1.897938999999999942e+04
2.283652999999999884e+04
2.589924399999999878e+04
2.803593899999999849e+04
2.932758599999999933e+04
2.995897999999999956e+04
3.010083599999999933e+04
2.988537399999999980e+04
2.941962500000000000e+04
2.878772200000000157e+04
2.804989099999999962e+04
2.724853800000000047e+04
2.641412099999999919e+04
2.556791999999999825e+04
2.472443999999999869e+04
2.389329200000000128e+04
2.308037099999999919e+04
2.228896700000000055e+04
2.152033799999999974e+04
2.077350400000000081e+04
2.004510699999999997e+04
1.933093500000000131e+04
1.862849000000000160e+04
1.793749000000000160e+04
1.725854499999999825e+04
1.659233899999999994e+04
1.593916899999999987e+04
1.529783699999999953e+04
1.466534699999999975e+04
1.403946800000000076e+04
1.342193499999999949e+04
1.281775599999999940e+04
1.223143699999999990e+04
1.166482999999999993e+04
1.111769100000000071e+04
1.058890699999999924e+04
1.007714899999999943e+04
9.581318799999999101e+03
9.100965700000000652e+03
8.636443600000000515e+03
8.188278299999999945e+03
7.755862399999999980e+03
7.338107600000000275e+03
6.939446399999999812e+03
6.576083300000000236e+03
6.271399999999999636e+03
6.271399999999999636e+03
6.271399999999999636e+03
6.271399999999999636e+03
6.271399999999999636e+03
