5.166981400000000058e+00
5.166981400000000058e+00
5.166981400000000058e+00
5.166981400000000058e+00
5.166981400000000058e+00
5.166981400000000058e+00
5.166981400000000058e+00
5.166981400000000058e+00
5.166981400000000058e+00
5.166981400000000058e+00
5.166981400000000058e+00
5.166981400000000058e+00
5.166981400000000058e+00
5.166981400000000058e+00
5.166981400000000058e+00
5.166981400000000058e+00
5.166981400000000058e+00
5.166981400000000058e+00
5.166981400000000058e+00
5.166981400000000058e+00
5.166981400000000058e+00
5.166981400000000058e+00
5.166981400000000058e+00
5.166981400000000058e+00
5.166981400000000058e+00
5.166981400000000058e+00
5.166981400000000058e+00
5.166981400000000058e+00
5.166981400000000058e+00
5.166981400000000058e+00
5.166981400000000058e+00
5.166981400000000058e+00
5.166981400000000058e+00
5.166981400000000058e+00
5.166981400000000058e+00
5.166981400000000058e+00
5.166981400000000058e+00
5.166981400000000058e+00
5.166981400000000058e+00
5.166981400000000058e+00
5.166981400000000058e+00
1.203021700000000038e+01
2.777882200000000168e+01
5.666028000000000020e+01
1.028269800000000060e+02
1.681865200000000016e+02
2.512016999999999882e+02
3.467489899999999921e+02
4.471378199999999765e+02
5.473724999999999454e+02
6.896482799999999997e+02
1.150580400000000054e+03
2.488809699999999793e+03
5.177200600000000122e+03
9.465040100000000166e+03
1.533332400000000052e+04
2.249948900000000140e+04
3.049733699999999953e+04
3.876956700000000274e+04
4.674847899999999936e+04
5.393204699999999866e+04
5.994591799999999785e+04
6.457588300000000163e+04
6.778728100000000268e+04
6.978371099999999569e+04
7.112350699999999779e+04
7.280212600000000384e+04
7.615228699999999662e+04
8.245148299999999290e+04
9.223371300000000338e+04
1.046708200000000070e+05
1.176899799999999959e+05
1.288563399999999965e+05
1.363384599999999919e+05
1.393878699999999953e+05
1.382605799999999872e+05
1.338088900000000140e+05
1.271738600000000006e+05
1.196536000000000058e+05
1.121696199999999953e+05
1.050480200000000041e+05
9.836188099999999395e+04
9.215432200000000012e+04
8.644877099999999336e+04
8.123180299999999988e+04
7.647189900000000489e+04
7.213368899999999849e+04
6.817959299999999348e+04
6.457221800000000076e+04
6.127598799999999756e+04
5.825725899999999820e+04
5.548502999999999884e+04
5.293048000000000320e+04
5.056453899999999703e+04
4.835615200000000186e+04
4.627598399999999674e+04
4.430339400000000023e+04
4.242692899999999645e+04
4.063949100000000180e+04
3.893543899999999849e+04
3.730898900000000140e+04
3.575072099999999773e+04
3.424655399999999645e+04
3.278523200000000361e+04
3.136771299999999974e+04
3.000506599999999889e+04
2.870725800000000163e+04
2.747675200000000041e+04
2.631009899999999834e+04
2.520150000000000000e+04
2.414466700000000128e+04
2.313414600000000064e+04
2.216664099999999962e+04
2.124168400000000111e+04
2.035999799999999959e+04
1.951966300000000047e+04
1.871835399999999936e+04
1.797304999999999927e+04
1.734242599999999948e+04
1.691668999999999869e+04
1.691668999999999869e+04
1.691668999999999869e+04
1.691668999999999869e+04
1.691668999999999869e+04
