1.000000000000000008e-50
1.000000000000000008e-50
1.000000000000000008e-50
1.000000000000000008e-50
1.000000000000000008e-50
1.000000000000000008e-50
1.000000000000000008e-50
1.000000000000000008e-50
1.000000000000000008e-50
1.000000000000000008e-50
1.000000000000000008e-50
1.000000000000000008e-50
1.000000000000000008e-50
1.000000000000000008e-50
1.000000000000000008e-50
1.000000000000000008e-50
1.000000000000000008e-50
1.000000000000000008e-50
1.000000000000000008e-50
1.000000000000000008e-50
1.000000000000000008e-50
1.000000000000000008e-50
1.000000000000000008e-50
1.000000000000000008e-50
1.000000000000000008e-50
1.000000000000000008e-50
1.000000000000000008e-50
1.000000000000000008e-50
1.000000000000000008e-50
1.000000000000000008e-50
1.000000000000000008e-50
1.000000000000000008e-50
1.000000000000000008e-50
1.000000000000000008e-50
1.000000000000000008e-50
1.000000000000000008e-50
1.000000000000000008e-50
1.000000000000000008e-50
1.000000000000000008e-50
1.000000000000000008e-50
2.387681800000000060e-42
1.789168299999999956e-35
1.001260500000000040e-29
6.372223100000000145e-25
6.546143900000000186e-21
1.454355499999999903e-17
8.930517699999999440e-15
1.863108299999999952e-12
1.571624900000000060e-10
6.208989200000000242e-09
1.300346400000000038e-07
1.601274100000000094e-06
1.266522099999999940e-05
6.937764600000000386e-05
2.808016100000000127e-04
8.880529399999999990e-04
2.301541199999999898e-03
5.082559900000000255e-03
9.860287000000000565e-03
1.720179200000000047e-02
2.747867799999999944e-02
4.078383700000000334e-02
5.693195499999999937e-02
7.558577299999999499e-02
9.667968700000000026e-02
1.214579199999999970e-01
1.543023000000000033e-01
2.052014199999999955e-01
2.920546299999999817e-01
4.393502599999999925e-01
6.668215100000000062e-01
9.688476599999999994e-01
1.301917999999999909e+00
1.598223399999999961e+00
1.798842100000000110e+00
1.879676099999999961e+00
1.853433099999999945e+00
1.754742000000000024e+00
1.623001799999999939e+00
1.487568199999999896e+00
1.362930299999999928e+00
1.254036699999999893e+00
1.161672100000000096e+00
1.084782300000000088e+00
1.021445500000000006e+00
9.695889600000000552e-01
9.273366800000000243e-01
8.930675700000000328e-01
8.654199700000000384e-01
8.432687800000000511e-01
8.256820099999999663e-01
8.118906900000000260e-01
8.012490300000000287e-01
7.931660600000000061e-01
7.870448199999999783e-01
7.823172900000000540e-01
7.785628300000000390e-01
7.755366000000000204e-01
7.730950100000000269e-01
7.711432000000000286e-01
7.695988200000000168e-01
7.683027100000000553e-01
7.669696799999999870e-01
7.653552599999999817e-01
7.635258000000000322e-01
7.618693399999999505e-01
7.608264000000000138e-01
7.606892499999999835e-01
7.616119099999999476e-01
7.636966400000000377e-01
7.670484400000000536e-01
7.718230499999999550e-01
7.782890999999999559e-01
7.868823000000000345e-01
7.981886999999999732e-01
8.128997599999999712e-01
8.322188900000000444e-01
8.595256199999999902e-01
9.030977300000000429e-01
9.800659000000000454e-01
9.800659000000000454e-01
9.800659000000000454e-01
9.800659000000000454e-01
9.800659000000000454e-01
