1.000000000000000008e-50
1.000000000000000008e-50
1.000000000000000008e-50
1.000000000000000008e-50
1.000000000000000008e-50
1.000000000000000008e-50
1.000000000000000008e-50
1.000000000000000008e-50
1.000000000000000008e-50
1.000000000000000008e-50
1.000000000000000008e-50
1.000000000000000008e-50
1.000000000000000008e-50
1.000000000000000008e-50
1.000000000000000008e-50
1.000000000000000008e-50
1.000000000000000008e-50
1.000000000000000008e-50
1.000000000000000008e-50
1.000000000000000008e-50
1.000000000000000008e-50
1.000000000000000008e-50
1.000000000000000008e-50
1.000000000000000008e-50
1.000000000000000008e-50
1.000000000000000008e-50
1.000000000000000008e-50
1.000000000000000008e-50
1.000000000000000008e-50
1.000000000000000008e-50
1.000000000000000008e-50
1.000000000000000008e-50
1.000000000000000008e-50
1.000000000000000008e-50
1.000000000000000008e-50
1.000000000000000008e-50
1.000000000000000008e-50
1.000000000000000008e-50
1.000000000000000008e-50
1.000000000000000008e-50
2.844014399999999846e-50
2.165411699999999992e-43
1.229913899999999985e-37
7.976601000000000309e-33
8.532138899999999886e-29
2.106004800000000093e-25
1.630697799999999981e-22
4.974504000000000038e-20
6.724002900000000246e-18
4.306256500000000025e-16
1.406181699999999994e-14
2.551077799999999811e-13
2.811485199999999823e-12
2.055868199999999974e-11
1.085884099999999965e-10
4.470484800000000241e-10
1.521848299999999947e-09
4.453586100000000125e-09
1.147697700000000008e-08
2.649997500000000102e-08
5.565823700000000060e-08
1.078831400000000055e-07
1.960895200000000101e-07
3.427037999999999853e-07
6.038293199999999962e-07
1.145237799999999964e-06
2.431516199999999825e-06
5.727533699999999647e-06
1.466755099999999925e-05
3.955797000000000100e-05
1.055589999999999968e-04
2.607705800000000257e-04
5.717974599999999788e-04
1.097745100000000048e-03
1.857029999999999965e-03
2.814250400000000048e-03
3.895312900000000040e-03
5.016421000000000074e-03
6.112421399999999963e-03
7.150870600000000347e-03
8.124029899999999499e-03
9.035276199999999272e-03
9.892217300000000560e-03
1.070426699999999995e-02
1.148156099999999950e-02
1.223441100000000059e-02
1.297310399999999919e-02
1.370782599999999934e-02
1.444867099999999974e-02
1.520569800000000013e-02
1.598901900000000015e-02
1.680891199999999877e-02
1.767593599999999973e-02
1.860106799999999838e-02
1.959583300000000000e-02
2.067243399999999995e-02
2.184388400000000091e-02
2.312415599999999988e-02
2.452834099999999865e-02
2.607280299999999856e-02
2.777533500000000169e-02
2.965533199999999953e-02
3.173396199999999751e-02
3.403436399999999751e-02
3.658183200000000163e-02
3.940403399999999751e-02
4.253121599999999669e-02
4.599643400000000271e-02
4.983578300000000155e-02
5.408864599999999717e-02
5.879792200000000246e-02
6.401027900000000326e-02
6.977642800000000145e-02
7.615135700000000285e-02
8.319456199999999968e-02
9.097015499999999699e-02
9.954634900000000619e-02
1.089926499999999965e-01
1.193779799999999947e-01
1.308068400000000076e-01
1.308068400000000076e-01
1.308068400000000076e-01
1.308068400000000076e-01
1.308068400000000076e-01
