1.000000000000000008e-50
1.000000000000000008e-50
1.000000000000000008e-50
1.000000000000000008e-50
1.000000000000000008e-50
1.000000000000000008e-50
1.000000000000000008e-50
1.000000000000000008e-50
1.000000000000000008e-50
1.000000000000000008e-50
1.000000000000000008e-50
1.000000000000000008e-50
1.000000000000000008e-50
1.000000000000000008e-50
1.000000000000000008e-50
1.000000000000000008e-50
1.000000000000000008e-50
1.000000000000000008e-50
1.000000000000000008e-50
1.000000000000000008e-50
1.000000000000000008e-50
1.000000000000000008e-50
1.000000000000000008e-50
1.000000000000000008e-50
1.000000000000000008e-50
1.000000000000000008e-50
1.000000000000000008e-50
1.000000000000000008e-50
1.000000000000000008e-50
1.000000000000000008e-50
1.000000000000000008e-50
1.000000000000000008e-50
1.000000000000000008e-50
1.000000000000000008e-50
1.000000000000000008e-50
1.000000000000000008e-50
1.000000000000000008e-50
1.000000000000000008e-50
1.000000000000000008e-50
1.000000000000000008e-50
1.130729600000000052e-19
7.924463499999999803e-18
2.620396900000000143e-17
2.935703500000000116e-15
1.237668100000000030e-11
1.636105799999999870e-08
6.655930800000000008e-06
9.569087300000000311e-04
5.693140599999999690e-02
1.613956600000000075e+00
2.323820299999999861e+01
1.480393400000000099e+02
4.483532299999999964e+02
9.558031200000000354e+02
1.676248599999999897e+03
2.512496599999999944e+03
3.274557499999999891e+03
3.766989099999999780e+03
3.889672700000000077e+03
3.673210099999999784e+03
3.233234800000000178e+03
2.698407600000000002e+03
2.165212399999999889e+03
1.688235400000000027e+03
1.289364499999999907e+03
9.706231199999999717e+02
7.239657899999999700e+02
5.369845400000000382e+02
3.959621500000000083e+02
2.886340200000000209e+02
2.066206200000000024e+02
1.449514399999999910e+02
9.989644099999999582e+01
6.796126200000000495e+01
4.590600400000000292e+01
3.097123399999999904e+01
2.098783500000000046e+01
1.439164300000000019e+01
1.011051199999999994e+01
7.347804400000000236e+00
5.528935299999999664e+00
4.293695500000000109e+00
3.430631899999999845e+00
2.812637599999999960e+00
2.359919800000000123e+00
2.021358100000000046e+00
1.763619899999999907e+00
1.564382699999999904e+00
1.408371800000000063e+00
1.284932799999999986e+00
1.186476300000000039e+00
1.107507299999999972e+00
1.043965100000000090e+00
9.927186799999999645e-01
9.512188000000000310e-01
9.174023500000000331e-01
8.897689300000000134e-01
8.673115399999999919e-01
8.493090199999999701e-01
8.351975400000000160e-01
8.244891500000000040e-01
8.166191999999999895e-01
8.108629600000000215e-01
8.065736900000000098e-01
8.035674400000000217e-01
8.021251400000000142e-01
8.025879900000000289e-01
8.050617500000000204e-01
8.094247399999999759e-01
8.154462000000000099e-01
8.228516399999999953e-01
8.313797899999999519e-01
8.408396399999999993e-01
8.510860500000000384e-01
8.617158600000000002e-01
8.713489399999999607e-01
8.770746499999999557e-01
8.753859800000000080e-01
8.645081100000000518e-01
8.461976799999999521e-01
8.461976799999999521e-01
8.461976799999999521e-01
8.461976799999999521e-01
8.461976799999999521e-01
