1.000000000000000008e-50
1.000000000000000008e-50
1.000000000000000008e-50
1.000000000000000008e-50
1.000000000000000008e-50
1.000000000000000008e-50
1.000000000000000008e-50
1.000000000000000008e-50
1.000000000000000008e-50
1.000000000000000008e-50
1.000000000000000008e-50
1.000000000000000008e-50
1.000000000000000008e-50
1.000000000000000008e-50
1.000000000000000008e-50
1.000000000000000008e-50
1.000000000000000008e-50
1.000000000000000008e-50
1.000000000000000008e-50
1.000000000000000008e-50
1.000000000000000008e-50
1.000000000000000008e-50
1.000000000000000008e-50
1.000000000000000008e-50
1.000000000000000008e-50
1.000000000000000008e-50
1.000000000000000008e-50
1.000000000000000008e-50
1.000000000000000008e-50
1.000000000000000008e-50
1.000000000000000008e-50
1.000000000000000008e-50
1.000000000000000008e-50
1.000000000000000008e-50
1.000000000000000008e-50
1.000000000000000008e-50
1.000000000000000008e-50
1.000000000000000008e-50
1.000000000000000008e-50
1.000000000000000008e-50
2.687795899999999949e-49
2.044499999999999869e-42
1.159372899999999981e-36
7.468129599999999810e-32
7.759653699999999802e-28
1.742984999999999845e-24
1.081999600000000067e-21
2.282537800000000158e-19
1.948085800000000133e-17
7.793570700000000413e-16
1.654888399999999851e-14
2.071337200000000087e-13
1.670111999999999982e-12
9.358007899999999219e-12
3.891300700000000191e-11
1.271715200000000102e-10
3.430766299999999992e-10
7.950995900000000084e-10
1.631993499999999944e-09
3.034411400000000104e-09
5.198278900000000025e-09
8.314937700000000334e-09
1.255416699999999975e-08
1.806707399999999935e-08
2.507676200000000039e-08
3.420242400000000030e-08
4.717308900000000020e-08
6.807773600000000439e-08
1.056554600000000032e-07
1.776768400000000120e-07
3.170383099999999960e-07
5.743042800000000152e-07
1.007544799999999976e-06
1.657848100000000029e-06
2.526598899999999907e-06
3.573091800000000046e-06
4.731536300000000318e-06
5.932941099999999993e-06
7.125250299999999911e-06
8.285411500000000116e-06
9.412934000000000635e-06
1.051703500000000018e-05
1.161018100000000078e-05
1.270631400000000060e-05
1.382044899999999972e-05
1.496858499999999994e-05
1.616780100000000069e-05
1.743650499999999849e-05
1.879480100000000112e-05
2.026495300000000140e-05
2.187203200000000086e-05
2.364472499999999917e-05
2.561643300000000120e-05
2.782702999999999842e-05
3.032526199999999853e-05
3.317082999999999967e-05
3.643551899999999900e-05
4.020483899999999835e-05
4.458131500000000059e-05
4.968868299999999760e-05
5.567708099999999725e-05
6.273107299999999928e-05
7.107913900000000190e-05
8.099960799999999801e-05
9.282285299999999326e-05
1.069400799999999948e-04
1.238242599999999900e-04
1.440563099999999990e-04
1.683502700000000045e-04
1.975800500000000058e-04
2.328122800000000125e-04
2.753459599999999864e-04
3.267599199999999897e-04
3.889728499999999803e-04
4.643311900000000100e-04
5.557417099999999860e-04
6.668241000000000316e-04
8.019493500000000538e-04
9.661688100000000124e-04
1.165785199999999980e-03
1.165785199999999980e-03
1.165785199999999980e-03
1.165785199999999980e-03
1.165785199999999980e-03
