# Jane Fox 2015 (Water and Water Ions, Figure 3b) 
1.000000000000000008e-50
1.000000000000000008e-50
1.000000000000000008e-50
1.000000000000000008e-50
1.000000000000000008e-50
1.000000000000000008e-50
1.000000000000000008e-50
1.000000000000000008e-50
1.000000000000000008e-50
1.000000000000000008e-50
1.000000000000000008e-50
1.000000000000000008e-50
1.000000000000000008e-50
1.000000000000000008e-50
1.000000000000000008e-50
1.000000000000000008e-50
1.000000000000000008e-50
1.000000000000000008e-50
1.000000000000000008e-50
1.000000000000000008e-50
1.000000000000000008e-50
1.000000000000000008e-50
1.000000000000000008e-50
1.000000000000000008e-50
1.000000000000000008e-50
1.000000000000000008e-50
1.000000000000000008e-50
1.000000000000000008e-50
1.000000000000000008e-50
1.000000000000000008e-50
1.000000000000000008e-50
1.000000000000000008e-50
1.000000000000000008e-50
1.000000000000000008e-50
1.000000000000000008e-50
1.000000000000000008e-50
1.000000000000000008e-50
1.000000000000000008e-50
1.000000000000000008e-50
1.000000000000000008e-50
1.000000000000000008e-50
1.000000000000000008e-50
5.766802193076040741e-04
2.021221499105148832e-03
6.530628134483087988e-03
2.099484011802289773e-02
5.059723441595694038e-02
1.028129199257794696e-01
1.814478895564138050e-01
2.876084421091050225e-01
4.334265909541443751e-01
6.091550106366458994e-01
8.236249966167006331e-01
1.069083004695800199e+00
1.350156477001074329e+00
1.659261587833539497e+00
2.080484375275462483e+00
2.594863527589643670e+00
3.346761837841362830e+00
4.567834873477719881e+00
6.273422812046594466e+00
8.359594741914506244e+00
1.079947990545392322e+01
1.322271144404389354e+01
1.560845420854497867e+01
1.799419697304606558e+01
1.947280718059370130e+01
2.040007433405646609e+01
2.132734148751923442e+01
2.225460864098200275e+01
2.318187579444477109e+01
2.394563299318074456e+01
2.366201764074538971e+01
2.337840228831003841e+01
2.309478693587468356e+01
2.281117158343933227e+01
2.252755623100397742e+01
2.213096515511724505e+01
2.171069582291225686e+01
2.129042649070726512e+01
2.087015715850227693e+01
2.044988782629728519e+01
1.997854733194184362e+01
1.949590915271729585e+01
1.901327097349274808e+01
1.853063279426820031e+01
1.804799461504365254e+01
1.768665193724298490e+01
1.764749357395772122e+01
1.760833521067245755e+01
1.756917684738719387e+01
1.753001848410193020e+01
1.749086012081666652e+01
1.745170175753140285e+01
1.800573613875261003e+01
1.865515963037241676e+01
1.930458312199221993e+01
1.995400661361202310e+01
2.060343010523182983e+01
2.125285359685163300e+01
2.188985563362402331e+01
2.251589047440094049e+01
2.314192531517785767e+01
2.376796015595477485e+01
2.401405908565035574e+01
2.400748648296357146e+01
2.400091388027678718e+01
2.363654868980799861e+01
2.292246447736518888e+01
2.220838026492237560e+01
2.142138965817869334e+01
2.055631827986716331e+01
1.969124690155563329e+01
1.887692101217023222e+01
1.813022586909081468e+01
1.738353072601140070e+01
1.663683558293198317e+01
1.611410237926628852e+01
1.560497773955774115e+01
1.509585309984919377e+01
1.458672846014064639e+01
1.430372598260084160e+01
1.411144891510775778e+01
1.391917184761467219e+01
