1.165552600000000025e-04
1.165552600000000025e-04
1.165552600000000025e-04
1.165552600000000025e-04
1.165552600000000025e-04
1.165552600000000025e-04
1.165552600000000025e-04
1.165552600000000025e-04
1.165552600000000025e-04
1.165552600000000025e-04
1.165552600000000025e-04
1.165552600000000025e-04
1.165552600000000025e-04
1.165552600000000025e-04
1.165552600000000025e-04
1.165552600000000025e-04
1.165552600000000025e-04
1.165552600000000025e-04
1.165552600000000025e-04
1.165552600000000025e-04
1.165552600000000025e-04
1.165552600000000025e-04
1.165552600000000025e-04
1.165552600000000025e-04
1.165552600000000025e-04
1.165552600000000025e-04
1.165552600000000025e-04
1.165552600000000025e-04
1.165552600000000025e-04
1.165552600000000025e-04
1.165552600000000025e-04
1.165552600000000025e-04
1.165552600000000025e-04
1.165552600000000025e-04
1.165552600000000025e-04
1.165552600000000025e-04
1.165552600000000025e-04
1.165552600000000025e-04
1.165552600000000025e-04
1.165552600000000025e-04
1.165552600000000025e-04
1.320361700000000061e-04
1.308056300000000089e-04
1.204568500000000053e-04
1.059520299999999933e-04
9.026189199999999527e-05
7.505656899999999746e-05
6.119581199999999386e-05
4.905446300000000149e-05
3.872235499999999731e-05
3.021279300000000067e-05
2.367963000000000151e-05
1.884450999999999959e-05
1.721841600000000147e-05
3.328035900000000192e-05
1.407272200000000116e-04
5.891545599999999756e-04
1.972517999999999928e-03
5.319391799999999976e-03
1.196126599999999991e-02
2.321158599999999933e-02
4.005541600000000341e-02
6.301377700000000692e-02
9.226856199999999841e-02
1.283073700000000039e-01
1.737109900000000096e-01
2.367783300000000091e-01
3.374810400000000099e-01
5.153937899999999628e-01
8.340356100000000383e-01
1.366468599999999922e+00
2.152281499999999959e+00
3.148925399999999986e+00
4.224460999999999800e+00
5.209744699999999895e+00
5.971057700000000246e+00
6.449103100000000310e+00
6.657714799999999933e+00
6.668881800000000304e+00
6.567311000000000121e+00
6.406799999999999606e+00
6.216395799999999916e+00
6.015632199999999763e+00
5.818271799999999772e+00
5.633163999999999838e+00
5.465505399999999625e+00
5.317348499999999589e+00
5.187731999999999566e+00
5.073213800000000440e+00
4.968684099999999937e+00
4.868289200000000427e+00
4.766324899999999865e+00
4.657954900000000009e+00
4.539645300000000105e+00
4.409287800000000423e+00
4.266127199999999675e+00
4.110610399999999665e+00
3.944130599999999820e+00
3.768688500000000108e+00
3.586614299999999922e+00
3.400349900000000147e+00
3.212278700000000153e+00
3.024611699999999903e+00
2.839305899999999827e+00
2.658021699999999932e+00
2.482116099999999825e+00
2.312651499999999860e+00
2.150422199999999950e+00
1.995974700000000102e+00
1.849641099999999927e+00
1.711573599999999917e+00
1.581784899999999938e+00
1.460172100000000084e+00
1.346541800000000011e+00
1.240634100000000073e+00
1.142142400000000002e+00
1.050728700000000071e+00
9.660343900000000206e-01
8.876845199999999769e-01
8.152968600000000121e-01
8.152968600000000121e-01
8.152968600000000121e-01
8.152968600000000121e-01
8.152968600000000121e-01
