1.000000000000000008e-50
1.000000000000000008e-50
1.000000000000000008e-50
1.000000000000000008e-50
1.000000000000000008e-50
1.000000000000000008e-50
1.000000000000000008e-50
1.000000000000000008e-50
1.000000000000000008e-50
1.000000000000000008e-50
1.000000000000000008e-50
1.000000000000000008e-50
1.000000000000000008e-50
1.000000000000000008e-50
1.000000000000000008e-50
1.000000000000000008e-50
1.000000000000000008e-50
1.000000000000000008e-50
1.000000000000000008e-50
1.000000000000000008e-50
1.000000000000000008e-50
1.000000000000000008e-50
1.000000000000000008e-50
1.000000000000000008e-50
1.000000000000000008e-50
1.000000000000000008e-50
1.000000000000000008e-50
1.000000000000000008e-50
1.000000000000000008e-50
1.000000000000000008e-50
1.000000000000000008e-50
1.000000000000000008e-50
1.000000000000000008e-50
1.000000000000000008e-50
1.000000000000000008e-50
1.000000000000000008e-50
1.000000000000000008e-50
1.000000000000000008e-50
1.000000000000000008e-50
1.000000000000000008e-50
1.078183699999999955e-36
8.270714499999999562e-30
4.741354699999999670e-24
3.086855400000000240e-19
3.241160899999999832e-15
7.355741099999999744e-12
4.612197700000000359e-09
9.822682599999999553e-07
8.457016399999999357e-05
3.409507600000000194e-03
7.287066400000000166e-02
9.168044199999999533e-01
7.395774900000000152e+00
4.101332699999999676e+01
1.654865100000000098e+02
5.091370299999999816e+02
1.242881200000000035e+03
2.493489799999999832e+03
4.245582000000000335e+03
6.321447400000000016e+03
8.458059800000000905e+03
1.041128800000000047e+04
1.201914799999999923e+04
1.321788999999999942e+04
1.404404600000000028e+04
1.464593399999999929e+04
1.529009799999999996e+04
1.632304600000000028e+04
1.804477799999999843e+04
2.049437800000000061e+04
2.330452600000000166e+04
2.582631299999999828e+04
2.744570699999999852e+04
2.784434400000000096e+04
2.705983499999999913e+04
2.537361600000000180e+04
2.314261200000000099e+04
2.070641400000000067e+04
1.836958499999999913e+04
1.630048699999999917e+04
1.451543699999999990e+04
1.297949599999999919e+04
1.166062600000000020e+04
1.053147600000000057e+04
9.565119800000000396e+03
8.737232900000000882e+03
8.027296500000000378e+03
7.417858299999999872e+03
6.894165200000000368e+03
6.443824300000000221e+03
6.056354099999999562e+03
5.722924299999999675e+03
5.436003099999999904e+03
5.188780300000000352e+03
4.974718899999999849e+03
4.787904499999999643e+03
4.623922499999999673e+03
4.479872400000000198e+03
4.353637499999999818e+03
4.243440099999999802e+03
4.147575700000000325e+03
4.063821899999999914e+03
3.989167600000000220e+03
3.920931500000000142e+03
3.858408800000000156e+03
3.802778099999999995e+03
3.755323600000000170e+03
3.716228000000000065e+03
3.684681900000000041e+03
3.659420300000000225e+03
3.639011700000000019e+03
3.622093299999999999e+03
3.607610000000000127e+03
3.594794899999999870e+03
3.582271099999999933e+03
3.565943099999999959e+03
3.537778099999999995e+03
3.489606800000000021e+03
3.420209199999999782e+03
3.336370600000000195e+03
3.336370600000000195e+03
3.336370600000000195e+03
3.336370600000000195e+03
3.336370600000000195e+03
