1.733502400000000000e+08
1.733502400000000000e+08
1.733502400000000000e+08
1.733502400000000000e+08
1.733502400000000000e+08
1.733502400000000000e+08
1.733502400000000000e+08
1.733502400000000000e+08
1.733502400000000000e+08
1.733502400000000000e+08
1.733502400000000000e+08
1.733502400000000000e+08
1.733502400000000000e+08
1.733502400000000000e+08
1.733502400000000000e+08
1.733502400000000000e+08
1.733502400000000000e+08
1.733502400000000000e+08
1.733502400000000000e+08
1.733502400000000000e+08
1.733502400000000000e+08
1.733502400000000000e+08
1.733502400000000000e+08
1.733502400000000000e+08
1.733502400000000000e+08
1.733502400000000000e+08
1.733502400000000000e+08
1.733502400000000000e+08
1.733502400000000000e+08
1.733502400000000000e+08
1.733502400000000000e+08
1.733502400000000000e+08
1.733502400000000000e+08
1.733502400000000000e+08
1.733502400000000000e+08
1.733502400000000000e+08
1.733502400000000000e+08
1.733502400000000000e+08
1.733502400000000000e+08
1.733502400000000000e+08
1.733502400000000000e+08
1.450655300000000000e+08
1.213561500000000000e+08
1.014548100000000000e+08
8.473598200000000000e+07
7.068490600000000000e+07
5.887475200000000000e+07
4.895103700000000000e+07
4.061767900000000000e+07
3.362627500000000000e+07
2.776876800000000000e+07
2.287042100000000000e+07
1.878259500000000000e+07
1.537878300000000000e+07
1.255174300000000000e+07
1.021047400000000000e+07
8.277654200000000186e+06
6.687448700000000186e+06
5.383891000000000000e+06
4.319502599999999627e+06
3.454060600000000093e+06
2.753470399999999907e+06
2.188919299999999814e+06
1.736131500000000000e+06
1.374719399999999907e+06
1.087626000000000000e+06
8.606805000000000000e+05
6.821749699999999721e+05
5.424328100000000559e+05
4.334987199999999721e+05
3.488574000000000233e+05
2.831707600000000093e+05
2.320638299999999872e+05
1.921674200000000128e+05
1.608905799999999872e+05
1.361343299999999872e+05
1.162550099999999948e+05
1.002068600000000006e+05
8.763346899999999732e+04
7.818277999999999884e+04
7.109170299999999406e+04
6.562604399999999441e+04
6.129491000000000349e+04
5.778477999999999884e+04
5.487776499999999942e+04
5.242960199999999895e+04
5.033781599999999889e+04
4.852397099999999773e+04
4.693287299999999959e+04
4.552364199999999983e+04
4.426514600000000064e+04
4.313470599999999831e+04
4.211192300000000250e+04
4.117858099999999831e+04
4.032140499999999884e+04
3.952957200000000012e+04
3.879498099999999977e+04
3.811156100000000151e+04
3.747249199999999837e+04
3.687158200000000215e+04
3.630395100000000093e+04
3.576472600000000239e+04
3.524980000000000291e+04
3.475608699999999953e+04
3.428126099999999860e+04
3.382345500000000175e+04
3.338145500000000175e+04
3.295528800000000047e+04
3.254365999999999985e+04
3.214463499999999840e+04
3.175533000000000175e+04
3.137526099999999860e+04
3.100598900000000140e+04
3.064354699999999866e+04
3.028558899999999994e+04
2.992762800000000061e+04
2.952305099999999948e+04
2.884119399999999951e+04
2.743419599999999991e+04
2.513960199999999895e+04
2.513960199999999895e+04
2.513960199999999895e+04
2.513960199999999895e+04
2.513960199999999895e+04
