0.000000000000000000e+00
0.000000000000000000e+00
0.000000000000000000e+00
0.000000000000000000e+00
0.000000000000000000e+00
0.000000000000000000e+00
0.000000000000000000e+00
0.000000000000000000e+00
0.000000000000000000e+00
0.000000000000000000e+00
0.000000000000000000e+00
0.000000000000000000e+00
0.000000000000000000e+00
0.000000000000000000e+00
0.000000000000000000e+00
0.000000000000000000e+00
0.000000000000000000e+00
0.000000000000000000e+00
0.000000000000000000e+00
0.000000000000000000e+00
0.000000000000000000e+00
0.000000000000000000e+00
0.000000000000000000e+00
0.000000000000000000e+00
0.000000000000000000e+00
0.000000000000000000e+00
0.000000000000000000e+00
0.000000000000000000e+00
0.000000000000000000e+00
0.000000000000000000e+00
0.000000000000000000e+00
0.000000000000000000e+00
0.000000000000000000e+00
0.000000000000000000e+00
0.000000000000000000e+00
0.000000000000000000e+00
0.000000000000000000e+00
0.000000000000000000e+00
0.000000000000000000e+00
0.000000000000000000e+00
1.000000000000000008e-50
6.323573999999999893e-45
3.592813599999999826e-39
2.326942299999999848e-34
2.468377100000000067e-30
5.927211599999999801e-27
4.328406899999999854e-24
1.220638199999999964e-21
1.538570799999999938e-19
9.397572800000000005e-18
2.983404300000000037e-16
5.326671399999999980e-15
5.818576799999999447e-14
4.234190000000000056e-13
2.230545699999999964e-12
9.169710099999999766e-12
3.119621599999999944e-11
9.131734799999999525e-11
2.356618299999999743e-10
5.457417700000000466e-10
1.151826099999999938e-09
2.248560099999999968e-09
4.123972399999999708e-09
7.261544100000000201e-09
1.273554099999999996e-08
2.339683100000000006e-08
4.662067899999999797e-08
1.002614299999999984e-07
2.267255100000000107e-07
5.228297399999999871e-07
1.180169299999999961e-06
2.501665800000000151e-06
4.858976199999999620e-06
8.607792900000000064e-06
1.402270800000000066e-05
2.128401800000000077e-05
3.050154999999999937e-05
4.172716500000000014e-05
5.494572499999999984e-05
7.019078300000000583e-05
8.758385699999999576e-05
1.073006499999999973e-04
1.295624299999999934e-04
1.546324699999999984e-04
1.827900400000000061e-04
2.143634500000000118e-04
2.497139799999999730e-04
2.892227499999999881e-04
3.333306900000000163e-04
3.825361600000000092e-04
4.373994599999999960e-04
4.985660200000000116e-04
5.667277400000000215e-04
6.426215499999999832e-04
7.270861299999999659e-04
8.210576899999999902e-04
9.255922599999999749e-04
1.041875399999999969e-03
1.171176600000000106e-03
1.314885999999999919e-03
1.474550800000000092e-03
1.651846499999999954e-03
1.848611399999999924e-03
2.066886200000000052e-03
2.308936299999999817e-03
2.577263800000000049e-03
2.874655900000000139e-03
3.204283400000000181e-03
3.569527099999999890e-03
3.974012199999999925e-03
4.421541299999999855e-03
4.916526800000000329e-03
5.464154599999999917e-03
6.069145599999999953e-03
6.736749700000000014e-03
7.471971600000000199e-03
8.268142900000000767e-03
9.055821999999999830e-03
9.655585600000000587e-03
9.920516600000000088e-03
9.920516600000000088e-03
9.920516600000000088e-03
9.920516600000000088e-03
9.920516600000000088e-03
