1.000000000000000008e-50
1.000000000000000008e-50
1.000000000000000008e-50
1.000000000000000008e-50
1.000000000000000008e-50
1.000000000000000008e-50
1.000000000000000008e-50
1.000000000000000008e-50
1.000000000000000008e-50
1.000000000000000008e-50
1.000000000000000008e-50
1.000000000000000008e-50
1.000000000000000008e-50
1.000000000000000008e-50
1.000000000000000008e-50
1.000000000000000008e-50
1.000000000000000008e-50
1.000000000000000008e-50
1.000000000000000008e-50
1.000000000000000008e-50
1.000000000000000008e-50
1.000000000000000008e-50
1.000000000000000008e-50
1.000000000000000008e-50
1.000000000000000008e-50
1.000000000000000008e-50
1.000000000000000008e-50
1.000000000000000008e-50
1.000000000000000008e-50
1.000000000000000008e-50
1.000000000000000008e-50
1.000000000000000008e-50
1.000000000000000008e-50
1.000000000000000008e-50
1.000000000000000008e-50
1.000000000000000008e-50
1.000000000000000008e-50
1.000000000000000008e-50
1.000000000000000008e-50
1.000000000000000008e-50
1.269959499999999900e-47
9.743080700000000066e-41
5.613173599999999804e-35
3.683902700000000062e-30
3.907266100000000286e-26
8.970563900000000193e-23
5.696775199999999640e-20
1.230094599999999966e-17
1.074955700000000003e-15
4.404221200000000025e-14
9.582551699999999969e-13
1.232483999999999982e-11
1.021362199999999979e-10
5.848047999999999656e-10
2.448699100000000160e-09
7.856312699999999759e-09
2.009247400000000107e-08
4.241428299999999937e-08
7.629880800000000547e-08
1.205016500000000036e-07
1.716971199999999908e-07
2.259750800000000092e-07
2.800590600000000125e-07
3.319206800000000020e-07
3.812733700000000209e-07
4.304516400000000130e-07
4.853505099999999856e-07
5.549104199999999723e-07
6.466539000000000489e-07
7.579889800000000321e-07
8.718595999999999517e-07
9.657852000000000261e-07
1.025395499999999939e-06
1.049148700000000096e-06
1.044091300000000084e-06
1.019661399999999903e-06
9.833911299999999895e-07
9.408088600000000123e-07
8.979507000000000152e-07
8.577736199999999866e-07
8.188208200000000324e-07
7.794202699999999476e-07
7.395682800000000053e-07
7.000467200000000382e-07
6.615241100000000432e-07
6.244971299999999788e-07
5.893495600000000118e-07
5.563164099999999951e-07
5.255088900000000485e-07
4.969481399999999891e-07
4.705833199999999954e-07
4.463197099999999959e-07
4.240275000000000030e-07
4.035199099999999940e-07
3.845399100000000186e-07
3.668225099999999979e-07
3.501996100000000138e-07
3.346084499999999922e-07
3.200242600000000241e-07
3.064226199999999884e-07
2.937606900000000195e-07
2.819331399999999924e-07
2.707620899999999819e-07
2.601018000000000243e-07
2.499669200000000052e-07
2.405035099999999902e-07
2.318389100000000067e-07
2.239979400000000124e-07
2.169264700000000039e-07
2.105403999999999998e-07
2.047504600000000048e-07
1.994785999999999874e-07
1.946731999999999965e-07
1.903099900000000049e-07
1.863510300000000018e-07
1.826611200000000087e-07
1.790007100000000094e-07
1.752606499999999978e-07
1.718188900000000095e-07
1.700356099999999895e-07
1.700356099999999895e-07
1.700356099999999895e-07
1.700356099999999895e-07
1.700356099999999895e-07
