1.247268299999999884e-04
1.247268299999999884e-04
1.247268299999999884e-04
1.247268299999999884e-04
1.247268299999999884e-04
1.247268299999999884e-04
1.247268299999999884e-04
1.247268299999999884e-04
1.247268299999999884e-04
1.247268299999999884e-04
1.247268299999999884e-04
1.247268299999999884e-04
1.247268299999999884e-04
1.247268299999999884e-04
1.247268299999999884e-04
1.247268299999999884e-04
1.247268299999999884e-04
1.247268299999999884e-04
1.247268299999999884e-04
1.247268299999999884e-04
1.247268299999999884e-04
1.247268299999999884e-04
1.247268299999999884e-04
1.247268299999999884e-04
1.247268299999999884e-04
1.247268299999999884e-04
1.247268299999999884e-04
1.247268299999999884e-04
1.247268299999999884e-04
1.247268299999999884e-04
1.247268299999999884e-04
1.247268299999999884e-04
1.247268299999999884e-04
1.247268299999999884e-04
1.247268299999999884e-04
1.247268299999999884e-04
1.247268299999999884e-04
1.247268299999999884e-04
1.247268299999999884e-04
1.247268299999999884e-04
1.247268299999999884e-04
1.333665800000000102e-04
1.271147600000000020e-04
1.140828199999999995e-04
9.867742899999999749e-05
8.316935200000000574e-05
6.865222800000000307e-05
5.559918399999999741e-05
4.419151399999999690e-05
3.448157299999999811e-05
2.653129400000000152e-05
2.067954599999999996e-05
1.752583599999999928e-05
1.831500900000000129e-05
2.383596500000000109e-05
3.430852899999999788e-05
4.982477099999999839e-05
7.062925599999999779e-05
9.728031600000000144e-05
1.307010100000000085e-04
1.721490599999999987e-04
2.231628000000000040e-04
2.855304000000000132e-04
3.614079600000000172e-04
4.540546400000000041e-04
5.702096299999999916e-04
7.254756699999999814e-04
9.543372300000000372e-04
1.328158299999999958e-03
1.985739499999999991e-03
3.163537499999999857e-03
5.169503199999999840e-03
8.248334899999999401e-03
1.240010599999999928e-02
1.730914799999999990e-02
2.245616099999999879e-02
2.732818799999999979e-02
3.160741899999999771e-02
3.533375300000000246e-02
3.884223299999999685e-02
4.251187900000000242e-02
4.669783200000000162e-02
5.174087200000000025e-02
5.792088000000000098e-02
6.539108300000000262e-02
7.413687300000000591e-02
8.396757000000000526e-02
9.454097999999999669e-02
1.054149399999999986e-01
1.161088299999999962e-01
1.261602900000000083e-01
1.351689600000000047e-01
1.428241799999999950e-01
1.489165399999999861e-01
1.533352199999999943e-01
1.560568499999999970e-01
1.571319499999999925e-01
1.566687800000000075e-01
1.548149400000000120e-01
1.517418399999999890e-01
1.476322300000000032e-01
1.426702199999999865e-01
1.370340800000000026e-01
1.308906699999999868e-01
1.243918700000000016e-01
1.176727800000000046e-01
1.108509000000000022e-01
1.040265199999999973e-01
9.728298000000000501e-02
9.068785499999999777e-02
8.429448500000000233e-02
7.814392900000000086e-02
7.226627400000000534e-02
6.668216200000000315e-02
6.140431100000000308e-02
5.643890399999999807e-02
5.178681300000000098e-02
4.744457900000000061e-02
4.340523500000000034e-02
3.965929299999999824e-02
3.965929299999999824e-02
3.965929299999999824e-02
3.965929299999999824e-02
3.965929299999999824e-02
