1.000000000000000008e-50
1.000000000000000008e-50
1.000000000000000008e-50
1.000000000000000008e-50
1.000000000000000008e-50
1.000000000000000008e-50
1.000000000000000008e-50
1.000000000000000008e-50
1.000000000000000008e-50
1.000000000000000008e-50
1.000000000000000008e-50
1.000000000000000008e-50
1.000000000000000008e-50
1.000000000000000008e-50
1.000000000000000008e-50
1.000000000000000008e-50
1.000000000000000008e-50
1.000000000000000008e-50
1.000000000000000008e-50
1.000000000000000008e-50
1.000000000000000008e-50
1.000000000000000008e-50
1.000000000000000008e-50
1.000000000000000008e-50
1.000000000000000008e-50
1.000000000000000008e-50
1.000000000000000008e-50
1.000000000000000008e-50
1.000000000000000008e-50
1.000000000000000008e-50
1.000000000000000008e-50
1.000000000000000008e-50
1.000000000000000008e-50
1.000000000000000008e-50
1.000000000000000008e-50
1.000000000000000008e-50
1.000000000000000008e-50
1.000000000000000008e-50
1.000000000000000008e-50
1.000000000000000008e-50
2.354388799999999997e-45
1.791583399999999932e-38
1.016310300000000038e-32
6.548810899999999605e-28
6.806722499999999823e-24
1.529441400000000127e-20
9.497426600000000588e-18
2.004137199999999973e-15
1.710929400000000069e-13
6.846248200000000005e-12
1.453962900000000006e-10
1.820086100000000068e-09
1.467714099999999995e-08
8.225070100000000043e-08
3.420711000000000117e-07
1.118075499999999998e-06
3.016555400000000050e-06
6.991180600000000011e-06
1.434917700000000019e-05
2.667727600000000055e-05
4.569558200000000081e-05
7.308313399999999795e-05
1.103243400000000063e-04
1.586998300000000103e-04
2.199246799999999972e-04
2.985102100000000145e-04
4.068592100000000033e-04
5.730682599999999734e-04
8.506035499999999852e-04
1.327491600000000075e-03
2.123965800000000067e-03
3.359945799999999871e-03
5.095893800000000050e-03
7.288877400000000166e-03
9.802212899999999257e-03
1.245722900000000022e-02
1.508555900000000012e-02
1.755912100000000045e-02
1.980933699999999978e-02
2.182992799999999844e-02
2.364761900000000167e-02
2.529338500000000156e-02
2.679230299999999995e-02
2.816245599999999891e-02
2.941658800000000046e-02
3.056296299999999855e-02
3.160529799999999695e-02
3.254307499999999770e-02
3.337187600000000171e-02
3.408383300000000088e-02
3.466858500000000176e-02
3.511426599999999815e-02
3.540944099999999983e-02
3.554750100000000218e-02
3.553239700000000029e-02
3.537929599999999758e-02
3.510689399999999960e-02
3.473143699999999695e-02
3.426757600000000098e-02
3.373002499999999682e-02
3.313552200000000059e-02
3.251100099999999771e-02
3.189936000000000160e-02
3.134278699999999696e-02
3.085250299999999987e-02
3.040414899999999837e-02
2.996541399999999924e-02
2.951989099999999949e-02
2.906844800000000020e-02
2.862117200000000028e-02
2.819225699999999835e-02
2.779602399999999904e-02
2.744295299999999910e-02
2.714311200000000049e-02
2.693242900000000078e-02
2.693222699999999956e-02
2.740742200000000073e-02
2.874778000000000056e-02
3.138683700000000076e-02
3.572425900000000126e-02
3.572425900000000126e-02
3.572425900000000126e-02
3.572425900000000126e-02
3.572425900000000126e-02
