1.000000000000000008e-50
1.000000000000000008e-50
1.000000000000000008e-50
1.000000000000000008e-50
1.000000000000000008e-50
1.000000000000000008e-50
1.000000000000000008e-50
1.000000000000000008e-50
1.000000000000000008e-50
1.000000000000000008e-50
1.000000000000000008e-50
1.000000000000000008e-50
1.000000000000000008e-50
1.000000000000000008e-50
1.000000000000000008e-50
1.000000000000000008e-50
1.000000000000000008e-50
1.000000000000000008e-50
1.000000000000000008e-50
1.000000000000000008e-50
1.000000000000000008e-50
1.000000000000000008e-50
1.000000000000000008e-50
1.000000000000000008e-50
1.000000000000000008e-50
1.000000000000000008e-50
1.000000000000000008e-50
1.000000000000000008e-50
1.000000000000000008e-50
1.000000000000000008e-50
1.000000000000000008e-50
1.000000000000000008e-50
1.000000000000000008e-50
1.000000000000000008e-50
1.000000000000000008e-50
1.000000000000000008e-50
1.000000000000000008e-50
1.000000000000000008e-50
1.000000000000000008e-50
1.000000000000000008e-50
1.101038900000000020e-46
1.117751000000000074e-39
7.672586999999999707e-34
5.709775099999999614e-29
6.680674399999999693e-25
1.663738499999999995e-21
1.133243500000000013e-18
2.603199500000000167e-16
2.404578400000000087e-14
1.035722799999999954e-12
2.360382700000000029e-11
3.189182299999999950e-10
2.797111999999999884e-09
1.718391100000000162e-08
7.895162499999999411e-08
2.870911800000000041e-07
8.669480500000000376e-07
2.260745199999999864e-06
5.246025300000000129e-06
1.107614599999999971e-05
2.163415299999999839e-05
3.960201600000000176e-05
6.867599099999999982e-05
1.139745500000000013e-04
1.832940100000000113e-04
2.912918500000000188e-04
4.713917800000000141e-04
8.050775899999999905e-04
1.485278399999999952e-03
2.924575200000000073e-03
5.859653700000000062e-03
1.129901699999999974e-02
2.016668699999999911e-02
3.275314499999999740e-02
4.838436900000000346e-02
6.560830700000000459e-02
8.273420400000000563e-02
9.836552099999999743e-02
1.117973500000000037e-01
1.230164400000000047e-01
1.323209999999999942e-01
1.400802600000000120e-01
1.466820400000000135e-01
1.524932999999999983e-01
1.578225099999999992e-01
1.629247500000000071e-01
1.680169499999999982e-01
1.732837200000000022e-01
1.788845000000000018e-01
1.849601999999999913e-01
1.916372899999999879e-01
1.990327000000000068e-01
2.072556600000000082e-01
2.164031100000000096e-01
2.265528900000000068e-01
2.377711700000000039e-01
2.501369299999999796e-01
2.637537899999999880e-01
2.787425700000000228e-01
2.952348100000000142e-01
3.133673200000000048e-01
3.332605699999999782e-01
3.550002999999999909e-01
3.786734900000000015e-01
4.044485999999999915e-01
4.326024700000000167e-01
4.634600199999999726e-01
4.973318199999999800e-01
5.345045899999999461e-01
5.752607699999999769e-01
6.198912800000000445e-01
6.687155000000000182e-01
7.221245099999999972e-01
7.806574400000000358e-01
8.451359999999999983e-01
9.169289999999999941e-01
9.986440100000000264e-01
1.095667799999999970e+00
1.218685299999999971e+00
1.386497300000000044e+00
1.386497300000000044e+00
1.386497300000000044e+00
1.386497300000000044e+00
1.386497300000000044e+00
