1.000000000000000008e-50
1.000000000000000008e-50
1.000000000000000008e-50
1.000000000000000008e-50
1.000000000000000008e-50
1.000000000000000008e-50
1.000000000000000008e-50
1.000000000000000008e-50
1.000000000000000008e-50
1.000000000000000008e-50
1.000000000000000008e-50
1.000000000000000008e-50
1.000000000000000008e-50
1.000000000000000008e-50
1.000000000000000008e-50
1.000000000000000008e-50
1.000000000000000008e-50
1.000000000000000008e-50
1.000000000000000008e-50
1.000000000000000008e-50
1.000000000000000008e-50
1.000000000000000008e-50
1.000000000000000008e-50
1.000000000000000008e-50
1.000000000000000008e-50
1.000000000000000008e-50
1.000000000000000008e-50
1.000000000000000008e-50
1.000000000000000008e-50
1.000000000000000008e-50
1.000000000000000008e-50
1.000000000000000008e-50
1.000000000000000008e-50
1.000000000000000008e-50
1.000000000000000008e-50
1.000000000000000008e-50
1.000000000000000008e-50
1.000000000000000008e-50
1.000000000000000008e-50
1.000000000000000008e-50
5.984395100000000289e-46
4.544331499999999991e-39
2.572118499999999988e-33
1.653216699999999927e-28
1.713471000000000074e-24
3.837915999999999859e-21
2.374624299999999984e-18
4.989519899999999889e-16
4.237553100000000152e-14
1.685011700000000079e-12
3.551759599999999894e-11
4.407819500000000032e-10
3.520308300000000095e-09
1.951861999999999892e-08
8.019914600000000255e-08
2.583719399999999998e-07
6.847792099999999614e-07
1.553054099999999944e-06
3.108311199999999924e-06
5.620145300000000199e-06
9.347413000000000217e-06
1.450745299999999935e-05
2.126158100000000124e-05
2.973823700000000054e-05
4.017066899999999999e-05
5.330647100000000268e-05
7.122848500000000316e-05
9.866782399999999642e-05
1.451630599999999965e-04
2.286949199999999995e-04
3.797299000000000182e-04
6.410251199999999908e-04
1.058196200000000031e-03
1.663094300000000046e-03
2.461647300000000069e-03
3.436124799999999875e-03
4.558662100000000252e-03
5.800934100000000246e-03
7.130688300000000146e-03
8.522594399999999792e-03
9.971140200000000800e-03
1.148366399999999933e-02
1.307180800000000073e-02
1.474924799999999953e-02
1.653118900000000169e-02
1.843509299999999962e-02
2.048075300000000085e-02
2.269062800000000088e-02
2.509085499999999871e-02
2.771167899999999948e-02
3.058813100000000104e-02
3.376092499999999719e-02
3.727705299999999750e-02
4.119113900000000161e-02
4.556735800000000225e-02
5.048097199999999896e-02
5.601981000000000321e-02
6.228601300000000118e-02
6.939851399999999448e-02
7.749602299999999722e-02
8.674040099999999476e-02
9.732105100000000564e-02
1.094596699999999950e-01
1.234146099999999940e-01
1.394848399999999988e-01
1.580160999999999927e-01
1.794103700000000134e-01
2.041359000000000090e-01
2.327356999999999898e-01
2.658419499999999935e-01
3.041855900000000057e-01
3.486130599999999746e-01
4.001137900000000247e-01
4.598470499999999794e-01
5.292122000000000215e-01
6.099503699999999640e-01
7.040332999999999730e-01
8.121789400000000159e-01
9.316385099999999753e-01
1.060856699999999986e+00
1.060856699999999986e+00
1.060856699999999986e+00
1.060856699999999986e+00
1.060856699999999986e+00
