4.035377700000000090e+01
4.035377700000000090e+01
4.035377700000000090e+01
4.035377700000000090e+01
4.035377700000000090e+01
4.035377700000000090e+01
4.035377700000000090e+01
4.035377700000000090e+01
4.035377700000000090e+01
4.035377700000000090e+01
4.035377700000000090e+01
4.035377700000000090e+01
4.035377700000000090e+01
4.035377700000000090e+01
4.035377700000000090e+01
4.035377700000000090e+01
4.035377700000000090e+01
4.035377700000000090e+01
4.035377700000000090e+01
4.035377700000000090e+01
4.035377700000000090e+01
4.035377700000000090e+01
4.035377700000000090e+01
4.035377700000000090e+01
4.035377700000000090e+01
4.035377700000000090e+01
4.035377700000000090e+01
4.035377700000000090e+01
4.035377700000000090e+01
4.035377700000000090e+01
4.035377700000000090e+01
4.035377700000000090e+01
4.035377700000000090e+01
4.035377700000000090e+01
4.035377700000000090e+01
4.035377700000000090e+01
4.035377700000000090e+01
4.035377700000000090e+01
4.035377700000000090e+01
4.035377700000000090e+01
4.035377700000000090e+01
3.979651799999999895e+01
3.845753700000000208e+01
3.658054800000000029e+01
3.435057100000000219e+01
3.190935800000000100e+01
2.936634099999999847e+01
2.680433100000000124e+01
2.428521800000000042e+01
2.185376300000000072e+01
1.957250099999999904e+01
1.761368900000000082e+01
1.595420099999999941e+01
1.454644700000000057e+01
1.335035700000000070e+01
1.233227699999999949e+01
1.146376500000000043e+01
1.072076400000000085e+01
1.008291499999999985e+01
9.533150900000000760e+00
9.057235000000000369e+00
8.643208700000000633e+00
8.281046200000000468e+00
7.962380300000000410e+00
7.680204800000000276e+00
7.428550999999999682e+00
7.202522300000000044e+00
6.998204600000000219e+00
6.811987799999999815e+00
6.640207300000000146e+00
6.478465599999999824e+00
6.319962000000000302e+00
6.155458300000000271e+00
5.977961800000000103e+00
5.782435800000000015e+00
5.562195000000000000e+00
5.309500400000000120e+00
5.028700800000000193e+00
4.751452300000000406e+00
4.500145500000000354e+00
4.266572799999999610e+00
4.036236699999999900e+00
3.802338100000000054e+00
3.564088799999999946e+00
3.323383600000000104e+00
3.083225000000000104e+00
2.846787099999999793e+00
2.616848599999999969e+00
2.395643600000000095e+00
2.184861999999999860e+00
1.985691600000000001e+00
1.798886299999999938e+00
1.624841299999999933e+00
1.463656400000000080e+00
1.315180299999999969e+00
1.179062000000000054e+00
1.054813999999999918e+00
9.418546899999999944e-01
8.395287099999999558e-01
7.471347699999999481e-01
6.639516399999999541e-01
5.892575899999999978e-01
5.223460599999999454e-01
4.625350400000000084e-01
4.091743700000000095e-01
3.616513800000000223e-01
3.193940000000000112e-01
2.818726699999999918e-01
2.485991700000000082e-01
2.191260899999999956e-01
1.930456799999999973e-01
1.699888200000000127e-01
1.496220500000000064e-01
1.316450899999999924e-01
1.157884599999999958e-01
1.018109999999999987e-01
8.949742400000000597e-02
7.865562700000000573e-02
6.911412699999999742e-02
6.072008200000000161e-02
6.072008200000000161e-02
6.072008200000000161e-02
6.072008200000000161e-02
6.072008200000000161e-02
