1.000000000000000008e-50
1.000000000000000008e-50
1.000000000000000008e-50
1.000000000000000008e-50
1.000000000000000008e-50
1.000000000000000008e-50
1.000000000000000008e-50
1.000000000000000008e-50
1.000000000000000008e-50
1.000000000000000008e-50
1.000000000000000008e-50
1.000000000000000008e-50
1.000000000000000008e-50
1.000000000000000008e-50
1.000000000000000008e-50
1.000000000000000008e-50
1.000000000000000008e-50
1.000000000000000008e-50
1.000000000000000008e-50
1.000000000000000008e-50
1.000000000000000008e-50
1.000000000000000008e-50
1.000000000000000008e-50
1.000000000000000008e-50
1.000000000000000008e-50
1.000000000000000008e-50
1.000000000000000008e-50
1.000000000000000008e-50
1.000000000000000008e-50
1.000000000000000008e-50
1.000000000000000008e-50
1.000000000000000008e-50
1.000000000000000008e-50
1.000000000000000008e-50
1.000000000000000008e-50
1.000000000000000008e-50
1.000000000000000008e-50
1.000000000000000008e-50
1.000000000000000008e-50
1.000000000000000008e-50
3.322567400000000096e-43
2.529276399999999917e-36
1.435353100000000067e-30
9.251933699999999698e-26
9.618585499999999674e-22
2.161487599999999983e-18
1.341993299999999939e-15
2.829835199999999942e-13
2.412009100000000065e-11
9.625170899999999631e-10
2.035871799999999996e-08
2.535095699999999737e-07
2.031342800000000181e-06
1.129889600000000025e-05
4.656080900000000112e-05
1.503491599999999908e-04
3.990173500000000024e-04
9.050816600000000361e-04
1.809469599999999952e-03
3.264656999999999802e-03
5.413667599999999816e-03
8.372862000000000013e-03
1.222618200000000037e-02
1.704389499999999988e-02
2.296993900000000172e-02
3.046872100000000069e-02
4.081846900000000306e-02
5.692478299999999963e-02
8.473662299999999703e-02
1.357657600000000131e-01
2.301332100000000047e-01
3.969524199999999725e-01
6.678011700000000550e-01
1.063603499999999924e+00
1.583278600000000091e+00
2.203139300000000134e+00
2.887245800000000084e+00
3.601005999999999929e+00
4.320988599999999735e+00
5.038213599999999737e+00
5.752250000000000085e+00
6.465121400000000129e+00
7.179295899999999619e+00
7.897250399999999892e+00
8.621102099999999879e+00
9.352971800000000613e+00
1.009489400000000003e+01
1.084873800000000088e+01
1.161646499999999982e+01
1.240005900000000061e+01
1.320151800000000009e+01
1.402287899999999965e+01
1.486606699999999925e+01
1.573294899999999963e+01
1.662545300000000026e+01
1.754550400000000110e+01
1.849502400000000080e+01
1.947591099999999997e+01
2.049002199999999974e+01
2.153919799999999896e+01
2.262527000000000044e+01
2.375007700000000099e+01
2.491546100000000052e+01
2.612322800000000100e+01
2.737511299999999892e+01
2.867276299999999978e+01
3.001780499999999918e+01
3.141177199999999914e+01
3.285581700000000183e+01
3.435117400000000032e+01
3.589869699999999852e+01
3.749910899999999714e+01
3.915365800000000007e+01
4.086342299999999739e+01
4.262986699999999729e+01
4.445293399999999906e+01
4.631130300000000233e+01
4.807537899999999809e+01
4.943730699999999700e+01
5.018882200000000182e+01
5.018882200000000182e+01
5.018882200000000182e+01
5.018882200000000182e+01
5.018882200000000182e+01
