5.853771799999999996e-11
5.853771799999999996e-11
5.853771799999999996e-11
5.853771799999999996e-11
5.853771799999999996e-11
5.853771799999999996e-11
5.853771799999999996e-11
5.853771799999999996e-11
5.853771799999999996e-11
5.853771799999999996e-11
5.853771799999999996e-11
5.853771799999999996e-11
5.853771799999999996e-11
5.853771799999999996e-11
5.853771799999999996e-11
5.853771799999999996e-11
5.853771799999999996e-11
5.853771799999999996e-11
5.853771799999999996e-11
5.853771799999999996e-11
5.853771799999999996e-11
5.853771799999999996e-11
5.853771799999999996e-11
5.853771799999999996e-11
5.853771799999999996e-11
5.853771799999999996e-11
5.853771799999999996e-11
5.853771799999999996e-11
5.853771799999999996e-11
5.853771799999999996e-11
5.853771799999999996e-11
5.853771799999999996e-11
5.853771799999999996e-11
5.853771799999999996e-11
5.853771799999999996e-11
5.853771799999999996e-11
5.853771799999999996e-11
5.853771799999999996e-11
5.853771799999999996e-11
5.853771799999999996e-11
5.853771799999999996e-11
5.853771799999999996e-11
5.853771799999999996e-11
5.853771799999999996e-11
5.853771799999999996e-11
5.853771799999999996e-11
5.853771799999999996e-11
5.853771799999999996e-11
5.853771799999999996e-11
5.853771799999999996e-11
5.853771799999999996e-11
5.853771799999999996e-11
5.853771799999999996e-11
5.853771799999999996e-11
5.853771799999999996e-11
5.853771799999999996e-11
2.099256899999999991e-10
5.744331199999999922e-10
1.286174400000000074e-09
2.481054800000000112e-09
4.275227800000000054e-09
6.750665100000000315e-09
9.952569199999999840e-09
1.391079900000000008e-08
1.872943300000000087e-08
2.483159399999999990e-08
3.343441300000000276e-08
4.729023799999999838e-08
7.176763399999999367e-08
1.161865800000000051e-07
1.946427600000000075e-07
3.257477100000000197e-07
5.328559000000000248e-07
8.474833099999999525e-07
1.319607600000000078e-06
2.042447699999999944e-06
3.189223300000000132e-06
4.988642099999999804e-06
7.581302799999999726e-06
1.099155500000000017e-05
1.527230099999999884e-05
2.062549099999999968e-05
2.746355399999999994e-05
3.639979200000000151e-05
4.815699899999999710e-05
6.342334499999999610e-05
8.269701300000000010e-05
1.061631400000000028e-04
1.336369600000000054e-04
1.645778999999999884e-04
1.981588900000000038e-04
2.333672199999999920e-04
2.691138499999999882e-04
3.043320500000000028e-04
3.380522600000000267e-04
3.694519500000000229e-04
3.978865300000000152e-04
4.228986500000000070e-04
4.442051400000000165e-04
4.616760199999999769e-04
4.753106799999999945e-04
4.852126399999999928e-04
4.915667199999999718e-04
4.946170399999999870e-04
4.946470700000000142e-04
4.919623400000000275e-04
4.868753200000000255e-04
4.796949599999999776e-04
4.707173200000000220e-04
4.602205400000000191e-04
4.484621300000000261e-04
4.356794500000000050e-04
4.220879000000000080e-04
4.078808000000000065e-04
3.932302999999999949e-04
3.782889699999999805e-04
3.631919999999999745e-04
3.480591500000000064e-04
3.329953100000000005e-04
3.180915999999999887e-04
3.180915999999999887e-04
3.180915999999999887e-04
3.180915999999999887e-04
3.180915999999999887e-04
