1.000000000000000008e-50
1.000000000000000008e-50
1.000000000000000008e-50
1.000000000000000008e-50
1.000000000000000008e-50
1.000000000000000008e-50
1.000000000000000008e-50
1.000000000000000008e-50
1.000000000000000008e-50
1.000000000000000008e-50
1.000000000000000008e-50
1.000000000000000008e-50
1.000000000000000008e-50
1.000000000000000008e-50
1.000000000000000008e-50
1.000000000000000008e-50
1.000000000000000008e-50
1.000000000000000008e-50
1.000000000000000008e-50
1.000000000000000008e-50
1.000000000000000008e-50
1.000000000000000008e-50
1.000000000000000008e-50
1.000000000000000008e-50
1.000000000000000008e-50
1.000000000000000008e-50
1.000000000000000008e-50
1.000000000000000008e-50
1.000000000000000008e-50
1.000000000000000008e-50
1.000000000000000008e-50
1.000000000000000008e-50
1.000000000000000008e-50
1.000000000000000008e-50
1.000000000000000008e-50
1.000000000000000008e-50
1.000000000000000008e-50
1.000000000000000008e-50
1.000000000000000008e-50
1.000000000000000008e-50
5.260169200000000286e-48
3.985450299999999830e-41
2.250066900000000094e-35
1.442130599999999967e-30
1.490063099999999867e-26
3.326345599999999983e-23
2.050737199999999865e-20
4.292638300000000200e-18
3.631156200000000212e-16
1.437839899999999890e-14
3.017307299999999748e-13
3.726377800000000064e-12
2.959936899999999753e-11
1.631132099999999978e-10
6.656203799999999588e-10
2.128265000000000198e-09
5.595613700000000223e-09
1.258695700000000001e-08
2.498873400000000086e-08
4.483266499999999761e-08
7.402143600000000486e-08
1.141059399999999969e-07
1.662234700000000032e-07
2.314170099999999968e-07
3.120853400000000207e-07
4.160922500000000246e-07
5.650512700000000482e-07
8.079198200000000329e-07
1.242013300000000101e-06
2.041351900000000062e-06
3.479984000000000121e-06
5.937389499999999712e-06
9.906823099999999261e-06
1.604918299999999890e-05
2.535285700000000154e-05
3.952615100000000042e-05
6.161735399999999810e-05
9.566292199999999529e-05
1.438889999999999907e-04
2.054698700000000006e-04
2.787902199999999940e-04
3.630942000000000175e-04
4.588859199999999780e-04
5.678172399999999913e-04
6.921842600000000303e-04
8.344872999999999614e-04
9.971076999999999198e-04
1.181988500000000089e-03
1.390469799999999919e-03
1.623266400000000081e-03
1.880515300000000023e-03
2.161915600000000135e-03
2.466837500000000107e-03
2.794202799999999810e-03
3.142140800000000136e-03
3.508038299999999884e-03
3.889427500000000159e-03
4.284681999999999727e-03
4.692890899999999782e-03
5.113625600000000319e-03
5.546641799999999997e-03
5.990739299999999802e-03
6.442666300000000207e-03
6.898759899999999841e-03
7.359051000000000134e-03
7.828787199999999447e-03
8.315323399999999601e-03
8.824768999999999669e-03
9.361373799999999495e-03
9.928469800000000803e-03
1.052916400000000058e-02
1.116721300000000049e-02
1.184819999999999970e-02
1.257978899999999921e-02
1.336795099999999945e-02
1.420587100000000012e-02
1.506192800000000047e-02
1.588253499999999971e-02
1.661134900000000095e-02
1.722036999999999873e-02
1.722036999999999873e-02
1.722036999999999873e-02
1.722036999999999873e-02
1.722036999999999873e-02
