1.000000000000000008e-50
1.000000000000000008e-50
1.000000000000000008e-50
1.000000000000000008e-50
1.000000000000000008e-50
1.000000000000000008e-50
1.000000000000000008e-50
1.000000000000000008e-50
1.000000000000000008e-50
1.000000000000000008e-50
1.000000000000000008e-50
1.000000000000000008e-50
1.000000000000000008e-50
1.000000000000000008e-50
1.000000000000000008e-50
1.000000000000000008e-50
1.000000000000000008e-50
1.000000000000000008e-50
1.000000000000000008e-50
1.000000000000000008e-50
1.000000000000000008e-50
1.000000000000000008e-50
1.000000000000000008e-50
1.000000000000000008e-50
1.000000000000000008e-50
1.000000000000000008e-50
1.000000000000000008e-50
1.000000000000000008e-50
1.000000000000000008e-50
1.000000000000000008e-50
1.000000000000000008e-50
1.000000000000000008e-50
1.000000000000000008e-50
1.000000000000000008e-50
1.000000000000000008e-50
1.000000000000000008e-50
1.000000000000000008e-50
1.000000000000000008e-50
1.000000000000000008e-50
1.000000000000000008e-50
1.070965500000000062e-45
8.120888399999999487e-39
4.587478199999999779e-33
2.941151700000000011e-28
3.038847900000000174e-24
6.781060400000000043e-21
4.177261399999999998e-18
8.733693299999999531e-16
7.377141300000000202e-14
2.916238899999999872e-12
6.103728399999999928e-11
7.469941800000000320e-10
5.747416799999999798e-09
2.928212700000000120e-08
1.031124799999999979e-07
2.635081399999999846e-07
5.195925400000000115e-07
8.430887300000000130e-07
1.189078000000000002e-06
1.517629000000000043e-06
1.801796399999999912e-06
2.027204799999999883e-06
2.189509400000000176e-06
2.292784599999999925e-06
2.350640200000000127e-06
2.389648799999999949e-06
2.449713100000000112e-06
2.575416600000000017e-06
2.801411700000000069e-06
3.142449000000000057e-06
3.593276900000000030e-06
4.140980699999999694e-06
4.786946500000000400e-06
5.563120199999999734e-06
6.544412299999999697e-06
7.875107700000000610e-06
9.783867199999999220e-06
1.245173300000000000e-05
1.576236699999999978e-05
1.940751899999999873e-05
2.317034299999999833e-05
2.698649099999999857e-05
3.090546000000000140e-05
3.503883900000000071e-05
3.950804400000000225e-05
4.442149699999999995e-05
4.986764499999999983e-05
5.590926199999999956e-05
6.258634200000000238e-05
6.992352999999999763e-05
7.793734800000000134e-05
8.664480199999999971e-05
9.606826100000000310e-05
1.062290000000000022e-04
1.171315399999999976e-04
1.287656900000000123e-04
1.411426900000000058e-04
1.543204200000000020e-04
1.683942699999999926e-04
1.834860799999999900e-04
1.997317899999999900e-04
2.172342299999999898e-04
2.360147199999999899e-04
2.560767300000000028e-04
2.775803899999999954e-04
3.009220999999999966e-04
3.266185699999999813e-04
3.551690000000000142e-04
3.870269299999999743e-04
4.226411599999999784e-04
4.624875600000000176e-04
5.071144499999999606e-04
5.572062699999999827e-04
6.135885000000000427e-04
6.769387099999999574e-04
7.468614300000000475e-04
8.205367599999999640e-04
8.920684200000000407e-04
9.532995700000000076e-04
9.963552699999999891e-04
9.963552699999999891e-04
9.963552699999999891e-04
9.963552699999999891e-04
9.963552699999999891e-04
