1.074692900000000008e-07
1.074692900000000008e-07
1.074692900000000008e-07
1.074692900000000008e-07
1.074692900000000008e-07
1.074692900000000008e-07
1.074692900000000008e-07
1.074692900000000008e-07
1.074692900000000008e-07
1.074692900000000008e-07
1.074692900000000008e-07
1.074692900000000008e-07
1.074692900000000008e-07
1.074692900000000008e-07
1.074692900000000008e-07
1.074692900000000008e-07
1.074692900000000008e-07
1.074692900000000008e-07
1.074692900000000008e-07
1.074692900000000008e-07
1.074692900000000008e-07
1.074692900000000008e-07
1.074692900000000008e-07
1.074692900000000008e-07
1.074692900000000008e-07
1.074692900000000008e-07
1.074692900000000008e-07
1.074692900000000008e-07
1.074692900000000008e-07
1.074692900000000008e-07
1.074692900000000008e-07
1.074692900000000008e-07
1.074692900000000008e-07
1.074692900000000008e-07
1.074692900000000008e-07
1.074692900000000008e-07
1.074692900000000008e-07
1.074692900000000008e-07
1.074692900000000008e-07
1.074692900000000008e-07
1.074692900000000008e-07
1.403361399999999984e-07
1.735243500000000116e-07
2.154509900000000048e-07
2.895867700000000236e-07
4.477530099999999826e-07
7.725610700000000473e-07
1.351298600000000093e-06
2.229442399999999849e-06
3.391836199999999891e-06
5.048987800000000069e-06
9.666887999999999390e-06
2.644994100000000114e-05
6.860463600000000226e-05
1.419592800000000067e-04
2.458836199999999794e-04
3.787381899999999911e-04
5.406911199999999990e-04
7.348880600000000330e-04
9.674818899999999833e-04
1.247119699999999897e-03
1.584635700000000058e-03
1.993329099999999882e-03
2.490766399999999863e-03
3.105542700000000003e-03
3.896718600000000175e-03
4.996852700000000216e-03
6.697535200000000188e-03
9.624402799999999189e-03
1.508519200000000074e-02
2.560579899999999853e-02
4.541867499999999863e-02
8.066428999999999960e-02
1.395807099999999967e-01
2.339375099999999874e-01
3.835512699999999997e-01
6.227919200000000544e-01
9.933538600000000329e-01
1.510051899999999891e+00
2.152655199999999880e+00
2.897286600000000156e+00
3.732588300000000192e+00
4.658339200000000346e+00
5.681229400000000318e+00
6.809931500000000248e+00
8.050266999999999840e+00
9.401185999999999154e+00
1.085209900000000083e+01
1.238231500000000018e+01
1.396238600000000041e+01
1.555676300000000012e+01
1.712711399999999884e+01
1.863568300000000022e+01
2.004812300000000036e+01
2.133536099999999891e+01
2.247463799999999878e+01
2.345011900000000082e+01
2.425287300000000101e+01
2.488005499999999870e+01
2.533398199999999889e+01
2.562117299999999886e+01
2.575138400000000161e+01
2.573673900000000003e+01
2.559087800000000001e+01
2.532822099999999921e+01
2.496341500000000124e+01
2.451087199999999910e+01
2.398447900000000033e+01
2.339725699999999975e+01
2.276119200000000120e+01
2.208715099999999865e+01
2.138494999999999990e+01
2.066329999999999956e+01
1.992983900000000119e+01
1.919121200000000016e+01
1.845316299999999998e+01
1.772063199999999838e+01
1.699781099999999867e+01
1.628816899999999990e+01
1.559457199999999943e+01
1.559457199999999943e+01
1.559457199999999943e+01
1.559457199999999943e+01
1.559457199999999943e+01
