1.459328999999999932e-04
1.459328999999999932e-04
1.459328999999999932e-04
1.459328999999999932e-04
1.459328999999999932e-04
1.459328999999999932e-04
1.459328999999999932e-04
1.459328999999999932e-04
1.459328999999999932e-04
1.459328999999999932e-04
1.459328999999999932e-04
1.459328999999999932e-04
1.459328999999999932e-04
1.459328999999999932e-04
1.459328999999999932e-04
1.459328999999999932e-04
1.459328999999999932e-04
1.459328999999999932e-04
1.459328999999999932e-04
1.459328999999999932e-04
1.459328999999999932e-04
1.459328999999999932e-04
1.459328999999999932e-04
1.459328999999999932e-04
1.459328999999999932e-04
1.459328999999999932e-04
1.459328999999999932e-04
1.459328999999999932e-04
1.459328999999999932e-04
1.459328999999999932e-04
1.459328999999999932e-04
1.459328999999999932e-04
1.459328999999999932e-04
1.459328999999999932e-04
1.459328999999999932e-04
1.459328999999999932e-04
1.459328999999999932e-04
1.459328999999999932e-04
1.459328999999999932e-04
1.459328999999999932e-04
1.459328999999999932e-04
9.802893499999999489e-05
6.534530300000000085e-05
4.325858199999999687e-05
2.843592000000000133e-05
1.854760499999999875e-05
1.198668599999999998e-05
7.658557899999999995e-06
4.825616700000000028e-06
2.992373599999999877e-06
1.825875999999999931e-06
1.100573200000000081e-06
6.548668300000000287e-07
3.844062300000000216e-07
2.227517899999999877e-07
1.277072500000000003e-07
7.271468099999999390e-08
4.133393999999999882e-08
2.360321399999999839e-08
1.362828399999999922e-08
8.001976300000000174e-09
4.795486599999999693e-09
2.935731300000000160e-09
1.832311499999999913e-09
1.161266000000000030e-09
7.435486999999999803e-10
4.786098100000000475e-10
3.084880499999999850e-10
1.985945600000000047e-10
1.276378800000000022e-10
8.212618699999999449e-11
5.324041300000000105e-11
3.510916699999999941e-11
2.383077699999999944e-11
1.677503599999999969e-11
1.221935900000000078e-11
9.135993399999999267e-12
6.995997199999999674e-12
5.555370700000000390e-12
4.615441799999999798e-12
3.975694299999999651e-12
3.489825299999999997e-12
3.076075400000000127e-12
2.697702000000000050e-12
2.343327099999999813e-12
2.013433800000000007e-12
1.712079200000000054e-12
1.442706799999999989e-12
1.206738000000000022e-12
1.003552700000000044e-12
8.310073400000000096e-13
6.860562399999999771e-13
5.652765500000000184e-13
4.652359999999999575e-13
3.827156799999999790e-13
3.148290799999999964e-13
2.590699100000000043e-13
2.133080400000000013e-13
1.757568899999999923e-13
1.449336500000000062e-13
1.196170200000000056e-13
9.880597899999999570e-14
8.168262899999999879e-14
6.757955200000000575e-14
5.595235400000000295e-14
4.635698199999999822e-14
3.843098199999999998e-14
3.187825099999999831e-14
2.645645899999999858e-14
2.196703400000000077e-14
1.824706199999999997e-14
1.516277999999999984e-14
1.260415700000000062e-14
1.048056099999999987e-14
8.717266599999999575e-15
7.252593500000000731e-15
6.035577999999999720e-15
5.024055399999999876e-15
4.183088500000000170e-15
3.483712999999999816e-15
3.483712999999999816e-15
3.483712999999999816e-15
3.483712999999999816e-15
3.483712999999999816e-15
