1.000000000000000008e-50
1.000000000000000008e-50
1.000000000000000008e-50
1.000000000000000008e-50
1.000000000000000008e-50
1.000000000000000008e-50
1.000000000000000008e-50
1.000000000000000008e-50
1.000000000000000008e-50
1.000000000000000008e-50
1.000000000000000008e-50
1.000000000000000008e-50
1.000000000000000008e-50
1.000000000000000008e-50
1.000000000000000008e-50
1.000000000000000008e-50
1.000000000000000008e-50
1.000000000000000008e-50
1.000000000000000008e-50
1.000000000000000008e-50
1.000000000000000008e-50
1.000000000000000008e-50
1.000000000000000008e-50
1.000000000000000008e-50
1.000000000000000008e-50
1.000000000000000008e-50
1.000000000000000008e-50
1.000000000000000008e-50
1.000000000000000008e-50
1.000000000000000008e-50
1.000000000000000008e-50
1.000000000000000008e-50
1.000000000000000008e-50
1.000000000000000008e-50
1.000000000000000008e-50
1.000000000000000008e-50
1.000000000000000008e-50
1.000000000000000008e-50
1.000000000000000008e-50
1.000000000000000008e-50
5.166981400000000058e+00
1.203021700000000038e+01
2.777882200000000168e+01
5.666028000000000020e+01
1.028269800000000060e+02
1.681865200000000016e+02
2.512016999999999882e+02
3.467477499999999964e+02
4.470587800000000129e+02
5.449542800000000398e+02
6.510404899999999770e+02
8.428744500000000244e+02
1.156713600000000042e+03
1.375759199999999964e+03
1.409957000000000107e+03
1.341274499999999989e+03
1.242707100000000082e+03
1.149095499999999902e+03
1.073556800000000067e+03
1.019323499999999967e+03
9.853569999999999709e+02
9.689665300000000343e+02
9.670935500000000502e+02
9.768952900000000454e+02
9.959101299999999810e+02
1.021940200000000004e+03
1.052819899999999961e+03
1.086248299999999972e+03
1.120020999999999958e+03
1.152490199999999959e+03
1.181611699999999928e+03
1.203030500000000075e+03
1.210135700000000043e+03
1.196830300000000079e+03
1.159461600000000089e+03
1.097121000000000095e+03
1.011749900000000025e+03
9.112060300000000552e+02
8.106057499999999436e+02
7.210177200000000539e+02
6.440053500000000213e+02
5.773449500000000398e+02
5.188570499999999583e+02
4.669550800000000095e+02
4.205397899999999822e+02
3.788384800000000041e+02
3.412636899999999969e+02
3.073412700000000086e+02
2.766781799999999976e+02
2.489429299999999898e+02
2.238537399999999877e+02
2.011663800000000037e+02
1.806698800000000062e+02
1.621902399999999886e+02
1.455874399999999866e+02
1.307320699999999931e+02
1.174777100000000019e+02
1.056628299999999996e+02
9.512960699999999292e+01
8.573429299999999387e+01
7.735150699999999802e+01
6.988315500000000213e+01
6.325759399999999744e+01
5.740311599999999714e+01
5.222176799999999730e+01
4.760019199999999984e+01
4.344231800000000021e+01
3.968365800000000121e+01
3.628245199999999926e+01
3.320775299999999675e+01
3.043354199999999921e+01
2.793554100000000062e+01
2.568871700000000047e+01
2.366808599999999885e+01
2.185719699999999932e+01
2.026341700000000046e+01
1.892005899999999841e+01
1.784601200000000176e+01
1.699469699999999861e+01
1.628033900000000145e+01
1.628033900000000145e+01
1.628033900000000145e+01
1.628033900000000145e+01
1.628033900000000145e+01
