1.000000000000000008e-50
1.000000000000000008e-50
1.000000000000000008e-50
1.000000000000000008e-50
1.000000000000000008e-50
1.000000000000000008e-50
1.000000000000000008e-50
1.000000000000000008e-50
1.000000000000000008e-50
1.000000000000000008e-50
1.000000000000000008e-50
1.000000000000000008e-50
1.000000000000000008e-50
1.000000000000000008e-50
1.000000000000000008e-50
1.000000000000000008e-50
1.000000000000000008e-50
1.000000000000000008e-50
1.000000000000000008e-50
1.000000000000000008e-50
1.000000000000000008e-50
1.000000000000000008e-50
1.000000000000000008e-50
1.000000000000000008e-50
1.000000000000000008e-50
1.000000000000000008e-50
1.000000000000000008e-50
1.000000000000000008e-50
1.000000000000000008e-50
1.000000000000000008e-50
1.000000000000000008e-50
1.000000000000000008e-50
1.000000000000000008e-50
1.000000000000000008e-50
1.000000000000000008e-50
1.000000000000000008e-50
1.000000000000000008e-50
1.000000000000000008e-50
1.000000000000000008e-50
1.000000000000000008e-50
7.272803499999999886e-44
5.535386799999999793e-37
3.140970700000000034e-31
2.024463700000000041e-26
2.104630799999999956e-22
4.729593300000000276e-19
2.936718700000000058e-16
6.194071900000000219e-14
5.281931300000000237e-12
2.109311899999999911e-10
4.465965299999999779e-09
5.567452200000000041e-08
4.466069899999999870e-07
2.486422599999999849e-06
1.025387800000000002e-05
3.314109399999999708e-05
8.809579799999999892e-05
2.003921400000000116e-04
4.023950199999999731e-04
7.303923499999999663e-04
1.220321799999999962e-03
1.903962300000000031e-03
2.807435599999999823e-03
3.955990199999999575e-03
5.398593600000000346e-03
7.280600199999999987e-03
9.994334900000000424e-03
1.442827799999999924e-02
2.233594800000000130e-02
3.674342600000000264e-02
6.191565300000000105e-02
1.021992199999999934e-01
1.599580200000000063e-01
2.340823499999999946e-01
3.203338499999999756e-01
4.131510400000000249e-01
5.076107699999999889e-01
6.005594800000000344e-01
6.907599100000000325e-01
7.785250799999999805e-01
8.647485400000000100e-01
9.502629500000000506e-01
1.035736599999999896e+00
1.121704400000000046e+00
1.208568199999999981e+00
1.296680700000000019e+00
1.386349599999999960e+00
1.477839399999999914e+00
1.571413900000000030e+00
1.667331399999999908e+00
1.765847399999999956e+00
1.867219600000000090e+00
1.971690100000000001e+00
2.079494299999999907e+00
2.190877200000000080e+00
2.306087100000000056e+00
2.425374999999999837e+00
2.548993100000000123e+00
2.677193799999999957e+00
2.810233499999999829e+00
2.948374100000000109e+00
3.091887799999999853e+00
3.241056500000000007e+00
3.396169299999999946e+00
3.557517300000000215e+00
3.725392799999999838e+00
3.900100099999999959e+00
4.081949899999999687e+00
4.271224799999999711e+00
4.468241400000000141e+00
4.673295399999999766e+00
4.886700099999999658e+00
5.108891100000000129e+00
5.340401400000000187e+00
5.582098399999999572e+00
5.835299700000000200e+00
6.099824899999999772e+00
6.363390299999999833e+00
6.592763999999999847e+00
6.770848599999999884e+00
6.770848599999999884e+00
6.770848599999999884e+00
6.770848599999999884e+00
6.770848599999999884e+00
