# Jane Fox 2015 "Water..."
1.000000000000000008e-50
1.000000000000000008e-50
1.000000000000000008e-50
1.000000000000000008e-50
1.000000000000000008e-50
1.000000000000000008e-50
1.000000000000000008e-50
1.000000000000000008e-50
1.000000000000000008e-50
1.000000000000000008e-50
1.000000000000000008e-50
1.000000000000000008e-50
1.000000000000000008e-50
1.000000000000000008e-50
1.000000000000000008e-50
1.000000000000000008e-50
1.000000000000000008e-50
1.000000000000000008e-50
1.000000000000000008e-50
1.000000000000000008e-50
1.000000000000000008e-50
1.000000000000000008e-50
1.000000000000000008e-50
1.000000000000000008e-50
1.000000000000000008e-50
1.000000000000000008e-50
1.000000000000000008e-50
1.000000000000000008e-50
1.000000000000000008e-50
1.000000000000000008e-50
1.000000000000000008e-50
1.000000000000000008e-50
1.000000000000000008e-50
1.000000000000000008e-50
1.000000000000000008e-50
1.000000000000000008e-50
1.000000000000000008e-50
1.000000000000000008e-50
1.299673352570198222e+04
1.455511290962560997e+04
1.617995724167264234e+04
1.787181587821627545e+04
1.956367451475990674e+04
2.125553315130354167e+04
2.294739178784717660e+04
2.463925042439080789e+04
2.723883365016082462e+04
2.984167894685932697e+04
3.244452424355782568e+04
3.504736954025633167e+04
3.765021483695483039e+04
4.175591998089504341e+04
5.036408991017777589e+04
5.897225983946051565e+04
6.744059061167218897e+04
7.464094160939981521e+04
8.184129260712744144e+04
8.904164360485508223e+04
9.624199460258270847e+04
1.003957392832276964e+05
9.904864100670375046e+04
9.770154273017980449e+04
9.635444445365585852e+04
9.500734617713192711e+04
9.366024790060798114e+04
9.231314962408403517e+04
9.096605134756008920e+04
8.643216019576747203e+04
8.150835350262385327e+04
7.658454680948021996e+04
7.166074011633660120e+04
6.673693342319296789e+04
6.181312673004934913e+04
5.735672955844651733e+04
5.303894490436908382e+04
4.872116025029164302e+04
4.440337559621420951e+04
4.008559094213676872e+04
3.587236134862554900e+04
3.336003991496210801e+04
3.084771848129866703e+04
2.833539704763522241e+04
2.582307561397177778e+04
2.331075418030833680e+04
2.113336565370946118e+04
2.007621102521336798e+04
1.901905639671727477e+04
1.796190176822118156e+04
1.690474713972508471e+04
1.584759251122899332e+04
1.479043788273289829e+04
1.385696855279172451e+04
1.340452321535669034e+04
1.295207787792165618e+04
1.249963254048662202e+04
1.204718720305158786e+04
1.159474186561655370e+04
1.114229652818151953e+04
1.068985119074648537e+04
1.033436985626737805e+04
1.005241276616622235e+04
9.770455676065066655e+03
9.488498585963910955e+03
9.206541495862755255e+03
8.924584405761599555e+03
8.642627315660443855e+03
8.375252112996016876e+03
8.128412009120032053e+03
7.881571905244048139e+03
7.634731801368064225e+03
7.387891697492080311e+03
7.141051593616095488e+03
6.894555882368913444e+03
6.759749479279244952e+03
6.624943076189577368e+03
6.490136673099908876e+03
6.355330270010240383e+03
6.220523866920571891e+03
6.085717463830903398e+03
5.950911060741235815e+03
5.838445490914101356e+03
5.727921764237573370e+03
5.617398037561045385e+03
5.506874310884517399e+03
