1.000000000000000008e-50
1.000000000000000008e-50
1.000000000000000008e-50
1.000000000000000008e-50
1.000000000000000008e-50
1.000000000000000008e-50
1.000000000000000008e-50
1.000000000000000008e-50
1.000000000000000008e-50
1.000000000000000008e-50
1.000000000000000008e-50
1.000000000000000008e-50
1.000000000000000008e-50
1.000000000000000008e-50
1.000000000000000008e-50
1.000000000000000008e-50
1.000000000000000008e-50
1.000000000000000008e-50
1.000000000000000008e-50
1.000000000000000008e-50
1.000000000000000008e-50
1.000000000000000008e-50
1.000000000000000008e-50
1.000000000000000008e-50
1.000000000000000008e-50
1.000000000000000008e-50
1.000000000000000008e-50
1.000000000000000008e-50
1.000000000000000008e-50
1.000000000000000008e-50
1.000000000000000008e-50
1.000000000000000008e-50
1.000000000000000008e-50
1.000000000000000008e-50
1.000000000000000008e-50
1.000000000000000008e-50
1.000000000000000008e-50
1.000000000000000008e-50
1.000000000000000008e-50
1.000000000000000008e-50
1.395230799999999994e-44
1.061432600000000038e-37
6.020317700000000277e-32
3.879031300000000306e-27
4.031679500000000224e-23
9.059060300000000359e-20
5.625691700000000395e-17
1.187250299999999980e-14
1.013745699999999938e-12
4.057720299999999810e-11
8.621411700000000242e-10
1.079913899999999926e-08
8.715667699999999714e-08
4.889581200000000151e-07
2.036417899999999814e-06
6.668492400000000149e-06
1.803365599999999944e-05
4.191042300000000068e-05
8.627838400000000007e-05
1.608869000000000130e-04
2.763462099999999875e-04
4.429803299999999729e-04
6.696974199999999704e-04
9.634859300000000060e-04
1.331998999999999943e-03
1.794198899999999977e-03
2.402818499999999878e-03
3.277282900000000158e-03
4.646071199999999950e-03
6.896684600000000352e-03
1.058699999999999919e-02
1.631938700000000117e-02
2.446713600000000044e-02
3.493251299999999837e-02
4.714064800000000027e-02
6.026114600000000154e-02
7.347624499999999559e-02
8.615791000000000421e-02
9.796796500000000407e-02
1.088660899999999987e-01
1.189812799999999948e-01
1.284842700000000115e-01
1.375413000000000052e-01
1.463074400000000108e-01
1.549268799999999890e-01
1.635356099999999979e-01
1.722646999999999928e-01
1.812430600000000114e-01
1.906002400000000041e-01
2.004688900000000107e-01
2.109872299999999978e-01
2.223016100000000106e-01
2.345690400000000064e-01
2.479598399999999869e-01
2.626605900000000271e-01
2.788771700000000076e-01
2.968387100000000056e-01
3.168017799999999773e-01
3.390545600000000048e-01
3.639215900000000170e-01
3.917688699999999913e-01
4.230095400000000172e-01
4.581099399999999933e-01
4.975981999999999905e-01
5.420744699999999749e-01
5.922216500000000439e-01
6.488146500000000483e-01
7.127308599999999661e-01
7.849623300000000414e-01
8.666321000000000163e-01
9.590123000000000397e-01
1.063565300000000047e+00
1.182075699999999951e+00
1.317072800000000043e+00
1.473051200000000005e+00
1.659357900000000052e+00
1.895823199999999931e+00
2.221676899999999844e+00
2.708063099999999945e+00
3.475107899999999805e+00
3.475107899999999805e+00
3.475107899999999805e+00
3.475107899999999805e+00
3.475107899999999805e+00
