1.000000000000000008e-50
1.000000000000000008e-50
1.000000000000000008e-50
1.000000000000000008e-50
1.000000000000000008e-50
1.000000000000000008e-50
1.000000000000000008e-50
1.000000000000000008e-50
1.000000000000000008e-50
1.000000000000000008e-50
1.000000000000000008e-50
1.000000000000000008e-50
1.000000000000000008e-50
1.000000000000000008e-50
1.000000000000000008e-50
1.000000000000000008e-50
1.000000000000000008e-50
1.000000000000000008e-50
1.000000000000000008e-50
1.000000000000000008e-50
1.000000000000000008e-50
1.000000000000000008e-50
1.000000000000000008e-50
1.000000000000000008e-50
1.000000000000000008e-50
1.000000000000000008e-50
1.000000000000000008e-50
1.000000000000000008e-50
1.000000000000000008e-50
1.000000000000000008e-50
1.000000000000000008e-50
1.000000000000000008e-50
1.000000000000000008e-50
1.000000000000000008e-50
1.000000000000000008e-50
1.000000000000000008e-50
1.000000000000000008e-50
1.000000000000000008e-50
1.000000000000000008e-50
1.000000000000000008e-50
1.089555899999999999e-41
8.291976199999999728e-35
4.704624599999999844e-29
3.032200900000000109e-24
3.152423099999999827e-20
7.085384800000000241e-17
4.401271900000000275e-14
9.291122999999999809e-12
7.935626700000000009e-10
3.177343099999999779e-08
6.752983499999999623e-07
8.461684999999999606e-06
6.831853799999999712e-05
3.834454399999999755e-04
1.597797399999999896e-03
5.235288000000000268e-03
1.416763799999999976e-02
3.295247999999999927e-02
6.790202900000000263e-02
1.267624900000000054e-01
2.180226299999999950e-01
3.500379499999999866e-01
5.301695100000000105e-01
7.644180400000000208e-01
1.059517000000000042e+00
1.431502999999999970e+00
1.923957200000000034e+00
2.635213999999999945e+00
3.754265399999999975e+00
5.604493999999999865e+00
8.657617500000000632e+00
1.343342499999999973e+01
2.026668799999999848e+01
2.908197099999999935e+01
3.935797800000000279e+01
5.030355899999999991e+01
6.111109700000000089e+01
7.115766499999999439e+01
8.012154700000000673e+01
8.796583499999999844e+01
9.479700200000000621e+01
1.007511300000000034e+02
1.059561000000000064e+02
1.105248600000000039e+02
1.145546999999999969e+02
1.181287800000000061e+02
1.213181000000000012e+02
1.241833599999999933e+02
1.267764399999999938e+02
1.291418500000000051e+02
1.313178699999999992e+02
1.333375699999999995e+02
1.352296499999999924e+02
1.370190399999999897e+02
1.387274700000000109e+02
1.403739799999999889e+02
1.419756700000000080e+02
1.435480399999999861e+02
1.451052300000000059e+02
1.466601400000000126e+02
1.482245100000000093e+02
1.498089500000000100e+02
1.514229200000000048e+02
1.530751999999999953e+02
1.547744999999999891e+02
1.565295999999999879e+02
1.583487499999999955e+02
1.602393299999999954e+02
1.622077099999999916e+02
1.642596200000000124e+02
1.664006200000000035e+02
1.686396699999999953e+02
1.710034599999999898e+02
1.735819700000000125e+02
1.766436300000000017e+02
1.808651800000000094e+02
1.876953300000000127e+02
1.997998100000000079e+02
2.214913599999999860e+02
2.590330799999999840e+02
2.590330799999999840e+02
2.590330799999999840e+02
2.590330799999999840e+02
2.590330799999999840e+02
