# wavelength (nm)	photon flux (γ/s/cm^2/nm)
0.50	425462.32
1.50	35867137.04
2.50	49280209.28
3.50	57517142.07
4.50	86675482.95
5.50	142923744.84
6.50	214037171.75
7.50	195345419.56
8.50	201849856.63
9.50	181274700.67
10.50	145516910.65
11.50	104729952.71
12.50	62310091.56
13.50	69355893.45
14.50	159405390.38
15.50	164621415.64
16.50	248423113.49
17.50	1530915459.30
18.50	1407932085.72
19.50	1176661862.36
20.50	894324308.28
21.50	693751071.54
22.50	855179406.88
23.50	506601267.73
24.50	662361407.08
25.50	1177285277.69
26.50	381858760.94
27.50	531950271.66
28.50	795936696.35
29.50	285064563.84
30.50	7675753546.63
31.50	541210187.14
32.50	198490831.57
33.50	714740819.00
34.50	719185458.80
35.50	551944813.36
36.50	1206165434.15
37.50	54183123.30
38.50	76746567.81
39.50	49998479.22
40.50	181044039.36
41.50	174718402.82
42.50	130775639.45
43.50	273921684.97
44.50	169748032.35
45.50	172921837.83
46.50	459462146.16
47.50	221492505.14
48.50	348619841.20
49.50	541514762.38
50.50	564457257.62
51.50	228681020.55
52.50	273974140.14
53.50	232393904.55
54.50	155066458.76
55.50	814830520.86
56.50	208362440.85
57.50	185820887.47
58.50	1546717205.81
59.50	256327783.34
60.50	649609866.26
61.50	536885645.73
62.50	1238307600.02
63.50	1069598834.67
64.50	149718754.36
65.50	138693147.93
66.50	155555033.06
67.50	128173253.48
68.50	268951661.08
69.50	205369726.29
70.50	450284950.00
71.50	181096050.03
72.50	185187658.42
73.50	123863876.51
74.50	177999915.34
75.50	242075517.98
76.50	627552307.80
77.50	562740176.65
78.50	806321404.56
79.50	583968178.30
80.50	468201694.56
81.50	504452333.29
82.50	618292541.29
83.50	1418384405.86
84.50	882088441.03
85.50	1076931959.86
86.50	1236386115.63
87.50	1495487038.36
88.50	1788575840.32
89.50	2084287655.57
90.50	2513289683.07
91.50	2207132126.72
92.50	790065003.01
93.50	834400732.56
94.50	615545007.35
95.50	509994504.06
96.50	374899771.59
97.50	6287300251.99
98.50	780235959.99
99.50	1162645496.77
100.50	568859651.90
101.50	707568071.55
102.50	5675880556.45
103.50	5157745431.06
104.50	934243369.86
105.50	832623864.14
106.50	899481973.58
107.50	1025424483.92
108.50	1573561280.97
109.50	1163487705.88
110.50	1346021237.27
111.50	1271606123.18
112.50	1337188016.82
113.50	907137343.94
114.50	1109990256.63
115.50	1179694966.80
116.50	1454105551.36
117.50	5084279618.17
118.50	2005762428.31
119.50	3386401436.26
120.50	10288601343.19
121.50	440165625565.95
122.50	4283981776.34
123.50	2757307422.78
124.50	2062473588.89
125.50	1841171116.31
126.50	2584796302.44
127.50	1335717401.15
128.50	1073388077.27
129.50	1270634221.25
130.50	10823287126.47
131.50	1755892813.66
132.50	1415936940.34
133.50	13592278524.00
134.50	1334321465.94
135.50	3033932115.91
136.50	1926284319.35
137.50	2088817159.67
138.50	2074641930.78
139.50	5810134296.71
140.50	4997243892.75
141.50	2958373629.14
142.50	3217920691.22
143.50	3695129331.42
144.50	3664648812.76
145.50	3896794936.61
146.50	4854016382.43
147.50	6003264840.53
148.50	6210646815.58
149.50	5639400523.19
150.50	6345639661.94
151.50	6903880455.78
152.50	8691011671.19
153.50	9644499673.01
154.50	16413196121.34
155.50	14751652454.98
156.50	14846187720.09
157.50	13153246679.75
158.50	13173097821.71
159.50	13042667572.19
160.50	14764409372.17
161.50	17496337056.04
162.50	20350725676.63
163.50	21821673332.33
164.50	25561783931.99
165.50	40749225500.55
166.50	27848310217.33
167.50	33504053098.90
168.50	36596041830.16
169.50	48736545276.18
170.50	56590303501.36
171.50	57501384143.27
172.50	63459042785.99
173.50	64425827095.28
174.50	79752697655.70
175.50	98482445668.58
176.50	107191651826.14
177.50	131187305060.87
178.50	147037017808.63
179.50	147390196951.40
180.50	184691235788.31
181.50	219040770449.74
182.50	212586976808.53
183.50	229359029831.98
184.50	199330633111.98
185.50	228857242177.28
186.50	267674880269.64
187.50	301834911711.44
188.50	325670306368.85
189.50	131645823216.64
190.50	139150775840.19
191.50	149083926850.73
192.50	160916178706.80
193.50	124899022683.31
194.50	205351511435.61
195.50	201296397372.94
196.50	228019576423.73
197.50	233264988483.02
198.50	235833001489.81
199.50	257125751705.81
200.50	281853554121.72
201.50	315937245959.97
202.50	313609578159.68
203.50	364831848842.46
204.50	405182100360.76
205.50	418371126872.91
206.50	435383724848.44
207.50	504994245015.07
208.50	581836695678.45
209.50	840868253378.56
210.50	1099953028906.73
211.50	1332889226765.49
212.50	1278637368489.23
213.50	1158773410568.29
214.50	1651102590221.90
215.50	1360872337553.17
216.50	1315820145834.87
217.50	1273573254137.22
218.50	1816678245316.46
219.50	1914874217813.58
220.50	1898206377818.91
221.50	1353575515281.04
222.50	2005181125843.11
223.50	2559362649248.53
224.50	2373101548163.50
225.50	2097910796466.66
226.50	1484499593988.71
227.50	1507439661766.94
228.50	2171512310520.21
229.50	1848546646409.84
230.50	2265614784040.98
231.50	1963608873104.02
232.50	2126866823827.99
233.50	1798301302555.84
234.50	1460366306212.71
235.50	2361987429094.81
236.50	1824179441537.79
237.50	2226537427918.37
238.50	1534087934403.93
239.50	1903935176006.36
240.50	1755525031257.95
241.50	2058816870988.22
242.50	3098976727627.73
243.50	2834022120871.41
244.50	2704574702024.34
245.50	2144272816211.11
246.50	2150413232176.58
247.50	2494404487821.35
248.50	1939027360154.31
249.50	2478879793719.48
250.50	2619302815216.08
251.50	2039219289195.52
252.50	1805430361925.70
253.50	2323132380930.56
254.50	2601391675641.80
255.50	3710243606079.83
256.50	4469812626326.73
257.50	5577167039159.52
258.50	5934226753511.42
259.50	5001886808924.77
260.50	4068851355768.37
261.50	3983378812892.48
262.50	5067365330460.94
263.50	7432523023554.44
264.50	11645055131336.72
265.50	12163872579623.50
266.50	11852025792155.78
267.50	11913913395080.59
268.50	11927329872331.54
269.50	10652572204089.89
270.50	13457415070440.36
271.50	11253146598445.61
272.50	8969755335533.40
273.50	10261906509808.54
274.50	6046482076374.99
275.50	8713823150146.07
276.50	12156994945988.65
277.50	12111211274534.57
278.50	8000093820600.04
279.50	3820039328012.36
280.50	4435655108295.89
281.50	10432108526768.70
282.50	14592203214758.82
283.50	16220197039581.16
284.50	12442782286361.09
285.50	6353110310899.10
286.50	16958298009350.73
287.50	18560927922119.09
288.50	15358099425000.27
289.50	22937634843265.36
290.50	30734966730792.78
291.50	28618354076282.81
292.50	25020923284525.08
293.50	28397913164482.48
294.50	25665807077476.57
295.50	28822594344225.28
296.50	25665788602170.16
297.50	27553764839523.13
298.50	20464653198927.75
299.50	28520996605202.61
300.50	18889315649602.51
301.50	25755488058737.63
302.50	25373006852177.15
303.50	33300254821576.67
304.50	31382739052099.36
305.50	32914143326841.27
306.50	29982141115237.56
307.50	34732060398960.59
308.50	34951579790956.22
309.50	26529356756209.98
310.50	35126300471707.29
311.50	40198080391945.35
312.50	37498805646898.80
313.50	38896758626244.71
314.50	38239922916493.99
315.50	35539803903754.81
316.50	37264070537785.22
317.50	42168709705119.37
318.50	39023471524389.92
319.50	41412068583493.17
320.50	44195774474722.92
321.50	41644449362186.45
322.50	39618366686876.27
323.50	39895982144779.58
324.50	44914832979859.98
325.50	51930714885752.31
326.50	57264122650198.44
327.50	56589678471289.99
328.50	56728468273612.23
329.50	61373289075136.22
330.50	61311901076023.82
331.50	58557526672849.26
332.50	57492634591804.02
333.50	56805416600074.03
334.50	58221132235011.21
335.50	56748763451898.83
336.50	52267841634802.48
337.50	53013136254193.27
338.50	56998163530237.94
339.50	60652002044289.91
340.50	61735552453687.94
341.50	60980592135825.54
342.50	61798946261694.76
343.50	58945351500445.36
344.50	55503968295001.33
345.50	57762872629318.71
346.50	59613824015126.38
347.50	58974559078972.77
348.50	58736789261351.55
349.50	60922657523931.20
350.50	64675018299113.50
351.50	64334769073219.95
352.50	63535325253587.44
353.50	67687903397564.28
354.50	71191021882350.75
355.50	68753684238299.78
356.50	62121509403897.41
357.50	55203819955682.18
358.50	55180714856422.12
359.50	61678343925391.16
360.50	64409468089041.27
361.50	64252629346460.05
362.50	65754598769168.90
363.50	68159039501534.23
364.50	72116997011415.02
365.50	77420140979119.84
366.50	81163775003093.23
367.50	81299936224775.75
368.50	80637768426233.50
369.50	81829495646716.72
370.50	81478285498631.98
371.50	79064915243297.97
372.50	73324029744981.12
373.50	68447061060695.88
374.50	67566176180791.47
375.50	71542915595555.14
376.50	79149424745167.23
377.50	85298327095568.47
378.50	86799967262195.16
379.50	84540616973510.83
380.50	80264436567538.72
381.50	72376740478314.00
382.50	63959565703705.72
383.50	60509552856293.52
384.50	64000264578884.17
385.50	68797437654185.85
386.50	71164139850854.80
387.50	72506907144833.33
388.50	75883185050012.83
389.50	82052888171485.19
390.50	85900780520441.38
391.50	82223624716768.34
392.50	73937771016637.52
393.50	69146748722274.17
394.50	70386550663716.00
395.50	73980524718959.34
396.50	78008871572966.89
397.50	86152040299449.86
398.50	99667884500121.80
399.50	113597462600751.72
400.50	123319832584487.42
401.50	127401363172304.72
402.50	128404963431325.81
403.50	127588313302215.50
404.50	125936269544319.89
405.50	124393887857599.02
406.50	124622688871366.70
407.50	125430792568856.92
408.50	126895536975391.98
409.50	128499520248139.89
410.50	129765543806396.08
411.50	132295888236150.70
412.50	133936932681122.25
413.50	135437159710172.00
414.50	136017651942249.81
415.50	135571892466969.14
416.50	135240769385985.30
417.50	134094398105329.80
418.50	134039919656090.86
419.50	134133211271157.47
420.50	134385477821847.86
421.50	134896034082016.22
422.50	134220464070881.33
423.50	133698896815598.62
424.50	132964271648727.30
425.50	131928652488902.50
426.50	130347777460360.59
427.50	126404441680865.83
428.50	122427579859690.30
429.50	119606364427595.38
430.50	119181938896611.16
431.50	122392328703507.81
432.50	127761966167830.92
433.50	133269578057228.56
434.50	138008520327887.58
435.50	140790240370272.34
436.50	142229365588980.00
437.50	142489728240802.81
438.50	143118783155356.94
439.50	144832658816691.53
440.50	147448903100610.59
441.50	150930337255448.56
442.50	154046521814089.88
443.50	156144990275315.16
444.50	157768112252711.59
445.50	158958210916172.06
446.50	160727010445499.44
447.50	163570081283189.78
448.50	166290882086092.97
449.50	168329750893600.56
450.50	169837626014795.19
451.50	170009452362047.75
452.50	169399649386925.69
453.50	169194897623721.25
454.50	169556541175790.34
455.50	170127604018886.06
456.50	171145432382801.91
457.50	172308621329403.88
458.50	173222566907106.59
459.50	174070234133552.16
460.50	174849814045786.09
461.50	175435978100316.06
462.50	175628776140252.28
463.50	175354561728340.41
464.50	174777366848370.41
465.50	174097747847814.75
466.50	173336585297619.91
467.50	173022047599419.22
468.50	173259008850549.06
469.50	173799655096563.16
470.50	174670979216253.09
471.50	175863915278028.38
472.50	177112441981878.47
473.50	178298261232149.34
474.50	179520359940643.12
475.50	180679608901500.03
476.50	181668369303303.56
477.50	182662917919737.88
478.50	183558353570147.81
479.50	184009983110408.03
480.50	183866386952238.69
481.50	182472597709638.66
482.50	180304018437749.75
483.50	177706776105449.31
484.50	175077704883541.75
485.50	172888278397273.28
486.50	171613753032535.12
487.50	171604872149253.91
488.50	172594752027841.03
489.50	174077545202393.06
490.50	175770418744353.66
491.50	177385258109708.28
492.50	178796506756453.03
493.50	179700134855035.50
494.50	180291629952971.47
495.50	180401752126128.31
496.50	180132866879190.66
497.50	179734483286216.19
498.50	179140448167177.91
499.50	178546930848571.81
500.50	178162336074676.06
501.50	178065394557031.50
502.50	178368084730100.41
503.50	179003169133404.84
504.50	179833382474811.44
505.50	180692660296395.66
506.50	181406877165333.69
507.50	181783185431202.97
508.50	181852920309009.56
509.50	181676773167646.41
510.50	181159563686803.38
511.50	179902802893360.44
512.50	178166712009792.94
513.50	176481003199900.91
514.50	174953309450238.94
515.50	173600742736063.47
516.50	172518132064428.56
517.50	171961210875207.94
518.50	172668723399118.75
519.50	173856308228799.25
520.50	175119490637300.12
521.50	176384681030991.09
522.50	177750047591359.00
523.50	179218815620611.97
524.50	180540310743466.84
525.50	181492953383033.84
526.50	182166610957889.94
527.50	182859442730505.31
528.50	183967372290635.19
529.50	184974997639974.81
530.50	185797125792817.78
531.50	186388018565089.97
532.50	186795115403090.56
533.50	187113074152765.44
534.50	187285692622628.53
535.50	187274431261881.22
536.50	187006306386669.59
537.50	186741615830798.94
538.50	186538078965442.97
539.50	186446155091923.06
540.50	186511988717619.69
541.50	186682289643231.06
542.50	186941548605989.94
543.50	187280825824868.69
544.50	187697827285744.28
545.50	188107380453663.06
546.50	188476455216957.47
547.50	188916711971688.59
548.50	189276824401394.50
549.50	189549463859323.97
550.50	189650092522909.38
551.50	189622695931562.81
552.50	189523087598764.44
553.50	189425696704498.31
554.50	189295334157990.81
555.50	189137470534259.53
556.50	188931365930813.50
557.50	188733193600774.72
558.50	188582131327860.41
559.50	188609595541535.84
560.50	188749709802498.25
561.50	188939181086669.94
562.50	189106163836135.84
563.50	189348987602022.31
564.50	189647590209884.22
565.50	190067650578731.47
566.50	190496125754009.66
567.50	190934096810276.44
568.50	191318468680050.84
569.50	191688979173971.91
570.50	192041584224034.84
571.50	192432814879844.34
572.50	192840904530862.91
573.50	193240050369344.53
574.50	193592736731221.19
575.50	193885967689900.84
576.50	194093555438483.91
577.50	194275840497452.78
578.50	194443585403659.19
579.50	194491573461727.59
580.50	194398426090653.97
581.50	194202337205172.56
582.50	193974589162042.75
583.50	193731485010293.66
584.50	193475752118675.84
585.50	193199836346445.72
586.50	192950763228686.06
587.50	192716008420641.22
588.50	192569474952128.94
589.50	192461288396337.94
590.50	192527757048539.06
591.50	192611422656750.28
592.50	192722591775340.97
593.50	192853629660780.69
594.50	192997764607597.97
595.50	193138387666900.22
596.50	193277710465834.69
597.50	193370812211293.34
598.50	193443063761813.75
599.50	193416287279392.53
600.50	193357591504010.25
601.50	193235086486077.75
602.50	193100417918534.66
603.50	192952166214475.75
604.50	192736517139633.75
605.50	192475128209918.03
606.50	192124524508255.44
607.50	191737711117568.00
608.50	191368603607217.03
609.50	191001949851487.31
610.50	190676526999399.91
611.50	190353848910621.69
612.50	190035473162703.06
613.50	189715800278616.84
614.50	189442928683249.50
615.50	189175846357818.47
616.50	189091606215072.44
617.50	189013845764322.78
618.50	189056454392296.72
619.50	189095559384061.16
620.50	189092194726225.69
621.50	189086346931776.97
622.50	189043719541001.44
623.50	189000435266766.94
624.50	189001408721988.47
625.50	189001414507878.06
626.50	189032226007571.97
627.50	189063497273442.62
628.50	188991065268177.03
629.50	188904713050539.53
630.50	188792881872505.78
631.50	188673672129518.38
632.50	188584604769348.28
633.50	188508471306846.62
634.50	188435683201206.97
635.50	188365148205381.16
636.50	188263045443633.78
637.50	188119314722691.06
638.50	187971397538455.75
639.50	187814489871088.94
640.50	187658119175272.12
641.50	187520074345273.72
642.50	187380685690660.50
643.50	187024775867879.06
644.50	186640217167458.62
645.50	186223446955257.75
646.50	185790293865595.09
647.50	185375346540397.62
648.50	184984282348483.38
649.50	184602044309451.56
650.50	184264355545041.66
651.50	183924754680580.56
652.50	183615306071174.22
653.50	183307219703297.12
654.50	183104723541001.69
655.50	182966674336575.47
656.50	182918086872284.66
657.50	183080542107409.97
658.50	183242643970841.19
659.50	183501337976335.03
660.50	183762975468347.91
661.50	184008181269362.06
662.50	184242798067713.56
663.50	184469258810137.91
664.50	184668658499177.72
665.50	184867821544679.22
666.50	185045522340891.09
667.50	185218873762324.97
668.50	185333157487783.81
669.50	185365693417602.16
670.50	185397498349948.56
671.50	185279933929745.12
672.50	185158157853398.53
673.50	185024968443355.72
674.50	184880721924569.06
675.50	184735044539492.16
676.50	184582018516911.94
677.50	184427731577870.50
678.50	184263788071052.00
679.50	184090797646098.72
680.50	183916498712986.78
681.50	183737895037879.22
682.50	183557974061557.06
683.50	183375220655691.25
684.50	183189214348743.88
685.50	183001880664580.47
686.50	182796740964555.38
687.50	182587759967530.94
688.50	182374931813894.59
689.50	182154040720981.38
690.50	181931740553578.38
691.50	181714160213664.72
692.50	181498493476139.31
693.50	181281524377389.12
694.50	181071049791808.47
695.50	180859216313539.75
696.50	180649052384270.88
697.50	180443425438634.06
698.50	180236465177283.97
699.50	180036136350290.34
700.50	179838791822964.56
701.50	179640149014840.84
702.50	179445473258476.72
703.50	179249850775055.00
704.50	179050785607031.97
705.50	178841778302694.06
706.50	178631457999631.25
707.50	178417586320907.81
708.50	178199423971217.75
709.50	177979933907529.91
710.50	177761431812503.38
711.50	177542857182955.41
712.50	177322964867808.53
713.50	177092929743031.78
714.50	176859742106208.66
715.50	176625206979499.19
716.50	176408197082049.12
717.50	176190083274606.25
718.50	175974878315341.94
719.50	175786558537443.56
720.50	175597034479960.12
721.50	175410138054167.91
722.50	175234199174842.66
723.50	175057100274551.84
724.50	174876070648962.53
725.50	174687977480468.25
726.50	174498700389142.22
727.50	174317556247013.41
728.50	174150475902841.69
729.50	173982279039506.34
730.50	173823739632645.66
731.50	173679638441720.41
732.50	173534492676845.47
733.50	173382227945850.56
734.50	173220502195624.50
735.50	173057692436306.25
736.50	172897802691056.69
737.50	172742853999400.88
738.50	172586848481430.53
739.50	172443836797401.91
740.50	172325935656941.69
741.50	172207086262833.97
742.50	172096818574676.72
743.50	172010166917380.59
744.50	171922658684739.94
745.50	171832585724992.69
746.50	171733300620699.97
747.50	171633131984787.62
748.50	171531435006065.22
749.50	171413356628901.62
750.50	171294351646558.56
751.50	171174420059036.03
752.50	171056647701939.44
753.50	170938338843469.47
754.50	170819112595052.03
755.50	170686193653957.62
756.50	170546841126681.94
757.50	170406522895937.88
758.50	170256570487704.16
759.50	170096595334918.56
760.50	169935607831958.47
761.50	169772949373473.62
762.50	169607188512663.56
763.50	169440408094354.16
764.50	169272608118545.38
765.50	169123127117039.41
766.50	168973275963503.84
767.50	168822457340334.94
768.50	168690632009330.03
769.50	168567735369011.53
770.50	168443948792389.06
771.50	168317166824444.94
772.50	168185574263149.53
773.50	168053076171030.91
774.50	167919672548089.19
775.50	167779095487643.84
776.50	167637533337732.09
777.50	167495049328902.12
778.50	167352931225923.69
779.50	167210754184971.03
780.50	167067660798972.03
781.50	166921603348076.81
782.50	166765883388096.22
783.50	166609219501564.75
784.50	166451611688482.28
785.50	166272530683587.03
786.50	166085231313814.47
787.50	165896917381589.38
788.50	165704439139854.69
789.50	165502411563439.16
790.50	165299339834894.94
791.50	165095223954221.91
792.50	164910940814024.22
793.50	164731910031508.66
794.50	164551903520454.44
795.50	164373533867215.94
796.50	164202952533556.59
797.50	164031424029676.88
798.50	163858948355576.75
799.50	163671410277850.19
800.50	163475928744826.88
801.50	163279447339863.19
802.50	163083485329165.69
803.50	162904020565652.31
804.50	162723603259363.91
805.50	162542233410300.41
806.50	162370224808344.81
807.50	162209910613652.56
808.50	162048700713217.06
809.50	161886595107038.31
810.50	161716379947405.28
811.50	161543445593997.25
812.50	161369593283619.28
813.50	161193111337369.19
814.50	161001841163557.72
815.50	160809614776556.78
816.50	160616432176366.28
817.50	160431936635219.69
818.50	160260991075414.41
819.50	160089148282677.94
820.50	159916408257010.25
821.50	159761159650267.81
822.50	159614972213891.31
823.50	159467956419163.31
824.50	159320112266083.84
825.50	159153957092003.94
826.50	158984544315632.50
827.50	158814255048475.72
828.50	158638699431815.03
829.50	158403863923373.81
830.50	158168000536657.94
831.50	157931109271667.47
832.50	157687389846589.72
833.50	157424238986418.62
834.50	157160002187093.91
835.50	156894679448615.66
836.50	156637053872518.84
837.50	156393336245711.59
838.50	156148589435548.16
839.50	155902813442028.47
840.50	155631483597611.34
841.50	155331377832744.91
842.50	155030118719992.38
843.50	154727706259353.59
844.50	154409147672611.12
845.50	154076613481918.94
846.50	153742860189867.28
847.50	153407887796456.12
848.50	153114696996932.41
849.50	152851563585723.91
850.50	152587385826555.44
851.50	152322163719426.94
852.50	152110494052180.06
853.50	151935892768546.19
854.50	151760464232385.84
855.50	151584208443699.09
856.50	151440487463173.12
857.50	151321214388253.25
858.50	151201250733150.22
859.50	151080596497864.09
860.50	150968699507370.97
861.50	150865221766542.28
862.50	150761096502234.75
863.50	150656323714448.38
864.50	150579613070351.31
865.50	150540422344544.88
866.50	150500738558343.12
867.50	150460561711745.94
868.50	150439949899173.66
869.50	150461563744136.84
870.50	150482828873080.22
871.50	150503745286003.66
872.50	150518973904783.03
873.50	150507744428664.69
874.50	150496094244911.75
875.50	150484023353524.31
876.50	150471531754502.34
877.50	150416214017409.66
878.50	150360378922128.69
879.50	150304026468659.50
880.50	150247156657002.09
881.50	150194453256969.22
882.50	150142489590725.66
883.50	150090022017961.62
884.50	150037050538677.03
885.50	149973144256782.84
886.50	149900505549508.50
887.50	149827320865470.47
888.50	149753590204668.75
889.50	149667896087303.66
890.50	149553645755617.84
891.50	149438760924132.88
892.50	149323241592848.84
893.50	149207087761765.72
894.50	149071782210296.38
895.50	148935800756634.25
896.50	148799143400779.28
897.50	148661810142731.53
898.50	148510850607323.16
899.50	148352800700971.06
900.50	148194031867566.69
901.50	148034544107109.91
902.50	147877682803219.69
903.50	147727564412922.94
904.50	147576751010388.38
905.50	147425242595615.97
906.50	147273039168605.69
907.50	147131603846440.66
908.50	146990362541130.62
909.50	146848453388171.97
910.50	146705876387564.69
911.50	146560270595680.75
912.50	146411720929598.06
913.50	146262493258321.53
914.50	146112587581851.16
915.50	145961207332466.47
916.50	145798552806792.69
917.50	145635195416200.53
918.50	145471135160690.12
919.50	145306372040261.41
920.50	145154075203088.16
921.50	145010265497796.62
922.50	144865801424251.91
923.50	144720682982454.00
924.50	144575461661245.19
925.50	144435169361343.22
926.50	144294235949334.75
927.50	144152661425219.78
928.50	144010445788998.31
929.50	143860463577500.00
930.50	143704220320655.34
931.50	143547308573454.88
932.50	143389728335898.56
933.50	143231479607986.44
934.50	143063260009506.69
935.50	142894352011885.22
936.50	142724755615122.00
937.50	142554470819217.09
938.50	142397239380683.88
939.50	142259144620869.31
940.50	142120432887548.22
941.50	141981104180720.50
942.50	141841158500386.28
943.50	141726954994548.38
944.50	141618787161858.09
945.50	141510072199720.62
946.50	141400810108135.91
947.50	141283999474983.44
948.50	141126910391992.94
949.50	140969175654846.38
950.50	140810795263543.78
951.50	140651769218085.22
952.50	140492097518470.64
953.50	140366256785035.98
954.50	140250741485472.06
955.50	140134675684293.56
956.50	140018059381500.47
957.50	139904658393670.89
958.50	139828831126680.59
959.50	139752540757358.00
960.50	139675787285703.19
961.50	139598570711716.12
962.50	139525870545023.94
963.50	139460514178718.53
964.50	139394721240934.72
965.50	139328491731672.53
966.50	139261825650931.84
967.50	139189119103147.17
968.50	139113201419092.06
969.50	139036829873587.97
970.50	138960004466635.00
971.50	138882725198233.11
972.50	138783297860207.66
973.50	138681483652713.12
974.50	138579167088836.91
975.50	138476348168578.95
976.50	138368885271522.36
977.50	138237418319158.83
978.50	138105392459870.36
979.50	137972807693656.83
980.50	137839664020518.22
981.50	137703531042182.67
982.50	137562316009042.75
983.50	137420527919217.06
984.50	137278166772705.70
985.50	137135232569508.64
986.50	136989329760888.02
987.50	136840635521624.95
988.50	136691358885940.75
989.50	136541499853835.33
990.50	136391058425308.81
991.50	136235509696216.77
992.50	136077237929034.80
993.50	135918370342797.72
994.50	135758906937505.50
995.50	135598847713158.17
996.50	135450005953161.55
997.50	135303548368205.25
998.50	135156524601131.64
999.50	135008934651940.72
1000.50	134860778520632.41
1001.50	134732080069103.98
1002.50	134604837782562.17
1003.50	134477073256476.80
1004.50	134348786490847.94
1005.50	134219977485675.59
1006.50	134111993446467.05
1007.50	134003745428978.81
1008.50	133895018019108.20
1009.50	133785811216855.25
1010.50	133675814133278.86
1011.50	133559424306611.05
1012.50	133442542781219.89
1013.50	133325169557105.27
1014.50	133207304634267.19
1015.50	133089006961276.56
1016.50	132970896281786.30
1017.50	132852295354792.89
1018.50	132733204180296.50
1019.50	132613622758296.97
1020.50	132494653805436.28
1021.50	132386357382406.06
1022.50	132277594724429.61
1023.50	132168365831506.89
1024.50	132058670703637.98
1025.50	131947964685730.64
1026.50	131831278932369.08
1027.50	131714115141578.06
1028.50	131596473313357.72
1029.50	131478353447707.95
1030.50	131358922223274.39
1031.50	131225943307247.09
1032.50	131092459398546.83
1033.50	130958470497173.66
1034.50	130823976603127.45
1035.50	130688895695471.41
1036.50	130545181722269.34
1037.50	130400946914590.94
1038.50	130256191272436.20
1039.50	130110914795805.16
1040.50	129965117484697.78
1041.50	129818971810458.30
1042.50	129672318627118.94
1043.50	129525144965430.12
1044.50	129377450825391.88
1045.50	129229236207004.11
1046.50	129070998041688.00
1047.50	128910409398421.61
1048.50	128749278655827.50
1049.50	128587605813905.69
1050.50	128425390872656.09
1051.50	128244607472471.31
1052.50	128056574061590.91
1053.50	127867951582969.42
1054.50	127678740036606.83
1055.50	127488939422503.28
1056.50	127294304193254.02
1057.50	127096238815321.89
1058.50	126897570974641.98
1059.50	126698300671214.16
1060.50	126498427905038.50
1061.50	126296987110202.73
1062.50	126093807475132.72
1063.50	125890021422427.80
1064.50	125685628952087.89
1065.50	125480630064113.00
1066.50	125276727485129.16
1067.50	125076394334928.42
1068.50	124875465777821.48
1069.50	124673941813808.44
1070.50	124471822442889.14
1071.50	124271518119614.56
1072.50	124090143858658.12
1073.50	123908215092752.00
1074.50	123725731821896.17
1075.50	123542694046090.72
1076.50	123359101765335.55
1077.50	123201270143664.31
1078.50	123045537875940.94
1079.50	122889304778929.39
1080.50	122732570852629.75
1081.50	122575336097042.03
1082.50	122440758742153.39
1083.50	122316137378188.42
1084.50	122191077194454.34
1085.50	122065578190951.11
1086.50	121939640367678.83
1087.50	121825015078030.34
1088.50	121723780332442.88
1089.50	121622153749008.91
1090.50	121520135327728.36
1091.50	121417725068601.38
1092.50	121318205492028.81
1093.50	121230659918929.00
1094.50	121142751123176.38
1095.50	121054479104770.89
1096.50	120965843863712.53
1097.50	120876845400001.34
1098.50	120797626452993.69
1099.50	120718597064207.47
1100.50	120639223891216.72
1101.50	120559506934021.48
1102.50	120479446192621.64
1103.50	120394290265293.44
1104.50	120306439578863.14
1105.50	120218232255225.39
1106.50	120129668294380.17
1107.50	120040747696327.52
1108.50	119947654558530.25
1109.50	119847694689771.34
1110.50	119747359576226.94
1111.50	119646649217897.17
1112.50	119545563614781.91
1113.50	119443761610535.78
1114.50	119337047172504.47
1115.50	119229948735916.58
1116.50	119122466300772.08
1117.50	119014599867071.02
1118.50	118906349434813.41
1119.50	118794831138055.38
1120.50	118681961543355.45
1121.50	118568701080684.77
1122.50	118455049750043.31
1123.50	118341007551431.11
1124.50	118223678992954.33
1125.50	118101784027854.47
1126.50	117979485634222.95
1127.50	117856783812059.77
1128.50	117733678561365.00
1129.50	117610149141269.17
1130.50	117485940454686.97
1131.50	117361327814919.56
1132.50	117236311221966.83
1133.50	117110890675828.86
1134.50	116985066176505.64
1135.50	116864392387232.62
1136.50	116745595232595.38
1137.50	116626407904551.58
1138.50	116506830403101.17
1139.50	116386862728244.20
1140.50	116266850272040.88
1141.50	116147119302927.81
1142.50	116026999941835.64
1143.50	115906492188764.31
1144.50	115785596043713.86
1145.50	115664311506684.28
1146.50	115533051207729.88
1147.50	115401089016984.62
1148.50	115268721192417.25
1149.50	115135947734027.59
1150.50	115002768641815.77
1151.50	114867804537881.16
1152.50	114731432677029.83
1153.50	114594651051678.47
1154.50	114457459661827.11
1155.50	114319858507475.64
1156.50	114182708983946.12
1157.50	114049078712932.23
1158.50	113915046953301.62
1159.50	113780613705054.44
1160.50	113645778968190.56
1161.50	113510542742710.03
1162.50	113374042599680.59
1163.50	113236881654044.84
1164.50	113099317292846.09
1165.50	112961349516084.33
1166.50	112822978323759.52
1167.50	112682703467090.39
1168.50	112539234062084.33
1169.50	112395353898602.81
1170.50	112251062976645.95
1171.50	112106361296213.78
1172.50	111961248857306.16
1173.50	111823068969849.67
1174.50	111685044032401.39
1175.50	111546621793711.91
1176.50	111407802253781.28
1177.50	111268585412609.53
1178.50	111137690013633.00
1179.50	111015494420407.11
1180.50	110892931722552.61
1181.50	110770001920069.55
1182.50	110646705012957.88
1183.50	110523937272534.59
1184.50	110417847485926.50
1185.50	110311420886918.53
1186.50	110204657475510.66
1187.50	110097557251702.95
1188.50	109990120215495.30
1189.50	109886078294706.23
1190.50	109784195879775.03
1191.50	109681987110417.39
1192.50	109579451986633.27
1193.50	109476590508422.72
1194.50	109375520052438.09
1195.50	109286135299695.33
1196.50	109196447827259.22
1197.50	109106457635129.78
1198.50	109016164723307.00
1199.50	108925569091790.86
1200.50	108849751702367.30
1201.50	108780759552551.05
1202.50	108711501630788.16
1203.50	108641977937078.66
1204.50	108572188471422.59
1205.50	108501940252463.83
1206.50	108430741167193.50
1207.50	108359274854666.80
1208.50	108287541314883.66
1209.50	108215540547844.09
1210.50	108143272553548.14
1211.50	108071885743536.12
1212.50	108000637431119.75
1213.50	107929124453407.39
1214.50	107857346810398.92
1215.50	107785304502094.45
1216.50	107712082208601.94
1217.50	107636116956866.91
1218.50	107559881466348.48
1219.50	107483375737046.69
1220.50	107406599768961.48
1221.50	107329553562092.91
1222.50	107247462519510.58
1223.50	107163745644178.16
1224.50	107079748515701.42
1225.50	106995471134080.36
1226.50	106910913499315.00
1227.50	106823462092025.59
1228.50	106729622993432.27
1229.50	106635489447427.81
1230.50	106541061454012.22
1231.50	106446339013185.50
1232.50	106351322124947.61
1233.50	106251608684579.56
1234.50	106150560229627.77
1235.50	106049208515433.12
1236.50	105947553541995.69
1237.50	105845595309315.45
1238.50	105742815396113.58
1239.50	105638576549369.83
1240.50	105534031742815.34
1241.50	105429180976450.08
1242.50	105324024250274.06
1243.50	105218561564287.25
1244.50	105102064560923.38
1245.50	104982887458865.22
1246.50	104863383371101.77
1247.50	104743552297633.03
1248.50	104623394238458.92
1249.50	104499504938795.98
1250.50	104368043373476.50
1251.50	104236237794366.53
1252.50	104104088201466.06
1253.50	103971594594775.14
1254.50	103838756974293.77
1255.50	103711658014731.84
1256.50	103585561015799.97
1257.50	103459131819717.94
1258.50	103332370426485.84
1259.50	103205276836103.64
1260.50	103080958777248.41
1261.50	102963236142393.97
1262.50	102845197216666.61
1263.50	102726842000066.39
1264.50	102608170492593.30
1265.50	102489182694247.30
1266.50	102375234138526.59
1267.50	102262234977300.03
1268.50	102148929966210.77
1269.50	102035319105258.92
1270.50	101921402394444.45
1271.50	101811059621910.33
1272.50	101709477061019.06
1273.50	101607608992580.80
1274.50	101505455416595.47
1275.50	101403016333063.12
1276.50	101300291741983.77
1277.50	101212435471382.19
1278.50	101128108839956.45
1279.50	101043526356224.42
1280.50	100958688020186.12
1281.50	100873593831841.56
1282.50	100794420056918.28
1283.50	100730133054001.83
1284.50	100665623411204.84
1285.50	100600891128527.34
1286.50	100535936205969.36
1287.50	100470758643530.91
1288.50	100403266841024.19
1289.50	100334958755707.36
1290.50	100266423868245.88
1291.50	100197662178639.69
1292.50	100128673686888.78
1293.50	100058932929293.66
1294.50	99987612320113.72
1295.50	99916062007117.55
1296.50	99844281990305.14
1297.50	99772272269676.55
1298.50	99700032845231.69
1299.50	99627232184135.25
1300.50	99554102203481.70
1301.50	99480741856353.77
1302.50	99407151142751.44
1303.50	99333330062674.78
1304.50	99258747128648.30
1305.50	99182419158574.91
1306.50	99105857687979.50
1307.50	99029062716862.06
1308.50	98952034245222.58
1309.50	98874772273061.02
1310.50	98795170896723.84
1311.50	98714667276307.98
1312.50	98633925926562.95
1313.50	98552946847488.77
1314.50	98471730039085.44
1315.50	98391401724167.12
1316.50	98314045232191.84
1317.50	98236457596408.11
1318.50	98158638816815.83
1319.50	98080588893415.05
1320.50	98002307826205.81
1321.50	97923132204774.53
1322.50	97843514778952.61
1323.50	97763664888234.89
1324.50	97683582532621.33
1325.50	97603267712111.95
1326.50	97523194373284.44
1327.50	97444239225923.25
1328.50	97365054362058.95
1329.50	97285639781691.53
1330.50	97205995484821.00
1331.50	97126121471447.36
1332.50	97046142630289.16
1333.50	96965973728218.20
1334.50	96885575356289.17
1335.50	96804947514502.03
1336.50	96724090202856.84
1337.50	96641160084407.03
1338.50	96553010176544.64
1339.50	96464620589966.02
1340.50	96375991324671.23
1341.50	96287122380660.20
1342.50	96198013757932.97
1343.50	96106982324410.23
1344.50	96015233623664.62
1345.50	95923242031904.14
1346.50	95831007549128.75
1347.50	95738530175338.45
1348.50	95645798807024.81
1349.50	95552797326617.50
1350.50	95459552898409.30
1351.50	95366065522400.20
1352.50	95272335198590.20
1353.50	95178361926979.34
1354.50	95084631830656.02
1355.50	94990773617379.28
1356.50	94896673342461.83
1357.50	94802331005903.64
1358.50	94707746607704.69
1359.50	94615391793849.92
1360.50	94527820436000.70
1361.50	94440018035026.75
1362.50	94351984590928.19
1363.50	94263720103705.02
1364.50	94175224573357.14
1365.50	94091350211497.66
1366.50	94008042386757.28
1367.50	93924511782687.97
1368.50	93840758399289.72
1369.50	93756782236562.58
1370.50	93673809140123.70
1371.50	93592616576528.56
1372.50	93511205941243.31
1373.50	93429577234268.00
1374.50	93347730455602.61
1375.50	93265665605247.11
1376.50	93182273294268.06
1377.50	93098564761015.27
1378.50	93014636404009.16
1379.50	92930488223249.69
1380.50	92846120218736.91
1381.50	92760714325219.97
1382.50	92674126391025.77
1383.50	92587316058481.47
1384.50	92500283327587.02
1385.50	92413028198342.48
1386.50	92325550670747.84
1387.50	92233412510914.83
1388.50	92141045555277.45
1389.50	92048449803835.69
1390.50	91955625256589.59
1391.50	91862571913539.14
1392.50	91766531858947.39
1393.50	91668000950489.53
1394.50	91569234044227.66
1395.50	91470231140161.80
1396.50	91370992238291.92
1397.50	91271503440148.86
1398.50	91171653448581.25
1399.50	91071567260304.89
1400.50	90971244875319.81
1401.50	90870686293625.95
1402.50	90769891515223.38
1403.50	90669140316526.39
1404.50	90568297549739.61
1405.50	90467219190310.59
1406.50	90365905238239.31
1407.50	90264355693525.75
1408.50	90162426239818.36
1409.50	90059748958210.89
1410.50	89956835152497.36
1411.50	89853684822677.72
1412.50	89750297968751.94
1413.50	89646674590720.08
1414.50	89548547990482.16
1415.50	89451718092329.12
1416.50	89354661931426.22
1417.50	89257379507773.38
1418.50	89159870821370.66
1419.50	89062859428436.03
1420.50	88966855661243.67
1421.50	88870628386577.72
1422.50	88774177604438.16
1423.50	88677503314824.94
1424.50	88580605517738.14
1425.50	88492531595508.91
1426.50	88404723371492.86
1427.50	88316705001715.38
1428.50	88228476486176.42
1429.50	88140037824876.05
1430.50	88055505990190.92
1431.50	87974279267903.89
1432.50	87892853059097.50
1433.50	87811227363771.83
1434.50	87729402181926.77
1435.50	87647913588635.58
1436.50	87569521582297.19
1437.50	87490935424315.98
1438.50	87412155114692.06
1439.50	87333180653425.41
1440.50	87254012040515.98
1441.50	87183023596023.56
1442.50	87114796988612.70
1443.50	87046391930771.33
1444.50	86977808422499.47
1445.50	86909046463797.11
1446.50	86840124917263.58
1447.50	86771060001138.92
1448.50	86701816709099.06
1449.50	86632395041143.88
1450.50	86562794997273.44
1451.50	86493016577487.70
1452.50	86416708900296.41
1453.50	86339949300185.86
1454.50	86263002215035.72
1455.50	86185867644845.95
1456.50	86108545589616.59
1457.50	86030758320474.30
1458.50	85952590054741.52
1459.50	85874233658031.70
1460.50	85795689130344.84
1461.50	85716956471680.92
1462.50	85636838400345.09
1463.50	85552282750395.48
1464.50	85467531527158.39
1465.50	85382584730633.77
1466.50	85297442360821.69
1467.50	85212104417722.05
1468.50	85109468183692.61
1469.50	85003827024343.53
1470.50	84897963207088.66
1471.50	84791876731927.98
1472.50	84685567598861.52
1473.50	84580496793563.64
1474.50	84476667290555.55
1475.50	84372619095669.97
1476.50	84268352208906.91
1477.50	84163866630266.33
1478.50	84060944023274.41
1479.50	83967165194515.42
1480.50	83873182736979.44
1481.50	83778996650666.47
1482.50	83684606935576.45
1483.50	83590013591709.50
1484.50	83506066468677.91
1485.50	83424313613049.52
1486.50	83342374954880.48
1487.50	83260250494170.77
1488.50	83177940230920.38
1489.50	83101690886630.77
1490.50	83031770182217.11
1491.50	82961680792968.38
1492.50	82891422718884.56
1493.50	82820995959965.62
1494.50	82752874841177.80
1495.50	82696676959896.30
1496.50	82640329871668.95
1497.50	82583833576495.77
1498.50	82527188074376.73
1499.50	82470393365311.84
1500.50	82434459366802.55
1501.50	82402114268667.72
1502.50	82369652909338.47
1503.50	82337075288814.78
1504.50	82304381407096.67
1505.50	82275042381528.33
1506.50	82248433597533.75
1507.50	82221716936432.97
1508.50	82194892398226.08
1509.50	82167959982913.02
1510.50	82137799082201.06
1511.50	82098158149785.12
1512.50	82058392812711.69
1513.50	82018503070980.72
1514.50	81978488924592.20
1515.50	81938350373546.19
1516.50	81895696029293.94
1517.50	81852814419663.92
1518.50	81809805120141.00
1519.50	81766668130725.17
1520.50	81723403451416.42
1521.50	81673545448677.38
1522.50	81620506606173.02
1523.50	81567327575209.02
1524.50	81514008355785.41
1525.50	81460548947902.19
1526.50	81397758735909.30
1527.50	81321582110002.30
1528.50	81245235926312.73
1529.50	81168720184840.66
1530.50	81092034885586.00
1531.50	81012821836734.34
1532.50	80918940656360.19
1533.50	80824867921171.48
1534.50	80730603631168.22
1535.50	80636147786350.45
1536.50	80541500386718.09
1537.50	80433390376337.44
1538.50	80323430238287.20
1539.50	80213259148610.95
1540.50	80102877107308.72
1541.50	79992284114380.50
1542.50	79868287005470.84
1543.50	79736635872653.84
1544.50	79604747059757.95
1545.50	79472620566783.16
1546.50	79340256393729.48
1547.50	79203603769815.80
1548.50	79060875305802.45
1549.50	78917896392820.09
1550.50	78774667030868.67
1551.50	78631187219948.23
1552.50	78485873093329.69
1553.50	78333086436860.97
1554.50	78180037995823.11
1555.50	78026727770216.09
1556.50	77873155760039.88
1557.50	77719321965294.52
1558.50	77570722277487.89
1559.50	77422097000321.14
1560.50	77273217285248.05
1561.50	77124083132268.56
1562.50	76974694541382.75
1563.50	76838852550051.73
1564.50	76707377063002.34
1565.50	76575670676752.45
1566.50	76443733391302.00
1567.50	76311565206651.00
1568.50	76190584323922.67
1569.50	76078735222052.33
1570.50	75966681692598.50
1571.50	75854423735561.19
1572.50	75741961350940.44
1573.50	75639829638959.83
1574.50	75556247859925.27
1575.50	75472498849579.56
1576.50	75388582607922.75
1577.50	75304499134954.88
1578.50	75222820128776.08
1579.50	75152700085189.47
1580.50	75082430912555.52
1581.50	75012012610874.17
1582.50	74941445180145.53
1583.50	74870823478956.33
1584.50	74809449699157.12
1585.50	74747938771186.72
1586.50	74686290695045.09
1587.50	74624505470732.23
1588.50	74562583098248.20
1589.50	74513303860885.62
1590.50	74466160319248.81
1591.50	74418898548128.95
1592.50	74371518547526.03
1593.50	74324020317440.03
1594.50	74276993397142.73
1595.50	74230101804973.23
1596.50	74183093039700.70
1597.50	74135967101325.11
1598.50	74088723989846.44
1599.50	74025377793085.58
1600.50	73948806874723.44
1601.50	73877748110959.25
1602.50	73818589974430.58
1603.50	73759300432620.27
1604.50	73699879485528.34
1605.50	73640327133154.78
1606.50	73580643375499.64
1607.50	73520828212562.81
1608.50	73460881644344.44
1609.50	73400803670844.39
1610.50	73340594292062.73
1611.50	73280253507999.44
1612.50	73219781318654.55
1613.50	73159177724028.03
1614.50	73098442724119.89
1615.50	73037576318930.12
1616.50	72976578508458.75
1617.50	72911729194901.89
1618.50	72844650027539.86
1619.50	72777432267690.23
1620.50	72710075915353.05
1621.50	72642580970528.27
1622.50	72574947433215.94
1623.50	72507175303415.98
1624.50	72439264581128.48
1625.50	72371215266353.41
1626.50	72303027359090.72
1627.50	72234700859340.47
1628.50	72166235767102.67
1629.50	72097632082377.25
1630.50	72028889805164.27
1631.50	71960008935463.70
1632.50	71889849566873.41
1633.50	71806433255686.08
1634.50	71722860895557.84
1635.50	71639132486488.72
1636.50	71555248028478.67
1637.50	71471207521527.72
1638.50	71387010965635.88
1639.50	71302658360803.11
1640.50	71218149707029.44
1641.50	71133485004314.88
1642.50	71048664252659.41
1643.50	70963687452063.03
1644.50	70878554602525.75
1645.50	70793265704047.56
1646.50	70707820756628.47
1647.50	70622219760268.48
1648.50	70538394406346.55
1649.50	70455758523156.91
1650.50	70372970563186.75
1651.50	70290030526436.05
1652.50	70206938412904.80
1653.50	70123694222593.04
1654.50	70040297955500.73
1655.50	69956749611627.89
1656.50	69873049190974.52
1657.50	69789196693540.60
1658.50	69705192119326.16
1659.50	69621035468331.17
1660.50	69536726740555.66
1661.50	69452265935999.60
1662.50	69367653054663.03
1663.50	69283875620443.73
1664.50	69204159797820.37
1665.50	69124298147282.37
1666.50	69044290668829.70
1667.50	68964137362462.39
1668.50	68883838228180.42
1669.50	68803393265983.80
1670.50	68722802475872.53
1671.50	68642065857846.60
1672.50	68561183411906.05
1673.50	68480155138050.84
1674.50	68398981036280.95
1675.50	68317661106596.45
1676.50	68236195348997.27
1677.50	68154583763483.45
1678.50	68072826350054.97
1679.50	67997115604750.14
1680.50	67922032226133.17
1681.50	67846811305235.06
1682.50	67771452842055.76
1683.50	67695956836595.30
1684.50	67620323288853.67
1685.50	67544552198830.86
1686.50	67468643566526.91
1687.50	67392597391941.77
1688.50	67316413675075.46
1689.50	67240092415927.99
1690.50	67163633614499.35
1691.50	67087037270789.55
1692.50	67010303384798.56
1693.50	66933431956526.42
1694.50	66834380928555.75
1695.50	66724787487987.83
1696.50	66615018246312.74
1697.50	66505073203530.46
1698.50	66394952359641.06
1699.50	66284655714644.50
1700.50	66174183268540.76
1701.50	66063535021329.89
1702.50	65952710973011.84
1703.50	65841711123586.63
1704.50	65730535473054.27
1705.50	65619184021414.77
1706.50	65507656768668.09
1707.50	65395953714814.26
1708.50	65284074859853.27
1709.50	65164420929092.95
1710.50	65038846166926.91
1711.50	64913080006039.37
1712.50	64787122446430.32
1713.50	64660973488099.76
1714.50	64534633131047.70
1715.50	64408101375274.12
1716.50	64281378220779.05
1717.50	64154463667562.48
1718.50	64027357715624.41
1719.50	63900060364964.81
1720.50	63772571615583.73
1721.50	63644891467481.13
1722.50	63517019920657.02
1723.50	63388956975111.41
1724.50	63282490970417.81
1725.50	63193695996844.16
1726.50	63104755568489.68
1727.50	63015669685354.40
1728.50	62926438347438.30
1729.50	62837061554741.38
1730.50	62747539307263.66
1731.50	62657871605005.12
1732.50	62568058447965.76
1733.50	62478099836145.59
1734.50	62387995769544.61
1735.50	62297746248162.81
1736.50	62207351272000.20
1737.50	62116810841056.77
1738.50	62026124955332.54
1739.50	61953198051670.02
1740.50	61890223314414.48
1741.50	61827135287577.99
1742.50	61763933971160.52
1743.50	61700619365162.07
1744.50	61637191469582.67
1745.50	61573650284422.30
1746.50	61509995809680.96
1747.50	61446228045358.65
1748.50	61382346991455.39
1749.50	61318352647971.15
1750.50	61254245014905.92
1751.50	61190024092259.76
1752.50	61125689880032.61
1753.50	61061242378224.48
1754.50	60980952362798.55
1755.50	60896839453652.48
1756.50	60812591118937.88
1757.50	60728207358654.71
1758.50	60643688172803.02
1759.50	60559033561382.73
1760.50	60474243524393.92
1761.50	60389318061836.57
1762.50	60304257173710.65
1763.50	60219060860016.19
1764.50	60133729120753.17
1765.50	60048261955921.60
1766.50	59962659365521.48
1767.50	59876921349552.80
1768.50	59790508078452.28
1769.50	59696782694521.55
1770.50	59602913163675.46
1771.50	59508899485914.05
1772.50	59414741661237.27
1773.50	59320439689645.13
1774.50	59225993571137.67
1775.50	59131403305714.87
1776.50	59036668893376.71
1777.50	58941790334123.20
1778.50	58846767627954.34
1779.50	58751600774870.13
1780.50	58656289774870.59
1781.50	58560834627955.70
1782.50	58465235334125.45
1783.50	58368457172610.66
1784.50	58270161328200.05
1785.50	58171718638441.41
1786.50	58073129103334.71
1787.50	57974392722879.94
1788.50	57875509497077.12
1789.50	57776479425926.25
1790.50	57677302509427.30
1791.50	57577978747580.30
1792.50	57478508140385.25
1793.50	57378890687842.13
1794.50	57279126389950.98
1795.50	57179215246711.74
1796.50	57079157258124.46
1797.50	56978952424189.11
1798.50	56896072963467.10
1799.50	56815449987179.94
1800.50	56734702244826.14
1801.50	56653829736405.70
1802.50	56572832461918.63
1803.50	56491710421364.93
1804.50	56410463614744.59
1805.50	56329092042057.61
1806.50	56247595703304.00
1807.50	56165974598483.76
1808.50	56084228727596.88
1809.50	56002358090643.37
1810.50	55920362687623.22
1811.50	55838242518536.44
1812.50	55765911004374.55
1813.50	55707163178497.63
1814.50	55648316631666.70
1815.50	55589371363881.76
1816.50	55530327375142.80
1817.50	55471184665449.84
1818.50	55411943234802.85
1819.50	55352603083201.84
1820.50	55293164210646.84
1821.50	55233626617137.81
1822.50	55173990302674.78
1823.50	55114255267257.73
1824.50	55054421510886.66
1825.50	54994489033561.58
1826.50	54934025148672.05
1827.50	54866679600806.91
1828.50	54799227435526.20
1829.50	54731668652829.94
1830.50	54664003252718.09
1831.50	54596231235190.72
1832.50	54528352600247.76
1833.50	54460367347889.27
1834.50	54392275478115.18
1835.50	54324076990925.55
1836.50	54255771886320.38
1837.50	54187360164299.63
1838.50	54118841824863.33
1839.50	54050216868011.46
1840.50	53981485293744.04
1841.50	53895445151361.84
1842.50	53804425242055.95
1843.50	53713274763357.37
1844.50	53621993715266.10
1845.50	53530582097782.12
1846.50	53439039910905.45
1847.50	53347367154636.09
1848.50	53255563828974.02
1849.50	53163629933919.26
1850.50	53071565469471.82
1851.50	52979370435631.66
1852.50	52887044832398.81
1853.50	52794588659773.27
1854.50	52702001917755.04
1855.50	52609964860111.70
1856.50	52518251713226.88
1857.50	52426409218998.69
1858.50	52334437377427.15
1859.50	52242336188512.27
1860.50	52150105652254.02
1861.50	52057745768652.44
1862.50	51965256537707.52
1863.50	51872637959419.22
1864.50	51779890033787.58
1865.50	51687012760812.59
1866.50	51594006140494.25
1867.50	51500870172832.55
1868.50	51407604857827.51
1869.50	51348261897836.02
1870.50	51322895935868.03
1871.50	51297473483903.27
1872.50	51271994541941.73
1873.50	51246459109983.44
1874.50	51220867188028.35
1875.50	51195218776076.51
1876.50	51169513874127.86
1877.50	51143752482182.45
1878.50	51117934600240.29
1879.50	51092060228301.35
1880.50	51066129366365.62
1881.50	51040142014433.12
1882.50	51014098172503.87
1883.50	50984759650352.00
1884.50	50952121290254.86
1885.50	50919419563197.38
1886.50	50886654469179.52
1887.50	50853826008201.31
1888.50	50820934180262.77
1889.50	50787978985363.86
1890.50	50754960423504.60
1891.50	50721878494684.98
1892.50	50688733198905.03
1893.50	50655524536164.70
1894.50	50622252506464.02
1895.50	50588917109803.00
1896.50	50555518346181.62
1897.50	50498914660696.51
1898.50	50425456707485.98
1899.50	50351893332787.98
1900.50	50278224536602.52
1901.50	50204450318929.61
1902.50	50130570679769.24
1903.50	50056585619121.40
1904.50	49982495136986.10
1905.50	49908299233363.34
1906.50	49833997908253.12
1907.50	49759591161655.45
1908.50	49685078993570.34
1909.50	49610461403997.74
1910.50	49535738392937.69
1911.50	49433210996655.84
1912.50	49321311379353.13
1913.50	49209267698709.28
1914.50	49097079954724.31
1915.50	48984748147398.21
1916.50	48872272276730.98
1917.50	48759652342722.62
1918.50	48646888345373.11
1919.50	48533980284682.48
1920.50	48420928160650.73
1921.50	48307731973277.84
1922.50	48194391722563.84
1923.50	48080907408508.70
1924.50	47968141212196.84
1925.50	47897500673815.85
1926.50	47826760872357.91
1927.50	47755921807823.05
1928.50	47684983480211.24
1929.50	47613945889522.52
1930.50	47542809035756.82
1931.50	47471572918914.21
1932.50	47400237538994.67
1933.50	47328802895998.19
1934.50	47257268989924.77
1935.50	47185635820774.42
1936.50	47113903388547.14
1937.50	47042071693242.91
1938.50	46992054410411.91
1939.50	46979292196105.44
1940.50	46966491823855.02
1941.50	46953653293660.62
1942.50	46940776605522.29
1943.50	46927861759439.99
1944.50	46914908755413.73
1945.50	46901917593443.50
1946.50	46888888273529.31
1947.50	46875820795671.16
1948.50	46862715159869.06
1949.50	46849571366123.00
1950.50	46836389414432.96
1951.50	46823169304798.97
1952.50	46785061270130.11
1953.50	46740280605753.02
1954.50	46695429562790.38
1955.50	46650508141242.14
1956.50	46605516341108.33
1957.50	46560454162388.94
1958.50	46515321605083.95
1959.50	46470118669193.40
1960.50	46424845354717.27
1961.50	46379501661655.55
1962.50	46334087590008.26
1963.50	46288603139775.38
1964.50	46243048310956.91
1965.50	46192032134240.15
1966.50	46128934734127.91
1967.50	46065749259959.62
1968.50	46002475711735.31
1969.50	45939114089454.96
1970.50	45875664393118.58
1971.50	45812126622726.16
1972.50	45748500778277.71
1973.50	45684786859773.23
1974.50	45620984867212.71
1975.50	45557094800596.13
1976.50	45493116659923.55
1977.50	45429050445194.92
1978.50	45364896156410.27
1979.50	45324522865131.92
1980.50	45286447486030.55
1981.50	45248310534261.32
1982.50	45210112009824.28
1983.50	45171851912719.40
1984.50	45133530242946.67
1985.50	45095147000506.12
1986.50	45056702185397.72
1987.50	45018195797621.49
1988.50	44979627837177.43
1989.50	44940998304065.53
1990.50	44902307198285.78
1991.50	44863554519838.22
1992.50	44822538577614.11
1993.50	44779863724534.77
1994.50	44737123488479.80
1995.50	44694317869449.18
1996.50	44651446867442.93
1997.50	44608510482461.01
1998.50	44565508714503.46
1999.50	44522441563570.27
2000.50	44479309029661.44
2001.50	44436111112776.96
2002.50	44392847812916.83
2003.50	44349519130081.06
2004.50	44306125064269.66
2005.50	44254462433995.55
2006.50	44187484163806.67
2007.50	44120417137257.57
2008.50	44053261354348.23
2009.50	43986016815078.67
2010.50	43918683519448.88
2011.50	43851261467458.87
2012.50	43783750659108.62
2013.50	43716151094398.16
2014.50	43648462773327.45
2015.50	43580685695896.53
2016.50	43512819862105.38
2017.50	43444865271953.99
2018.50	43381808297760.52
2019.50	43339935731822.52
2020.50	43298000413056.47
2021.50	43256002341462.35
2022.50	43213941517040.16
2023.50	43171817939789.90
2024.50	43129631609711.57
2025.50	43087382526805.18
2026.50	43045070691070.72
2027.50	43002696102508.19
2028.50	42960258761117.59
2029.50	42917758666898.93
2030.50	42875195819852.20
2031.50	42829712206584.86
2032.50	42763193945021.84
2033.50	42696589483150.29
2034.50	42629898820970.23
2035.50	42563121958481.64
2036.50	42496258895684.52
2037.50	42429309632578.89
2038.50	42362274169164.73
2039.50	42295152505442.05
2040.50	42227944641410.86
2041.50	42160650577071.13
2042.50	42093270312422.88
2043.50	42025803847466.12
2044.50	41958570511670.62
2045.50	41893594182780.61
2046.50	41828534256740.71
2047.50	41763390733550.92
2048.50	41698163613211.23
2049.50	41632852895721.69
2050.50	41567458581082.23
2051.50	41501980669292.90
2052.50	41436419160353.68
2053.50	41370774054264.57
2054.50	41305045351025.57
2055.50	41239233050636.70
2056.50	41173337153097.93
2057.50	41111958187483.85
2058.50	41068911156898.88
2059.50	41025802888965.09
2060.50	40982633383682.52
2061.50	40939402641051.17
2062.50	40896110661071.00
2063.50	40852757443742.05
2064.50	40809342989064.32
2065.50	40765867297037.76
2066.50	40722330367662.42
2067.50	40678732200938.28
2068.50	40635072796865.36
2069.50	40591352155443.65
2070.50	40547216902874.36
2071.50	40502418090490.98
2072.50	40457557118214.21
2073.50	40412633986044.01
2074.50	40367648693980.39
2075.50	40322601242023.36
2076.50	40277491630172.90
2077.50	40232319858429.02
2078.50	40187085926791.74
2079.50	40141789835261.03
2080.50	40096431583836.91
2081.50	40051011172519.38
2082.50	40005528601308.40
2083.50	39940258705449.85
2084.50	39862290491268.27
2085.50	39784229076794.27
2086.50	39706074462027.85
2087.50	39627826646969.00
2088.50	39549485631617.73
2089.50	39471051415974.05
2090.50	39392524000037.95
2091.50	39313903383809.41
2092.50	39235189567288.46
2093.50	39156382550475.07
2094.50	39077482333369.28
2095.50	38998488915971.06
2096.50	38956900962102.61
2097.50	38918517889283.72
2098.50	38880080499470.49
2099.50	38841588792662.88
2100.50	38803042768860.93
2101.50	38764442428064.62
2102.50	38725787770273.95
2103.50	38687078795488.94
2104.50	38648315503709.55
2105.50	38609497894935.82
2106.50	38570625969167.73
2107.50	38531699726405.29
2108.50	38493083116637.62
2109.50	38455223001529.55
2110.50	38417309683045.54
2111.50	38379343161185.60
2112.50	38341323435949.74
2113.50	38303250507337.94
2114.50	38265124375350.22
2115.50	38226945039986.55
2116.50	38188712501246.95
2117.50	38150426759131.42
2118.50	38112087813639.96
2119.50	38073695664772.57
2120.50	38035250312529.24
2121.50	38001976327062.46
2122.50	37970215385069.23
2123.50	37938407636264.83
2124.50	37906553080649.21
2125.50	37874651718222.40
2126.50	37842703548984.39
2127.50	37810708572935.16
2128.50	37778666790074.76
2129.50	37746578200403.16
2130.50	37714442803920.35
2131.50	37682260600626.36
2132.50	37650031590521.17
2133.50	37605129332399.39
2134.50	37530692925865.43
2135.50	37456170257973.90
2136.50	37381561328724.79
2137.50	37306866138118.09
2138.50	37232084686153.83
2139.50	37157216972831.98
2140.50	37082262998152.55
2141.50	37007222762115.55
2142.50	36932096264720.98
2143.50	36856883505968.81
2144.50	36781584485859.08
2145.50	36706199204391.76
2146.50	36641926818566.12
2147.50	36578686731131.23
2148.50	36515371849160.02
2149.50	36451982172652.52
2150.50	36388517701608.70
2151.50	36324978436028.59
2152.50	36261364375912.17
2153.50	36197675521259.45
2154.50	36133911872070.44
2155.50	36070073428345.10
2156.50	36006160190083.47
2157.50	35942172157285.54
2158.50	35901741702354.55
2159.50	35877688454287.62
2160.50	35853597525298.94
2161.50	35829468915388.45
2162.50	35805302624556.21
2163.50	35781098652802.20
2164.50	35756857000126.40
2165.50	35732577666528.82
2166.50	35708260652009.48
2167.50	35683905956568.36
2168.50	35659513580205.46
2169.50	35635083522920.80
2170.50	35615743828488.88
2171.50	35605899075924.27
2172.50	35596030143063.21
2173.50	35586137029905.72
2174.50	35576219736451.78
2175.50	35566278262701.41
2176.50	35556312608654.59
2177.50	35546322774311.31
2178.50	35536308759671.60
2179.50	35526270564735.45
2180.50	35516208189502.87
2181.50	35506121633973.83
2182.50	35491348819599.41
2183.50	35452060425687.72
2184.50	35412721149998.79
2185.50	35373330992532.61
2186.50	35333889953289.16
2187.50	35294398032268.48
2188.50	35254855229470.55
2189.50	35215261544895.36
2190.50	35175616978542.93
2191.50	35135921530413.24
2192.50	35096175200506.31
2193.50	35056377988822.12
2194.50	35016560659038.54
2195.50	34977174659424.63
2196.50	34937738245318.03
2197.50	34898251416718.73
2198.50	34858714173626.71
2199.50	34819126516041.99
2200.50	34779488443964.55
2201.50	34739799957394.41
2202.50	34700061056331.56
2203.50	34660271740776.01
2204.50	34620432010727.75
2205.50	34580541866186.78
2206.50	34540560065517.29
2207.50	34498506056960.34
2208.50	34456399764813.20
2209.50	34414241189075.89
2210.50	34372030329748.39
2211.50	34329767186830.70
2212.50	34287451760322.83
2213.50	34245084050224.77
2214.50	34202664056536.54
2215.50	34160191779258.12
2216.50	34117667218389.52
2217.50	34075090373930.71
2218.50	34032684562189.49
2219.50	33994471590585.02
2220.50	33956210361828.21
2221.50	33917900875919.01
2222.50	33879543132857.46
2223.50	33841137132643.55
2224.50	33802682875277.28
2225.50	33764180360758.64
2226.50	33725629589087.65
2227.50	33687030560264.30
2228.50	33648383274288.57
2229.50	33609687731160.50
2230.50	33569012511367.28
2231.50	33516417549263.78
2232.50	33463761959818.59
2233.50	33411045743031.69
2234.50	33358268898903.08
2235.50	33305431427432.78
2236.50	33252533328620.77
2237.50	33199574602467.07
2238.50	33146555248971.66
2239.50	33093475268134.55
2240.50	33040334659955.73
2241.50	32987133424435.21
2242.50	32935042428629.88
2243.50	32885625091160.64
2244.50	32836150607188.21
2245.50	32786618976712.59
2246.50	32737030199733.80
2247.50	32687384276251.82
2248.50	32637681206266.66
2249.50	32587920989778.32
2250.50	32538103626786.79
2251.50	32488229117292.07
2252.50	32438297461294.17
2253.50	32388308658793.10
2254.50	32339568374997.09
2255.50	32291930470599.90
2256.50	32244237605123.57
2257.50	32196489778568.11
2258.50	32148686990933.52
2259.50	32100829242219.79
2260.50	32052916532426.94
2261.50	32004948861554.95
2262.50	31956926229603.82
2263.50	31908848636573.57
2264.50	31860716082464.18
2265.50	31812528567275.66
2266.50	31788142884218.89
2267.50	31768962459336.85
2268.50	31749752746131.24
2269.50	31730513744602.09
2270.50	31711245454749.38
2271.50	31691947876573.12
2272.50	31672621010073.29
2273.50	31653264855249.91
2274.50	31633879412102.96
2275.50	31614464680632.48
2276.50	31595020660838.43
2277.50	31572670598642.98
2278.50	31536237226158.52
2279.50	31499759705124.10
2280.50	31463238035539.73
2281.50	31426672217405.42
2282.50	31390062250721.14
2283.50	31353408135486.91
2284.50	31316709871702.73
2285.50	31279967459368.58
2286.50	31243180898484.49
2287.50	31206350189050.44
2288.50	31169475331066.44
2289.50	31129354409500.40
2290.50	31086960510888.84
2291.50	31044517722976.38
2292.50	31002026045763.04
2293.50	30959485479248.82
2294.50	30916896023433.70
2295.50	30874257678317.71
2296.50	30831570443900.81
2297.50	30788834320183.04
2298.50	30746049307164.38
2299.50	30703215404844.84
2300.50	30661329703969.49
2301.50	30632648801737.20
2302.50	30603931393732.37
2303.50	30575177479955.03
2304.50	30546387060405.16
2305.50	30517560135082.78
2306.50	30488696703987.86
2307.50	30459796767120.43
2308.50	30430860324480.47
2309.50	30401887376067.99
2310.50	30372877921882.99
2311.50	30343831961925.46
2312.50	30305122900350.59
2313.50	30260211636984.16
2314.50	30215250219149.29
2315.50	30170238646845.96
2316.50	30125176920074.19
2317.50	30080065038833.97
2318.50	30034903003125.30
2319.50	29989690812948.18
2320.50	29944428468302.61
2321.50	29899115969188.60
2322.50	29853753315606.13
2323.50	29807709920753.59
2324.50	29759379149580.54
2325.50	29710995756709.75
2326.50	29662559742141.21
2327.50	29614071105874.92
2328.50	29565529847910.87
2329.50	29516935968249.07
2330.50	29468289466889.52
2331.50	29419590343832.21
2332.50	29370838599077.15
2333.50	29322034232624.35
2334.50	29273177244473.80
2335.50	29241256760729.99
2336.50	29211837895901.47
2337.50	29182383131902.42
2338.50	29152892468732.84
2339.50	29123365906392.71
2340.50	29093803444882.05
2341.50	29064205084200.84
2342.50	29034570824349.11
2343.50	29004900665326.83
2344.50	28975194607134.02
2345.50	28945452649770.67
2346.50	28914117959931.19
2347.50	28881707712796.35
2348.50	28849259354922.95
2349.50	28816772886311.02
2350.50	28784248306960.52
2351.50	28751685616871.46
2352.50	28719084816043.85
2353.50	28686445904477.69
2354.50	28653768882172.97
2355.50	28621053749129.70
2356.50	28588300505347.88
2357.50	28552554902841.57
2358.50	28512145976472.14
2359.50	28471692513069.50
2360.50	28431194512633.65
2361.50	28390651975164.56
2362.50	28350064900662.27
2363.50	28309433289126.76
2364.50	28268757140558.02
2365.50	28228036454956.06
2366.50	28187271232320.88
2367.50	28146461472652.50
2368.50	28104999969203.52
2369.50	28061339683123.77
2370.50	28017632529395.90
2371.50	27973878508019.95
2372.50	27930077618995.91
2373.50	27886229862323.75
2374.50	27842335238003.51
2375.50	27798393746035.17
2376.50	27754405386418.72
2377.50	27710370159154.18
2378.50	27666288064241.55
2379.50	27626357341930.89
2380.50	27614491003653.24
2381.50	27602604941375.95
2382.50	27590699155099.04
2383.50	27578773644822.52
2384.50	27566828410546.36
2385.50	27554863452270.58
2386.50	27542878769995.17
2387.50	27530874363720.14
2388.50	27518850233445.47
2389.50	27506806379171.19
2390.50	27497568541277.83
2391.50	27520822951717.71
2392.50	27544087189929.37
2393.50	27567361255912.80
2394.50	27590645149667.98
2395.50	27613938871194.95
2396.50	27637242420493.67
2397.50	27660555797564.16
2398.50	27683879002406.41
2399.50	27707212035020.44
