# wavelength (nm) irradiance (W/m^2/nm)
0.5 0.0000001491582
1.5 0.000004857038
2.5 0.000007832116
3.5 0.000007905275
4.5 0.00001068266
5.5 0.00001722111
6.5 0.00003667616
7.5 0.00003022428
8.5 0.00002985209
9.5 0.00002606231
10.5 0.00001971219
11.5 0.0000138583
12.5 0.000006883221
13.5 0.000007445061
14.5 0.00001574344
15.5 0.00001276025
16.5 0.00002141282
17.5 0.0001488672
18.5 0.0001122957
19.5 0.00007726922
20.5 0.00004704417
21.5 0.00003254846
22.5 0.00005252926
23.5 0.00003172627
24.5 0.00003732032
25.5 0.00006244009
26.5 0.00001467677
27.5 0.00002241557
28.5 0.00001367894
29.5 0.00001437415
30.5 0.0004356171
31.5 0.0000303724
32.5 0.000009080776
33.5 0.00001314929
34.5 0.00003133676
35.5 0.00002220066
36.5 0.00004610389
37.5 0.000002371249
38.5 0.000003096858
39.5 0.000001895613
40.5 6.80246466799872E-06
41.5 3.70307998309727E-06
42.5 4.65010907646501E-06
43.5 1.07724117697217E-05
44.5 5.35760273123742E-06
45.5 6.19788352196338E-06
46.5 1.81656505446881E-05
47.5 7.40004679755657E-06
48.5 1.09915481516509E-05
49.5 1.2323440387263E-05
50.5 1.48922390508233E-05
51.5 5.46066439710557E-06
52.5 5.64979654882336E-06
53.5 7.36682932256372E-06
54.5 4.3117092900502E-06
55.5 2.87788661808008E-05
56.5 6.07320953349699E-06
57.5 4.81971619592514E-06
58.5 4.31080625276081E-05
59.5 7.23555558579392E-06
60.5 1.56556197907776E-05
61.5 1.21391403808957E-05
62.5 3.46648921549786E-05
63.5 3.11448347929399E-05
64.5 3.76282196157263E-06
65.5 3.47902164321567E-06
66.5 3.78387130695046E-06
67.5 2.98058307635074E-06
68.5 7.18733554094797E-06
69.5 4.67158224637387E-06
70.5 1.18531752377749E-05
71.5 4.2247061173839E-06
72.5 3.65193477591674E-06
73.5 2.67772657025489E-06
74.5 4.12431563745486E-06
75.5 5.82107077207183E-06
76.5 1.58153925440274E-05
77.5 1.37929282573168E-05
78.5 1.96624932868872E-05
79.5 1.33817766254651E-05
80.5 1.00126362667652E-05
81.5 1.04494183688075E-05
82.5 1.24218913697405E-05
83.5 3.12068659695797E-05
84.5 1.74718952621333E-05
85.5 2.13764724321663E-05
86.5 2.41747766267508E-05
87.5 2.93376160698244E-05
88.5 3.44404616043903E-05
89.5 3.88586740882602E-05
90.5 4.66668498120271E-05
91.5 3.99733071390074E-05
92.5 1.43008637678577E-05
93.5 1.5253763194778E-05
94.5 1.08614685814246E-05
95.5 8.84723976923851E-06
96.5 6.32009232504061E-06
97.5 0.000118073556222953
98.5 1.36726494019967E-05
99.5 1.97596236830577E-05
100.5 8.66652953845914E-06
101.5 1.16153451017453E-05
102.5 9.10249145817943E-05
103.5 8.67453491082415E-05
104.5 1.36726375785656E-05
105.5 1.319856801274E-05
106.5 1.44364585139556E-05
107.5 1.6487416360178E-05
108.5 2.33019854931626E-05
109.5 1.80998868017923E-05
110.5 2.13786406675354E-05
111.5 1.96881028386997E-05
112.5 2.06734130188124E-05
113.5 1.32909653984825E-05
114.5 1.68555725394981E-05
115.5 0.00001842611
116.5 0.00002365624
117.5 0.00007713881
118.5 0.00003126131
119.5 0.00005041212
120.5 0.0001367312
121.5 0.006059264
122.5 0.00006193475
123.5 0.00003995733
124.5 0.00002857979
125.5 0.00002592599
126.5 0.00003437852
127.5 0.00001888479
128.5 0.00001509378
129.5 0.00001669646
130.5 0.0001447874
131.5 0.00002418039
132.5 0.00001912673
133.5 0.0001679044
134.5 0.00001793089
135.5 0.00004071123
136.5 0.00002526092
137.5 0.00002739814
138.5 0.00002723869
139.5 0.00006773403
140.5 0.00005996924
141.5 0.00003782454
142.5 0.00004113697
143.5 0.00004689654
144.5 0.00004575032
145.5 0.00004898301
146.5 0.00006034923
147.5 0.00007557079
148.5 0.00007742768
149.5 0.00006953103
150.5 0.00007800323
151.5 0.00008415182
152.5 0.0001038807
153.5 0.0001150621
154.5 0.0001908575
155.5 0.0001722129
156.5 0.0001758541
157.5 0.0001574613
158.5 0.0001576618
159.5 0.0001563367
160.5 0.0001740411
161.5 0.0002062046
162.5 0.0002378063
163.5 0.0002533209
164.5 0.0002918171
165.5 0.0004666155
166.5 0.0003203359
167.5 0.0003746311
168.5 0.00041855
169.5 0.0005504804
170.5 0.000632329
171.5 0.000637186
172.5 0.000695775
173.5 0.0007068289
174.5 0.000865949
175.5 0.001060301
176.5 0.001150975
177.5 0.001387884
178.5 0.00154705
179.5 0.001541202
180.5 0.001954165
181.5 0.002300139
182.5 0.002244994
183.5 0.002401779
184.5 0.002085772
185.5 0.002377566
186.5 0.002746736
187.5 0.003084358
188.5 0.003318567
189.5 0.003634052
190.5 0.003856211
191.5 0.00412213
192.5 0.004397078
193.5 0.003434401
194.5 0.005610248
195.5 0.005471031
196.5 0.006177324
197.5 0.006302029
198.5 0.006376499
199.5 0.006906567
200.5 0.007524392
201.5 0.008413663
202.5 0.008308425
203.5 0.009628712
204.5 0.0106404
205.5 0.0109146
206.5 0.01132243
207.5 0.01310789
208.5 0.01506125
209.5 0.02181868
210.5 0.02858085
211.5 0.03454219
212.5 0.03271078
213.5 0.0295693
214.5 0.04208685
215.5 0.03433402
216.5 0.03317057
217.5 0.03206222
218.5 0.04536413
219.5 0.04751744
220.5 0.04693375
221.5 0.03347856
222.5 0.04923373
223.5 0.06244301
224.5 0.05739275
225.5 0.0505509
226.5 0.03537199
227.5 0.03594601
228.5 0.05163735
229.5 0.04381057
230.5 0.05326221
231.5 0.04582618
232.5 0.04954086
233.5 0.04157131
234.5 0.03367939
235.5 0.05418037
236.5 0.04161611
237.5 0.05047351
238.5 0.03463484
239.5 0.04298735
240.5 0.03948913
241.5 0.04607777
242.5 0.06940558
243.5 0.06325729
244.5 0.06007411
245.5 0.04730003
246.5 0.04729083
247.5 0.05460846
248.5 0.04212797
249.5 0.05379101
250.5 0.05663161
251.5 0.04370384
252.5 0.03867626
253.5 0.0496086
254.5 0.05534791
255.5 0.07865608
256.5 0.09481107
257.5 0.118075
258.5 0.1251928
259.5 0.1046163
260.5 0.08455929
261.5 0.08263609
262.5 0.1050454
263.5 0.1540205
264.5 0.2414597
265.5 0.2512207
266.5 0.2448296
267.5 0.2445888
268.5 0.2445346
269.5 0.2177708
270.5 0.2750861
271.5 0.2293729
272.5 0.1813382
273.5 0.2080112
274.5 0.1215273
275.5 0.1749722
276.5 0.2445073
277.5 0.2417258
278.5 0.1588777
279.5 0.07426964
280.5 0.08639293
281.5 0.2060968
282.5 0.2878615
283.5 0.3201335
284.5 0.2454985
285.5 0.1237535
286.5 0.3341404
287.5 0.365162
288.5 0.2996471
289.5 0.4469993
290.5 0.5980693
291.5 0.5554488
292.5 0.4856026
293.5 0.5489543
294.5 0.4939591
295.5 0.5518839
296.5 0.4933089
297.5 0.5264008
298.5 0.3892064
299.5 0.5446497
300.5 0.3570628
301.5 0.4859623
302.5 0.4738351
303.5 0.6215781
304.5 0.5846108
305.5 0.612574
306.5 0.5481499
307.5 0.6330556
308.5 0.6357266
309.5 0.4781699
310.25 0.5585672
310.48 0.6063784
310.71 0.6513381
310.95 0.6830259
311.18 0.6948044
311.42 0.6988462
311.65 0.689164
311.89 0.6704235
312.12 0.6578638
312.36 0.6448635
312.6 0.6466434
312.84 0.6525659
313.08 0.6628406
313.32 0.6697984
313.56 0.6726006
313.8 0.6728735
314.04 0.670333
314.28 0.6633382
314.53 0.6513222
314.77 0.6453266
315.02 0.6341649
315.26 0.6221517
315.51 0.6069022
315.75 0.5951497
316 0.5985306
316.25 0.610708
316.5 0.6393423
316.75 0.6656186
317 0.6930787
317.25 0.7118641
317.5 0.7163295
317.75 0.7111471
318.01 0.6919016
318.26 0.67202
318.51 0.6585266
318.77 0.6582058
319.02 0.6641541
319.28 0.6771693
319.54 0.7035221
319.8 0.7276644
320.06 0.7431075
320.32 0.7444923
320.58 0.7426869
320.84 0.7382799
321.1 0.7251609
321.36 0.7088596
321.62 0.6933139
321.89 0.6829123
322.15 0.6725914
322.42 0.663631
322.69 0.6571937
322.95 0.6528943
323.22 0.6560196
323.49 0.6633512
323.76 0.6792436
324.03 0.700071
324.3 0.7295653
324.57 0.7550681
324.85 0.7858504
325.12 0.8150158
325.39 0.8484047
325.67 0.8850514
325.94 0.9121963
326.22 0.9358324
326.5 0.9518142
326.78 0.9543499
327.06 0.9517239
327.34 0.9418166
327.62 0.9301865
327.9 0.9244023
328.18 0.9249773
328.47 0.9323018
328.75 0.95194
329.04 0.9760187
329.32 0.9961993
329.61 1.013461
329.9 1.021333
330.19 1.017034
330.48 1.006286
330.77 0.9878374
331.06 0.9718905
331.35 0.9613301
331.64 0.9526453
331.94 0.9474246
332.23 0.9402915
332.53 0.9333902
332.83 0.9278517
333.12 0.9246034
333.42 0.9228085
333.72 0.9211053
334.02 0.9312672
334.32 0.9425046
334.63 0.9429217
334.93 0.9365317
335.23 0.9298497
335.54 0.9160254
335.85 0.88091
336.15 0.8555682
336.46 0.8405999
336.77 0.8352281
337.08 0.833555
337.39 0.8430533
337.71 0.8656819
338.02 0.8838594
338.33 0.8996692
338.65 0.9272665
338.96 0.9486403
339.28 0.9605906
339.6 0.9730724
339.92 0.9851219
340.24 0.9851633
340.56 0.9809986
340.88 0.974571
341.21 0.969354
341.53 0.9663569
341.86 0.968905
342.18 0.9775061
342.51 0.9795748
342.84 0.968687
343.17 0.9493349
343.5 0.9316098
343.83 0.904037
344.17 0.8832373
344.5 0.8743839
344.84 0.8793583
345.17 0.8904611
345.51 0.9070121
345.85 0.9215316
346.19 0.9291256
346.53 0.9355828
346.88 0.9345462
347.22 0.9285365
347.56 0.9179907
347.91 0.913293
348.26 0.9124673
348.6 0.9136729
348.95 0.9208538
349.3 0.9363624
349.66 0.9569439
350.01 0.9781622
350.36 0.9988483
350.72 1.00769
351.08 1.002384
351.43 0.9954551
351.79 0.9893036
352.15 0.9822184
352.52 0.9780844
352.88 0.9919227
353.24 1.022346
353.61 1.049108
353.98 1.070317
354.34 1.087543
354.71 1.097277
355.08 1.085492
355.46 1.055387
355.83 1.021921
356.2 0.9852327
356.58 0.9362874
356.96 0.8842469
357.34 0.8479622
357.72 0.8292208
358.1 0.8237006
358.48 0.8350728
358.86 0.8680637
359.25 0.9101652
359.64 0.9459928
360.03 0.9658335
360.42 0.9714767
360.81 0.9722699
361.2 0.9715854
361.59 0.9667449
361.99 0.9674755
362.39 0.981841
362.79 1.001349
363.19 1.01243
363.59 1.024538
363.99 1.048136
364.39 1.071543
364.8 1.09314
365.21 1.124449
365.62 1.167259
366.03 1.194259
366.44 1.206997
366.85 1.209384
367.27 1.210729
367.69 1.201636
368.1 1.196941
368.52 1.194405
368.95 1.193416
369.37 1.204425
369.79 1.214492
370.22 1.206562
370.65 1.194659
371.08 1.184019
371.51 1.160978
371.94 1.122729
372.38 1.084007
372.81 1.046997
373.25 1.014816
373.69 0.9867331
374.13 0.9789752
374.58 0.9841656
375.02 1.000509
375.47 1.035995
375.92 1.084907
376.37 1.133345
376.82 1.177267
377.28 1.220286
377.73 1.244587
378.19 1.25281
378.65 1.250769
379.11 1.236692
379.57 1.211788
380.04 1.183085
380.51 1.149865
380.98 1.102149
381.45 1.04137
381.92 0.9764428
382.39 0.9227908
382.87 0.8821543
383.35 0.8607348
383.83 0.8609865
384.31 0.8928503
384.8 0.9311603
385.28 0.9634343
385.77 0.9850092
386.26 0.9997063
386.76 1.008302
387.25 1.015301
387.75 1.027282
388.25 1.047786
388.75 1.084037
389.25 1.128387
389.76 1.173061
390.26 1.201863
390.77 1.199966
391.29 1.169759
391.8 1.115275
392.32 1.049246
392.84 0.9921958
393.36 0.9608109
393.88 0.9596687
394.4 0.9709671
394.93 0.9918632
395.46 1.019935
395.99 1.047756
396.53 1.076088
397.07 1.120466
397.61 1.201916
398.15 1.300914
398.69 1.405152
399.24 1.510282
399.79 1.604858
400.34 1.673349
400.89 1.710995
401.45 1.736009
402.01 1.744623
402.57 1.746194
403.13 1.740169
403.7 1.727047
404.27 1.712206
404.84 1.693574
405.41 1.681268
405.99 1.674326
406.57 1.679127
407.15 1.682557
407.74 1.687196
408.33 1.69702
408.92 1.710261
409.51 1.718723
410.11 1.723399
410.7 1.735132
411.31 1.756151
411.91 1.770686
412.52 1.778009
413.13 1.785831
413.74 1.797099
414.36 1.798498
414.98 1.791604
415.6 1.785472
416.22 1.782863
416.85 1.773466
417.48 1.759578
418.11 1.754358
418.75 1.754388
419.39 1.752598
420.04 1.75019
420.68 1.752116
421.33 1.756826
421.98 1.749963
422.64 1.738931
423.3 1.731763
423.96 1.726011
424.63 1.714522
425.3 1.702974
425.97 1.691078
426.65 1.670372
427.32 1.632678
428.01 1.588224
428.69 1.55745
429.38 1.527273
430.08 1.514651
430.77 1.517887
431.47 1.553566
432.18 1.598135
432.89 1.644545
433.6 1.692186
434.31 1.733346
435.03 1.763424
435.75 1.777043
436.48 1.786383
437.21 1.78526
437.94 1.78518
438.68 1.790375
439.42 1.804276
440.17 1.823325
440.92 1.848704
441.67 1.881483
442.43 1.906859
443.19 1.924754
443.96 1.937476
444.73 1.948692
445.5 1.955647
446.28 1.966914
447.06 1.990109
447.85 2.016076
448.64 2.036615
449.43 2.05179
450.23 2.065884
451.04 2.068697
451.85 2.061336
452.66 2.050615
453.48 2.045881
454.3 2.045328
455.13 2.046085
455.96 2.049997
456.8 2.058587
457.64 2.066435
458.48 2.071848
459.33 2.075743
460.19 2.081298
461.05 2.083813
461.92 2.085309
462.79 2.080798
463.66 2.072904
464.54 2.06236
465.43 2.051582
466.32 2.038713
467.22 2.029525
468.12 2.027834
469.03 2.027865
469.94 2.031081
470.86 2.03801
471.78 2.04866
472.71 2.058243
473.64 2.066606
474.58 2.075577
475.53 2.084068
476.48 2.090797
477.44 2.097556
478.4 2.103621
479.37 2.105018
480.34 2.101783
481.33 2.08308
482.31 2.056022
483.31 2.022483
484.3 1.988108
485.31 1.957519
486.32 1.935808
487.34 1.929518
488.37 1.935788
489.4 1.949087
490.43 1.964113
491.48 1.978941
492.53 1.991002
493.59 1.997147
494.65 1.999824
495.72 1.995712
496.8 1.986978
497.89 1.977831
498.98 1.964895
500.08 1.954816
501.19 1.947765
502.3 1.94643
503.42 1.949484
504.55 1.955218
505.69 1.961274
506.83 1.96525
507.99 1.963687
509.14 1.958703
510.31 1.949276
511.49 1.929318
512.67 1.902965
513.86 1.877174
515.06 1.854375
516.27 1.834518
517.49 1.822205
518.71 1.826837
519.94 1.839468
521.18 1.851014
522.43 1.864147
523.69 1.879271
524.96 1.892145
526.24 1.896345
527.52 1.901003
528.82 1.911451
530.12 1.919266
531.44 1.922726
532.76 1.923565
534.09 1.922631
535.43 1.917824
536.79 1.909626
538.15 1.901169
539.52 1.895216
540.9 1.890802
542.29 1.889047
543.69 1.88922
545.11 1.89067
546.53 1.890606
547.96 1.892001
549.41 1.891366
550.86 1.888024
552.33 1.881239
553.8 1.874607
555.29 1.867654
556.79 1.859532
558.3 1.851556
559.82 1.847005
561.36 1.845014
562.9 1.842086
564.46 1.841447
566.03 1.842807
567.61 1.844134
569.21 1.844765
570.81 1.84504
572.43 1.846306
574.06 1.8474
575.71 1.846615
577.37 1.844256
579.04 1.8414
580.72 1.834329
582.42 1.825687
584.13 1.816123
585.86 1.806179
587.59 1.796854
589.35 1.789288
591.11 1.78528
592.9 1.781731
594.69 1.778499
596.5 1.775348
598.33 1.771738
600.17 1.765921
602.03 1.75837
603.9 1.75047
605.78 1.740468
607.69 1.728448
609.6 1.71673
611.54 1.705853
613.49 1.69473
615.46 1.684248
617.44 1.677337
619.44 1.672905
621.46 1.667183
623.49 1.66119
625.54 1.65566
627.61 1.650615
629.7 1.643652
631.81 1.636059
633.93 1.629189
636.07 1.622491
638.23 1.614052
640.41 1.605687
642.61 1.597692
644.82 1.584836
647.06 1.571233
649.31 1.5583
651.59 1.546374
653.88 1.53505
656.2 1.526566
658.53 1.524446
660.89 1.52407
663.27 1.523247
665.66 1.521757
668.08 1.519714
670.52 1.514967
672.99 1.50693
675.47 1.49844
677.98 1.489886
680.5 1.480886
683.06 1.471626
685.63 1.462359
688.23 1.452531
690.85 1.442399
693.49 1.43227
696.16 1.422272
698.85 1.412464
701.56 1.4028
704.3 1.39326
707.07 1.383227
709.85 1.373185
712.67 1.362918
715.51 1.352558
718.37 1.342353
721.26 1.332811
724.18 1.323412
727.12 1.313942
730.09 1.30479
733.08 1.29609
736.1 1.2871
739.15 1.278195
742.22 1.270211
745.33 1.262744
748.46 1.255225
751.61 1.247119
754.8 1.239185
758.01 1.230681
761.26 1.221688
764.53 1.212571
767.83 1.203788
771.15 1.195562
774.51 1.187283
777.9 1.178728
781.31 1.170106
784.76 1.161233
788.23 1.15162
791.73 1.141577
795.27 1.132039
798.83 1.122836
802.42 1.113002
806.05 1.103517
809.7 1.094637
813.39 1.085289
817.1 1.075567
820.85 1.066397
824.62 1.057842
828.43 1.048644
832.26 1.037793
836.13 1.026271
840.03 1.015281
843.96 1.002982
847.92 0.9898423
851.91 0.9783075
855.93 0.9691871
859.99 0.9615954
864.07 0.9542856
868.18 0.9486081
872.33 0.9447074
876.5 0.9399329
880.71 0.9340952
884.94 0.9282279
889.21 0.9218571
893.5 0.9144361
897.83 0.9064157
902.19 0.8976916
906.57 0.8895177
910.99 0.881531
915.43 0.8733455
919.91 0.8647746
924.41 0.8567013
928.94 0.8488205
933.5 0.8403655
938.09 0.8318703
942.7 0.8240555
947.35 0.8169793
952.74 0.8088979
957.41 0.8017013
962.11 0.7956403
966.83 0.7898096
971.58 0.7837472
976.35 0.7769785
981.15 0.7694785
985.98 0.7617641
990.82 0.7540051
995.7 0.7460019
1000.59 0.738456
1005.51 0.7315498
1010.45 0.7251288
1015.42 0.7183364
1020.41 0.7116854
1025.41 0.7052802
1030.44 0.6987037
1035.49 0.6917131
1040.57 0.684454
1045.66 0.6771387
1050.77 0.6694964
1055.9 0.6611147
1061.04 0.6526158
1066.21 0.6439441
1071.39 0.6355557
1076.59 0.627763
1081.81 0.6206556
1087.04 0.6144514
1092.29 0.6088509
1097.55 0.6036736
1102.83 0.598708
1108.13 0.5935305
1113.43 0.5880301
1118.75 0.5823855
1124.09 0.5766624
1129.43 0.5707174
1134.79 0.5647931
1140.16 0.5590306
1145.53 0.5532969
1150.92 0.5472528
1156.32 0.5411694
1161.73 0.5352596
1167.15 0.5292859
1172.57 0.5232059
1178.01 0.5172783
1183.45 0.5118095
1188.9 0.5067831
1194.35 0.5019357
1199.82 0.4974297
1205.28 0.4933877
1210.76 0.4894148
1216.23 0.4854674
1221.72 0.4814107
1227.2 0.4771738
1232.69 0.4727284
1238.19 0.4681293
1243.68 0.463476
1249.18 0.4584689
1254.68 0.4532756
1260.19 0.4483092
1265.69 0.4436092
1271.2 0.4389606
1276.7 0.4346872
1282.21 0.4308662
1287.72 0.4274825
1293.22 0.4240618
1298.73 0.4205511
1304.24 0.417106
1309.74 0.4135295
1315.24 0.40998
1320.74 0.4064586
1326.24 0.403008
1331.74 0.3995102
1337.23 0.3960615
1342.72 0.3924141
1348.21 0.3887029
1353.69 0.3851078
1359.17 0.3815166
1364.64 0.3779853
1370.12 0.3746555
1375.58 0.3713861
1381.04 0.3680787
1386.5 0.3647586
1391.95 0.3613459
1397.4 0.3578245
1402.84 0.3543335
1408.28 0.3507916
1413.71 0.3473412
1419.13 0.3439413
1424.55 0.340576
1429.96 0.3374477
1435.36 0.3344666
1440.76 0.3316561
1446.15 0.3290058
1451.54 0.3263581
1456.91 0.3236263
1462.28 0.3208706
1467.64 0.3179328
1473 0.3146985
1478.34 0.311506
1483.68 0.3085486
1489.01 0.3057973
1494.33 0.3034061
1499.65 0.3012073
1504.95 0.2994561
1510.25 0.2978907
1515.54 0.2960625
1520.82 0.2942671
1526.09 0.2922395
1531.36 0.2897347
1536.61 0.2869706
1541.86 0.2838678
1547.09 0.2804484
1552.32 0.2768981
1557.54 0.2731544
1562.75 0.2695105
1567.95 0.2662023
1573.14 0.2633747
1578.32 0.2609268
1583.49 0.2588445
1588.65 0.2569283
1593.8 0.2552325
1598.95 0.2535929
1601.18 0.2526548
1616.86 0.2474558
1632.42 0.2406892
1647.91 0.2350222
1663.31 0.22889
1678.61 0.2221149
1693.82 0.2158993
1708.93 0.2090681
1723.95 0.2020033
1738.86 0.1965061
1753.69 0.191491
1768.43 0.1855387
1783.07 0.1796708
1797.62 0.1740856
1812.08 0.1689206
1826.44 0.1648775
1840.72 0.1608121
1854.9 0.1555599
1869 0.1506164
1883 0.1481219
1896.92 0.146071
1910.75 0.1421761
1924.48 0.1370141
1938.13 0.1333171
1951.71 0.1310545
1965.19 0.1278607
1978.59 0.1255995
1991.92 0.1229201
2005.15 0.1203668
2018.31 0.1181603
2031.38 0.1153146
2044.38 0.113352
2057.3 0.1102399
2070.13 0.1074748
2082.89 0.1051898
2095.58 0.1021398
2108.19 0.1004321
2120.73 0.09828457
2133.2 0.09710579
2145.59 0.09398534
2157.91 0.09165074
2170.15 0.09056527
2182.34 0.0889616
2194.44 0.087164
2206.48 0.08622801
2218.45 0.08374828
2230.36 0.08195412
2242.2 0.08063266
2253.97 0.0791379
2265.68 0.07688982
2277.33 0.07583339
2288.91 0.07456761
2300.43 0.07271759
2311.89 0.07121892
2323.28 0.07071273
2334.63 0.06910735
2345.9 0.06751514
2357.11 0.06626942
2368.28 0.06487902
2379.37 0.0643915
2390.42 0.0629295
