# AU: 0.72333199
# Source data: solarmin_20081029_SORCE_and_TIMED.dat
# File creation date: July 30, 2024

# wavelength (nm)	photon flux (phot/s/cm^2/nm)
0.50	71708.25
1.50	7005106.28
2.50	18826565.01
3.50	26603390.86
4.50	46221484.38
5.50	91070096.94
6.50	229218245.44
7.50	217956184.14
8.50	243975174.09
9.50	238061124.17
10.50	199010570.27
11.50	153235633.28
12.50	82728222.90
13.50	96639349.40
14.50	219492459.09
15.50	190170369.34
16.50	339711132.42
17.50	2504892181.45
18.50	1997500164.06
19.50	1448748863.17
20.50	927281595.99
21.50	672854054.35
22.50	1136411891.21
23.50	716867425.94
24.50	879150873.31
25.50	1530931183.87
26.50	373962738.10
27.50	592699347.75
28.50	374842886.20
29.50	407714500.10
30.50	12774877002.85
31.50	919902148.53
32.50	283764650.11
33.50	423544531.87
34.50	1039501583.19
35.50	757785354.17
36.50	1618014478.19
37.50	85498874.36
38.50	114639422.66
39.50	71994404.30
40.50	264894710.66
41.50	147762135.08
42.50	190022067.38
43.50	450561595.74
44.50	229235823.25
45.50	271148231.02
46.50	812186706.37
47.50	337971472.89
48.50	512569280.08
49.50	586528522.06
50.50	723108298.52
51.50	270398752.72
52.50	285196427.46
53.50	378953880.55
54.50	225942506.56
55.50	1535743307.65
56.50	329927625.56
57.50	266465678.87
58.50	2424746486.91
59.50	413943262.80
60.50	910704764.82
61.50	717819113.38
62.50	2083156217.89
63.50	1901567408.88
64.50	233359428.92
65.50	219104046.87
66.50	241941278.39
67.50	193444761.11
68.50	473380605.09
69.50	312176906.34
70.50	803481331.58
71.50	290438719.90
72.50	254573379.26
73.50	189236773.91
74.50	295433769.76
75.50	422573053.48
76.50	1163304423.37
77.50	1027803632.73
78.50	1484089910.86
79.50	1022899281.13
80.50	774990338.92
81.50	818844987.58
82.50	985357086.08
83.50	2505466497.08
84.50	1419543466.25
85.50	1757333234.15
86.50	2010622535.71
87.50	2468225543.16
88.50	2930651673.95
89.50	3343974690.00
90.50	4060775995.19
91.50	3516763337.10
92.50	1271908796.26
93.50	1371325586.97
94.50	986898132.93
95.50	812387322.30
96.50	586411805.05
97.50	11069021425.93
98.50	1294913852.19
99.50	1890400043.52
100.50	837458417.07
101.50	1133574658.19
102.50	8970902034.03
103.50	8632538373.40
104.50	1373790665.35
105.50	1338847903.62
106.50	1478298865.15
107.50	1704170480.53
108.50	2430942208.22
109.50	1905644766.56
110.50	2271403728.32
111.50	2110720388.11
112.50	2236231044.04
113.50	1450455327.30
114.50	1855670929.29
115.50	2046292027.83
116.50	2649864161.60
117.50	8714907262.11
118.50	3561865303.38
119.50	5792350522.94
120.50	15841877139.09
121.50	707861221967.04
122.50	7294952126.76
123.50	4744772419.71
124.50	3421214888.57
125.50	3128463148.26
126.50	4181476596.46
127.50	2315124298.50
128.50	1864889534.95
129.50	2078960023.62
130.50	18167419714.94
131.50	3057320881.96
132.50	2436736530.45
133.50	21552383757.77
134.50	2318868383.37
135.50	5304024086.52
136.50	3315383589.08
137.50	3622227698.79
138.50	3627337444.20
139.50	9085170707.09
140.50	8101339601.11
141.50	5146145528.58
142.50	5636365304.80
143.50	6470601760.09
144.50	6356439997.24
145.50	6852679665.95
146.50	8500829908.29
147.50	10717610038.62
148.50	11055405298.36
149.50	9994747435.70
150.50	11287585554.17
151.50	12258239846.31
152.50	15231991185.27
153.50	16982148899.72
154.50	28352390585.48
155.50	25748269261.00
156.50	26461765026.96
157.50	23845495940.37
158.50	24027451852.03
159.50	23975827011.98
160.50	26858318822.91
161.50	32020111841.36
162.50	37155977371.56
163.50	39823621162.43
164.50	46156047125.92
165.50	74252166140.80
166.50	51282810608.28
167.50	60335179266.42
168.50	67810854966.72
169.50	89714683950.32
170.50	103661968549.72
171.50	105070867520.65
172.50	115401083910.16
173.50	117914101441.72
174.50	145291335209.51
175.50	178919740814.64
176.50	195327129976.05
177.50	236866419394.73
178.50	265518349125.51
179.50	265996538717.38
180.50	339148894228.73
181.50	401404909233.57
182.50	393939946872.76
183.50	423761093298.41
184.50	370011457345.86
185.50	424061127859.65
186.50	492547052296.15
187.50	556055347051.19
188.50	601469920751.87
189.50	662143805146.29
190.50	706330138668.12
191.50	759001144765.05
192.50	813854692890.98
193.50	638975107703.75
194.50	1049188770856.28
195.50	1028413824162.85
196.50	1167118367783.40
197.50	1196739059452.07
198.50	1217011762078.95
199.50	1324820677354.83
200.50	1450566884361.74
201.50	1630092059501.96
202.50	1617691486711.23
203.50	1884015966738.05
204.50	2092200181464.67
205.50	2156610021681.56
206.50	2248079518573.46
207.50	2615187656832.23
208.50	3019388838293.57
209.50	4395056563258.35
210.50	5784678268076.79
211.50	7024448114566.43
212.50	6683466924152.03
213.50	6070030753896.84
214.50	8680119160162.09
215.50	7114164430384.63
216.50	6904986021407.43
217.50	6705093211755.76
218.50	9530506814241.93
219.50	10028581959327.91
220.50	9950520941513.43
221.50	7130048248797.13
222.50	10532821482408.67
223.50	13418789050750.00
224.50	12388688937961.98
225.50	10960425309647.97
226.50	7703350675833.38
227.50	7862923681252.94
228.50	11344937806224.84
229.50	9667486228243.63
230.50	11804350081408.49
231.50	10200386329801.04
232.50	11074865668848.34
233.50	9333242795464.78
234.50	7593797862823.58
235.50	12268312971873.55
236.50	9463343326797.56
237.50	11526012593844.81
238.50	7942432592392.23
239.50	9899155804219.14
240.50	9131552387972.81
241.50	10699427894115.70
242.50	16182965167235.57
243.50	14810220228007.02
244.50	14122714428945.32
245.50	11165158205557.34
246.50	11208456961894.77
247.50	12995323679658.71
248.50	10065813839179.73
249.50	12904233631468.34
250.50	13640133072197.51
251.50	10568407619859.77
252.50	9389832001218.79
253.50	12091687182780.42
254.50	13543814013406.93
255.50	19323027485591.00
256.50	23382900729598.05
257.50	29233926868481.13
258.50	31116580773606.02
259.50	26102895629215.62
260.50	21179759484011.82
261.50	20777506255881.11
262.50	26512966035195.38
263.50	39022143084490.31
264.50	61407625100481.59
265.50	64131576409521.30
266.50	62735462631063.38
267.50	62908933300934.09
268.50	63130114375971.06
269.50	56430043446232.34
270.50	71546416139079.05
271.50	59877534267989.26
272.50	47512488304213.31
273.50	54701094821957.84
274.50	32075110894177.55
275.50	46349240734325.21
276.50	65003828247002.88
277.50	64496769487567.41
278.50	42544175567161.63
279.50	19959290518218.54
280.50	23300381800096.73
281.50	55782967837091.43
282.50	78190502616643.17
283.50	87264208629854.11
284.50	67155731216387.68
285.50	33971566351620.49
286.50	92046140460717.27
287.50	100942811020809.56
288.50	83120446026746.44
289.50	124424922716171.36
290.50	167051205938286.38
291.50	155680622869844.62
292.50	136571110987847.73
293.50	154915996670185.38
294.50	139871186315967.92
295.50	156804014913063.06
296.50	140635712278633.62
297.50	150575904026319.06
298.50	111705942476151.28
299.50	156843333486744.22
300.50	103167059235029.84
301.50	140877573904038.25
302.50	137817566175476.95
303.50	181387087968175.81
304.50	171161506259976.53
305.50	179937525132538.97
306.50	161540635344139.00
307.50	187171165030630.16
308.50	188572136000536.28
309.50	142296709163284.47
310.50	182199994842169.59
311.50	208302131870377.62
312.50	194074496571951.66
313.50	202532249853409.19
314.50	197391702669087.50
315.50	184291931465243.53
316.50	194562492815223.00
317.50	218679732975826.00
318.50	201832237324571.00
319.50	214877316635471.12
320.50	229039551167152.97
321.50	216538022080278.03
322.50	205191017643812.00
323.50	206516597773910.56
324.50	233524847183432.44
325.50	270031178774168.06
326.50	298804637746927.62
327.50	294478928373336.75
328.50	295136492133839.56
329.50	319006500766037.19
330.50	319370947606066.75
331.50	304981782738507.38
332.50	298626156693675.56
333.50	295764189834213.00
334.50	303209742550894.50
335.50	296071695402108.56
336.50	271749101086061.12
337.50	276101966963378.25
338.50	297586850689503.19
339.50	316367988312459.44
340.50	321427504199043.62
341.50	317399680860256.94
342.50	322568797353861.50
343.50	307689558319911.81
344.50	289629868566190.62
345.50	301147978549839.12
346.50	311510635306813.81
347.50	307343904269765.69
348.50	306039100069118.69
349.50	318503551852643.06
350.50	337778478552578.25
351.50	336029045171259.00
352.50	331578706061848.81
353.50	353879505461921.62
354.50	372127977466009.19
355.50	359510817122071.81
356.50	324469726570440.88
357.50	288764666158745.75
358.50	288448015704674.69
359.50	322547562962292.62
360.50	336792458537503.56
361.50	336413706236219.38
362.50	344086500023838.75
363.50	357131456495551.75
364.50	377573238136234.81
365.50	405806981604034.75
366.50	425459092303684.31
367.50	426055722160468.88
368.50	423238319408995.81
369.50	429010862044815.25
370.50	427062045612739.38
371.50	414892108747127.19
372.50	384549768292250.75
373.50	358712997122657.62
374.50	354049995312214.75
375.50	375218607051029.75
376.50	414872158950958.62
377.50	447237609707637.19
378.50	455434568122927.38
379.50	443553986676689.38
380.50	420940156653407.81
381.50	379455987526283.00
382.50	335955401589937.81
383.50	317414223726137.94
384.50	335577732461299.88
385.50	360697548945661.00
386.50	373046186616145.75
387.50	380516411814295.75
388.50	398165970010259.81
389.50	430789661419995.38
390.50	450925994829240.56
391.50	431886838310303.50
392.50	388523305730369.62
393.50	363408938256435.38
394.50	369797009282342.75
395.50	388654854615741.69
396.50	409644604038674.12
397.50	453029310833746.50
398.50	524345293053766.38
399.50	597305529895578.50
400.50	648595726691921.12
401.50	670473865661453.00
402.50	675711798118150.88
403.50	671824640569429.12
404.50	663002786697215.25
405.50	655090690490415.00
406.50	656063946200346.25
407.50	660327080818101.00
408.50	668045842578421.25
409.50	676667816180005.50
410.50	683283623842416.25
411.50	696659285669161.25
412.50	705100830666000.12
413.50	712732870815539.75
414.50	716160545849781.00
415.50	713701392567616.62
416.50	712305662368165.75
417.50	706278634435257.88
418.50	705943880776865.88
419.50	706749082209569.50
420.50	708184694106762.38
421.50	711269776306477.12
422.50	707367462432800.12
423.50	704460261221788.38
424.50	700707918006427.00
425.50	695269235890133.88
426.50	686863009990230.38
427.50	666335397581958.50
428.50	645220318696377.75
429.50	629819475300056.75
430.50	627772250831873.88
431.50	645340022264773.12
432.50	673284981302726.38
433.50	702528008161291.50
434.50	727463439704612.50
435.50	742131456466450.12
436.50	749727280283562.12
437.50	750972042249364.25
438.50	754325757327401.25
439.50	763312945164130.50
440.50	776986810609569.50
441.50	795544663968525.12
442.50	812005651098995.75
443.50	822952867675552.75
444.50	831418425712483.62
445.50	837703139452684.12
446.50	847229207220972.25
447.50	862514864703013.38
448.50	876690886326787.62
449.50	887310308467425.62
450.50	895261213711485.50
451.50	896247833930545.62
452.50	893105900824221.50
453.50	892086086461271.88
454.50	893897144807963.38
455.50	896879336626439.88
456.50	902223793434426.25
457.50	908426577616170.88
458.50	913415568140674.62
459.50	917573262796197.38
460.50	921944968242457.50
461.50	925004096134759.75
462.50	925992250989740.00
463.50	924453244030944.25
464.50	921304257037151.75
465.50	917796120298924.75
466.50	913625220589893.12
467.50	912043174923175.88
468.50	913475148415211.62
469.50	916182911042209.00
470.50	920745789070766.12
471.50	927290662993364.62
472.50	934100488600252.00
473.50	940296871984566.00
474.50	946601640269189.50
475.50	952705110837674.00
476.50	957979002347118.38
477.50	963202022464901.12
478.50	967901450040987.25
479.50	970302020940012.75
480.50	969634812926065.38
481.50	962220319523610.88
482.50	950886991810286.75
483.50	937161346905565.50
484.50	923337608427284.50
485.50	911885085446691.38
486.50	904998784445341.12
487.50	904887503146557.50
488.50	910019590900812.50
489.50	918038352165452.25
490.50	926778552529830.50
491.50	935316834188739.62
492.50	942659233933077.50
493.50	947405028864189.50
494.50	950665570418180.12
495.50	951212262764123.12
496.50	949717044843644.62
497.50	947659411850495.75
498.50	944525648384944.00
499.50	941396157642537.50
500.50	939439469353444.88
501.50	939023202926569.88
502.50	940694249894261.88
503.50	943977284309654.12
504.50	948313572805071.88
505.50	952769487571723.38
506.50	956521650209271.12
507.50	958531246134414.62
508.50	959016502348622.38
509.50	958122696817878.38
510.50	955222364506676.38
511.50	948748599027995.50
512.50	939598337537545.75
513.50	930675572494573.75
514.50	922612996625538.38
515.50	915553668321666.25
516.50	909901519407223.75
517.50	906710417436937.25
518.50	910355335442348.62
519.50	916561601751891.00
520.50	923196795628457.25
521.50	929831148232221.12
522.50	936945056199273.62
523.50	944780030683736.88
524.50	951875775123952.12
525.50	956941970272928.50
526.50	960471154680113.38
527.50	964141123432072.62
528.50	970008192906669.38
529.50	975234141080904.75
530.50	979485155068201.50
531.50	982610160238021.62
532.50	984784340880316.00
533.50	986451900961519.25
534.50	987332105512188.12
535.50	987244288220816.00
536.50	985978380665251.38
537.50	984631001830970.00
538.50	983582623490286.62
539.50	983155121445293.12
540.50	983303280240800.38
541.50	984061965983454.25
542.50	985372506111355.12
543.50	987253436729999.62
544.50	989515228919940.12
545.50	991650006354117.50
546.50	993444197037204.50
547.50	995759449222009.50
548.50	997690130104338.38
549.50	999188919827326.25
550.50	999787313986565.62
551.50	999597046159531.25
552.50	998966972567433.50
553.50	998374032063036.88
554.50	997714613853819.50
555.50	996937570326373.62
556.50	995834968127902.25
557.50	994772399445812.62
558.50	993965976935157.00
559.50	994134980845715.00
560.50	994921671091086.50
561.50	995952748690535.88
562.50	996698172798176.75
563.50	997924864789662.88
564.50	999501178007240.38
565.50	1001742776713613.75
566.50	1003979290694915.50
567.50	1006209820913019.75
568.50	1008225236427698.25
569.50	1010179338174123.88
570.50	1012047418756165.25
571.50	1014146965470944.62
572.50	1016347426089131.00
573.50	1018492802047142.50
574.50	1020360709584107.38
575.50	1021873535502427.75
576.50	1022971484678506.50
577.50	1023935983115103.50
578.50	1024757777192758.12
579.50	1024935831642894.12
580.50	1024355255954360.88
581.50	1023385164058437.75
582.50	1022275074164084.00
583.50	1020892173158099.00
584.50	1019466287227767.12
585.50	1017974564410851.50
586.50	1016600923326167.50
587.50	1015289431550682.50
588.50	1014529511723944.12
589.50	1013988684920926.25
590.50	1014415802071011.12
591.50	1014903881790424.75
592.50	1015490177270567.50
593.50	1016133295978763.25
594.50	1016813298376855.75
595.50	1017519836854456.50
596.50	1018230054742042.88
597.50	1018803759503171.50
598.50	1019257378669799.88
599.50	1019138087936437.38
600.50	1018841565327627.38
601.50	1018190323262045.12
602.50	1017486370476082.50
603.50	1016723741453047.50
604.50	1015570906077034.25
605.50	1014153539645018.25
606.50	1012317416468813.50
607.50	1010310582165996.00
608.50	1008366578636296.25
609.50	1006428325188951.25
610.50	1004757415449182.88
611.50	1003106688879255.50
612.50	1001390113091297.75
613.50	999662538482993.00
614.50	998148202892093.50
615.50	996666965243109.00
616.50	996217244200575.75
617.50	995806210177719.88
618.50	996101015627395.62
619.50	996369520288621.62
620.50	996287851202703.88
621.50	996197877400158.50
622.50	996033757938183.88
623.50	995865487987052.88
624.50	995842927399443.38
625.50	995815179370066.62
626.50	995932808677723.00
627.50	996052014743404.50
628.50	995685506705504.62
629.50	995253233778885.25
630.50	994685063930061.75
631.50	994077652752842.88
632.50	993613552401493.50
633.50	993210608749151.12
634.50	992839914519671.00
635.50	992492185269848.75
636.50	991933952370519.25
637.50	991097570983519.75
638.50	990265244551952.38
639.50	989456766835192.25
640.50	988652165307609.75
641.50	987954199125539.50
642.50	987249244543526.25
643.50	985335134334086.88
644.50	983261486021523.62
645.50	981068788152095.50
646.50	978813731843794.50
647.50	976635962177376.00
648.50	974560191901618.88
649.50	972534747990605.75
650.50	970760514432416.38
651.50	968976222172682.38
652.50	967344996004097.00
653.50	965720369079830.12
654.50	964588803053841.62
655.50	963757761009216.62
656.50	963439887028046.75
657.50	964332215201028.12
658.50	965222793680808.88
659.50	966573277607413.62
660.50	967937711500152.12
661.50	969229489560117.25
662.50	970474416363366.62
663.50	971677940984456.62
664.50	972744091201116.50
665.50	973809042552637.75
666.50	974753945134844.75
667.50	975674620170447.88
668.50	976296368825966.12
669.50	976504429220984.75
670.50	976708748412179.38
671.50	976081480610293.50
672.50	975431085971425.12
673.50	974718441070155.88
674.50	973945495561372.00
675.50	973166267275924.50
676.50	972390185187582.00
677.50	971607549536089.25
678.50	970762908241807.88
679.50	969860287953682.62
680.50	968950799766033.50
681.50	968004459395336.88
682.50	967051163130153.38
683.50	966094193241098.00
684.50	965134460609015.50
685.50	964167793910408.00
686.50	963094177321283.62
687.50	961998368623754.38
688.50	960879709254029.88
689.50	959711546182496.25
690.50	958535946486446.38
691.50	957366062547199.62
692.50	956195872316642.88
693.50	955018918599367.88
694.50	953895523126958.25
695.50	952764926803371.12
696.50	951649551278230.75
697.50	950570626154504.00
698.50	949484689543644.00
699.50	948426734932513.62
700.50	947380738471187.50
701.50	946327884450201.25
702.50	945321697401587.62
703.50	944312226499101.62
704.50	943277056924168.88
705.50	942159017165341.38
706.50	941034012215878.75
707.50	939904906211868.12
708.50	938772645125514.00
709.50	937633437677589.62
710.50	936474606345459.12
711.50	935301956999392.88
712.50	934122306389909.88
713.50	932931607626249.50
714.50	931733066212448.12
715.50	930527509868034.50
716.50	929369300124058.00
717.50	928204777064103.38
718.50	927057322233208.75
719.50	926063441400296.38
720.50	925063211301213.50
721.50	924070433401197.88
722.50	923115109707320.12
723.50	922153596154354.62
724.50	921185390553962.38
725.50	920209925085010.75
726.50	919228265424773.88
727.50	918277520262467.00
728.50	917381311906385.38
729.50	916479177824848.00
730.50	915620587222286.75
731.50	914827491175542.38
732.50	914028799743099.00
733.50	913204630583415.75
734.50	912347317826630.88
735.50	911484280607368.88
736.50	910631706948503.00
737.50	909797767790296.00
738.50	908958214067933.88
739.50	908192437829883.88
740.50	907568903502757.00
741.50	906940368092000.62
742.50	906346748413667.62
743.50	905851016653083.88
744.50	905350667809024.62
745.50	904845546905486.88
746.50	904335050840212.50
747.50	903819935245792.50
748.50	903295274671997.38
749.50	902647612672438.12
750.50	901995002122341.62
751.50	901337443021708.00
752.50	900730434375144.88
753.50	900125493226759.12
754.50	899515769264532.75
755.50	898818849166243.75
756.50	898081561339432.38
757.50	897339179028847.25
758.50	896549585531105.25
759.50	895710892951790.25
760.50	894866879250715.62
761.50	894013854826629.25
762.50	893143800510076.25
763.50	892268384695300.38
764.50	891387607382301.50
765.50	890591825057501.62
766.50	889793715487394.88
767.50	888990487792068.38
768.50	888273138815404.38
769.50	887595786191855.25
770.50	886913668900952.00
771.50	886230349788570.88
772.50	885548900535185.75
773.50	884862713003454.12
774.50	884171787193375.75
775.50	883432118982161.50
776.50	882687153947540.88
777.50	881937336002443.00
778.50	881180488297483.75
779.50	880417328992565.00
780.50	879649307456468.88
781.50	878870222036033.00
782.50	878059786056010.88
783.50	877244404312425.88
784.50	876424076805277.25
785.50	875487900442343.50
786.50	874507480382175.62
787.50	873521732969536.50
788.50	872510370085603.88
789.50	871438705760819.88
790.50	870361523490842.62
791.50	869278823275671.50
792.50	868293329667848.62
793.50	867333300031785.25
794.50	866368089128155.38
795.50	865416914303529.75
796.50	864525023735988.25
797.50	863628161966702.62
798.50	862726328995673.00
799.50	861740123719531.00
800.50	860709591693028.25
801.50	859673792006721.25
802.50	858640522728056.25
803.50	857691794747663.50
804.50	856738042037916.62
805.50	855779264598815.38
806.50	854878299004670.00
807.50	854049359990621.12
808.50	853215742525784.25
809.50	852377446610159.00
810.50	851471843523023.50
811.50	850545730943572.38
812.50	849614746734059.00
813.50	848671392318769.50
814.50	847662402964322.50
815.50	846648374385787.25
816.50	845629306583163.00
817.50	844660269474459.88
818.50	843769033792030.62
819.50	842873095704583.50
820.50	841972455212118.38
821.50	841157526916124.88
822.50	840386860384570.00
823.50	839611830095317.88
824.50	838832436048368.00
825.50	837947439360985.25
826.50	837044011611208.88
827.50	836135941377666.38
828.50	835199864935932.38
829.50	833948311185476.38
830.50	832691309236126.00
831.50	831428859087881.25
832.50	830133277521264.50
833.50	828744412419639.00
834.50	827349822009814.62
835.50	825949506291791.88
836.50	824590875144613.50
837.50	823307453474588.88
838.50	822018612855739.75
839.50	820724353288066.38
840.50	819306332434409.50
841.50	817749002388131.38
842.50	816185654244411.00
843.50	814616288003248.50
844.50	812958211770476.75
845.50	811223396948970.50
846.50	809482201370134.88
847.50	807734625033969.50
848.50	806182802904516.75
849.50	804771622573520.12
850.50	803354882954984.62
851.50	801932584048910.12
852.50	800805616165192.25
853.50	799883133431847.38
854.50	798956287853370.75
855.50	798025079429762.50
856.50	797276746926285.00
857.50	796665904008342.38
858.50	796051465295033.38
859.50	795433430786357.50
860.50	794844822866420.12
861.50	794284460162260.75
862.50	793720652156105.25
863.50	793153398847954.12
864.50	792729327143832.25
865.50	792496740084648.12
866.50	792261496602137.00
867.50	792023596696299.00
868.50	791901007844605.62
869.50	792027003753794.00
870.50	792151192170840.62
871.50	792273573095745.50
872.50	792364905198662.12
873.50	792311432658603.12
874.50	792255758339129.50
875.50	792197882240241.88
876.50	792137804361939.88
877.50	791871628404020.50
878.50	791602785945774.62
879.50	791331276987202.50
880.50	791057101528303.75
881.50	790779963963958.25
882.50	790500080560881.12
883.50	790217529808507.38
884.50	789932311706836.62
885.50	789594400296103.75
886.50	789214358047042.00
887.50	788831446682289.25
888.50	788445666201845.62
889.50	787998024740008.62
890.50	787402790790838.88
891.50	786804230344917.75
892.50	786202343402245.25
893.50	785597129962821.62
894.50	784883275207404.25
895.50	784165858483308.88
896.50	783444879790535.50
897.50	782720339129084.12
898.50	781906192332541.75
899.50	781045864908827.12
900.50	780181689653042.50
901.50	779313666565187.38
902.50	778478044960471.50
903.50	777719429214746.62
904.50	776957224768862.75
905.50	776191431622819.38
906.50	775422049776617.12
907.50	774697152946350.88
908.50	773972395802532.75
909.50	773244163880688.50
910.50	772512457180817.88
911.50	771760900770551.00
912.50	770990083614144.38
913.50	770215721229441.62
914.50	769437813616442.75
915.50	768652074235054.75
916.50	767805768307886.38
917.50	766955783375716.50
918.50	766102119438544.50
919.50	765244776496370.62
920.50	764445937164949.88
921.50	763686812526606.25
922.50	762924237876773.12
923.50	762158213215450.00
924.50	761393088714286.12
925.50	760668556258530.38
926.50	759940678356434.88
927.50	759209455007999.62
928.50	758474886213224.50
929.50	757679678813784.62
930.50	756835938207268.00
931.50	755988632016248.75
932.50	755137760240726.25
933.50	754283322880701.12
934.50	753428339496853.12
935.50	752569796990911.25
936.50	751707695362875.75
937.50	750842034612746.50
938.50	750030390583985.38
939.50	749298251456160.75
940.50	748562852468653.75
941.50	747824193621464.25
942.50	747082274914592.50
943.50	746462955673050.00
944.50	745872141544552.88
945.50	745278401046900.75
946.50	744681734180093.25
947.50	744085206277757.00
948.50	743503147033197.75
949.50	742918204555224.62
950.50	742330378843838.00
951.50	741739669899037.50
952.50	741146077720823.62
953.50	740520550180968.75
954.50	739882894491782.12
955.50	739242275387777.62
956.50	738598692868955.12
957.50	737972981801700.62
958.50	737555234502201.25
959.50	737135007335696.75
960.50	736712300302187.12
961.50	736287113401672.00
962.50	735879029239024.50
963.50	735499166925538.75
964.50	735116929081271.12
965.50	734732315706221.62
966.50	734345326800389.75
967.50	733930422576758.25
968.50	733500497726977.62
969.50	733068118547272.25
970.50	732633285037642.62
971.50	732195997198088.62
972.50	731633478866109.25
973.50	731057566542112.62
974.50	730478925436056.88
975.50	729897555547941.88
976.50	729293248895093.88
977.50	728571542902078.50
978.50	727846832203021.62
979.50	727119116797922.75
980.50	726388396686782.12
981.50	725643215610884.00
982.50	724873708898579.62
983.50	724101130781980.00
984.50	723325481261085.75
985.50	722546760335896.50
986.50	721762050576471.12
987.50	720971567755923.62
988.50	720178002156642.12
989.50	719381353778625.88
990.50	718581622621875.62
991.50	717754887115662.25
992.50	716913752013948.88
993.50	716069463172774.38
994.50	715222020592138.25
995.50	714371424272040.75
996.50	713591927174750.88
997.50	712828007234528.12
998.50	712061119839245.00
999.50	711291264988901.38
1000.50	710518442683497.38
1001.50	709864832732490.75
1002.50	709220595103090.25
1003.50	708573658143495.75
1004.50	707924021853707.25
1005.50	707271686233725.12
1006.50	706716197153252.25
1007.50	706159213061441.25
1008.50	705599729443477.25
1009.50	705037746299360.25
1010.50	704470014470934.50
1011.50	703837981588071.62
1012.50	703203320563196.12
1013.50	702566031396307.75
1014.50	701926114087406.50
1015.50	701286209968014.38
1016.50	700674088132823.00
1017.50	700059403181013.12
1018.50	699442155112585.12
1019.50	698822343927538.62
1020.50	698204546330951.62
1021.50	697630515506826.75
1022.50	697054021227580.00
1023.50	696475063493211.38
1024.50	695893642303721.12
1025.50	695307413510339.62
1026.50	694694991628870.50
1027.50	694080055495405.12
1028.50	693462605109943.25
1029.50	692842640472485.00
1030.50	692215594524319.38
1031.50	691514405441025.50
1032.50	690810554376195.75
1033.50	690104041329830.25
1034.50	689394866301928.88
1035.50	688682584446135.62
1036.50	687923557430349.88
1037.50	687161782513886.62
1038.50	686397259696746.12
1039.50	685629988978928.00
1040.50	684859970360432.12
1041.50	684079535550748.88
1042.50	683295760377572.75
1043.50	682509221469876.50
1044.50	681719918827659.75
1045.50	680927852450922.75
1046.50	680083689166472.38
1047.50	679227262091125.62
1048.50	678367959040516.62
1049.50	677505780014645.75
1050.50	676640725013512.75
1051.50	675670720700252.75
1052.50	674659857207598.88
1053.50	673645851783451.38
1054.50	672628704427809.62
1055.50	671608415140674.62
1056.50	670573023827617.75
1057.50	669526486998817.00
1058.50	668476770503566.12
1059.50	667423874341864.75
1060.50	666367798513713.12
1061.50	665297355489719.38
1062.50	664210566161588.12
1063.50	663120551343707.62
1064.50	662027311036077.75
1065.50	660930845238698.38
1066.50	659848380891996.12
1067.50	658804939209992.12
1068.50	657758383436725.00
1069.50	656708713572195.00
1070.50	655655929616401.62
1071.50	654613720002386.12
1072.50	653679277075994.62
1073.50	652741952331415.62
1074.50	651801745768649.62
1075.50	650858657387696.25
1076.50	649912687188555.50
1077.50	649093019940691.12
1078.50	648283499033970.75
1079.50	647471359810288.12
1080.50	646656602269643.75
1081.50	645839226412037.38
1082.50	645145127480748.62
1083.50	644505256715377.38
1084.50	643863104735814.62
1085.50	643218671542059.62
1086.50	642571957134112.88
1087.50	641980444836785.88
1088.50	641454299517471.50
1089.50	640926102802355.00
1090.50	640395854691436.62
1091.50	639863555184716.62
1092.50	639347399790956.00
1093.50	638897738736556.88
1094.50	638446184904717.12
1095.50	637992738295436.88
1096.50	637537398908715.75
1097.50	637080166744554.25
1098.50	636665013978074.12
1099.50	636250364924544.38
1100.50	635833907365763.75
1101.50	635415641301732.25
1102.50	634995566732449.50
1103.50	634547784534424.75
1104.50	634085379046642.12
1105.50	633621094993965.12
1106.50	633154932376394.00
1107.50	632686891193928.38
1108.50	632192945441436.50
1109.50	631656131726541.88
1110.50	631117322288161.88
1111.50	630576517126296.75
1112.50	630033716240946.38
1113.50	629487180639298.38
1114.50	628915521680267.62
1115.50	628341822376728.75
1116.50	627766082728681.62
1117.50	627188302736126.62
1118.50	626608482399063.62
1119.50	626017962138028.12
1120.50	625422496957148.62
1121.50	624824970804506.00
1122.50	624225383680100.50
1123.50	623623735583931.88
1124.50	623001605595415.00
1125.50	622350850144976.62
1126.50	621697953813349.88
1127.50	621042916600534.38
1128.50	620385738506530.12
1129.50	619727028921648.88
1130.50	619074282888131.12
1131.50	618419411388344.50
1132.50	617762414422288.62
1133.50	617103291989963.75
1134.50	616442044091369.88
1135.50	615803622394632.12
1136.50	615173319681743.75
1137.50	614540953401652.00
1138.50	613906523554357.00
1139.50	613270030139858.38
1140.50	612633472763908.50
1141.50	611998740318341.62
1142.50	611361954618931.12
1143.50	610723115665676.88
1144.50	610082223458579.25
1145.50	609439277997637.88
1146.50	608736936981938.12
1147.50	608030667662131.75
1148.50	607322241964584.50
1149.50	606611659889296.25
1150.50	605898921436267.12
1151.50	605180686600678.12
1152.50	604457868861619.62
1153.50	603732884742859.50
1154.50	603005734244397.75
1155.50	602276417366233.75
1156.50	601551773679111.50
1157.50	600856160426510.00
1158.50	600158446505603.12
1159.50	599458631916391.38
1160.50	598756716658874.75
1161.50	598052700733053.00
1162.50	597338171799161.12
1163.50	596619012785780.12
1164.50	595897734308194.75
1165.50	595174336366404.88
1166.50	594448818960410.38
1167.50	593713476411801.38
1168.50	592961678395637.00
1169.50	592207723200109.12
1170.50	591451610825217.75
1171.50	590693341270963.12
1172.50	589932914537345.00
1173.50	589204055359173.38
1174.50	588475637062837.00
1175.50	587745123390555.12
1176.50	587012514342328.50
1177.50	586277809918156.62
1178.50	585587837744459.50
1179.50	584944629979580.75
1180.50	584299489022184.38
1181.50	583652414872270.12
1182.50	583003407529838.00
1183.50	582357190530006.75
1184.50	581798871319220.25
1185.50	581238778562223.25
1186.50	580676912259015.88
1187.50	580113272409598.12
1188.50	579547859013969.88
1189.50	579003210529828.25
1190.50	578471864665519.12
1191.50	577938808414472.00
1192.50	577404041776686.62
1193.50	576867564752163.12
1194.50	576340689998141.25
1195.50	575876282523170.12
1196.50	575410290936412.62
1197.50	574942715237869.00
1198.50	574473555427538.88
1199.50	574002811505422.25
1200.50	573596002709726.38
1201.50	573218577221297.38
1202.50	572839728140566.75
1203.50	572459455467534.75
1204.50	572077759202201.75
1205.50	571698543738263.00
1206.50	571331765493111.12
1207.50	570963593099447.38
1208.50	570594026557271.62
1209.50	570223065866583.88
1210.50	569850711027384.38
1211.50	569479838027156.88
1212.50	569108586942394.38
1213.50	568735948125082.88
1214.50	568361921575222.38
1215.50	567986507292813.12
1216.50	567604248062463.00
1217.50	567205825305295.62
1218.50	566805981585971.62
1219.50	566404716904491.12
1220.50	566002031260854.00
1221.50	565597924655060.38
1222.50	565161012036377.38
1223.50	564713767674996.75
1224.50	564265036523657.00
1225.50	563814818582357.50
1226.50	563363113851098.50
1227.50	562896973879290.12
1228.50	562399088355390.06
1229.50	561899645717290.94
1230.50	561398645964993.00
1231.50	560896089098496.06
1232.50	560391975117800.06
1233.50	559860871878762.25
1234.50	559322199888816.56
1235.50	558781919876347.88
1236.50	558240031841356.25
1237.50	557696535783841.81
1238.50	557147224941702.25
1239.50	556586928285188.69
1240.50	556025001692223.69
1241.50	555461445162806.94
1242.50	554896258696938.62
1243.50	554329442294618.62
1244.50	553699389695019.69
1245.50	553054073961306.25
1246.50	552407007552553.44
1247.50	551758190468761.12
1248.50	551107622709929.00
1249.50	550442288945742.31
1250.50	549747503961819.94
1251.50	549050903200165.00
1252.50	548352486660778.06
1253.50	547652254343658.88
1254.50	546950206248807.25
1255.50	546288801645305.56
1256.50	545634976652255.88
1257.50	544979418365896.94
1258.50	544322126786228.38
1259.50	543663101913250.44
1260.50	543019926209677.31
1261.50	542414211316669.31
1262.50	541806853122611.56
1263.50	541197851627504.19
1264.50	540587206831347.06
1265.50	539974918734140.12
1266.50	539371718500088.75
1267.50	538769411085340.62
1268.50	538165481290744.06
1269.50	537559929116299.44
1270.50	536952754562006.62
1271.50	536368415170352.31
1272.50	535839604350470.12
1273.50	535309299385331.44
1274.50	534777500274936.00
1275.50	534244207019284.19
1276.50	533709419618375.50
1277.50	533255205230607.31
1278.50	532820158028165.25
1279.50	532383777281559.06
1280.50	531946062990789.50
1281.50	531507015155855.75
1282.50	531095015268522.62
1283.50	530751265997778.12
1284.50	530406335802305.12
1285.50	530060224682103.56
1286.50	529712932637173.88
1287.50	529364459667515.75
1288.50	529007225956892.25
1289.50	528646660000105.75
1290.50	528284898034829.81
1291.50	527921940061064.12
1292.50	527557786078809.00
1293.50	527187141063031.44
1294.50	526801665546672.88
1295.50	526414964782081.94
1296.50	526027038769258.44
1297.50	525637887508202.81
1298.50	525247510998914.62
1299.50	524867363611670.62
1300.50	524489432673246.12
1301.50	524110299381249.50
1302.50	523729963735680.62
1303.50	523348425736540.00
1304.50	522957523495350.12
1305.50	522542158589289.81
1306.50	522125543201058.44
1307.50	521707677330655.94
1308.50	521288560978082.19
1309.50	520868194143337.38
1310.50	520451277971575.38
1311.50	520034604197207.31
1312.50	519616689380908.19
1313.50	519197533522678.00
1314.50	518777136622516.69
1315.50	518357178875855.31
1316.50	517940768371601.56
1317.50	517523126650259.50
1318.50	517104253711828.69
1319.50	516684149556309.06
1320.50	516262814183700.88
1321.50	515852678514719.38
1322.50	515445258966437.38
1323.50	515036632955474.31
1324.50	514626800481829.75
1325.50	514215761545503.88
1326.50	513800670297318.56
1327.50	513376262465016.81
1328.50	512950631667095.38
1329.50	512523777903554.56
1330.50	512095701174394.06
1331.50	511666401479614.25
1332.50	511243459333088.88
1333.50	510821701241820.12
1334.50	510398735155829.12
1335.50	509974561075116.00
1336.50	509549178999680.62
1337.50	509110021830241.38
1338.50	508635634757384.81
1339.50	508159970090087.00
1340.50	507683027828348.00
1341.50	507204807972167.44
1342.50	506725310521545.81
1343.50	506232826132178.19
1344.50	505735741623459.00
1345.50	505237357172729.00
1346.50	504737672779988.25
1347.50	504236688445236.38
1348.50	503741906559876.56
1349.50	503264217404306.50
1350.50	502785266675750.56
1351.50	502305054374208.88
1352.50	501823580499681.50
1353.50	501340845052168.25
1354.50	500857598789801.75
1355.50	500373268296761.88
1356.50	499887677599303.19
1357.50	499400826697425.56
1358.50	498912715591129.06
1359.50	498427551212277.44
1360.50	497949680447170.19
1361.50	497470568232007.12
1362.50	496990214566788.38
1363.50	496508619451514.00
1364.50	496025782886183.69
1365.50	495584553064348.38
1366.50	495149124946256.69
1367.50	494712528352815.81
1368.50	494274763284025.56
1369.50	493835829739886.19
1370.50	493400152547284.12
1371.50	492970538058723.62
1372.50	492539772087562.88
1373.50	492107854633802.12
1374.50	491674785697441.06
1375.50	491240565278479.69
1376.50	490796719015821.62
1377.50	490350971521343.38
1378.50	489904059160665.62
1379.50	489455981933788.69
1380.50	489006739840712.69
1381.50	488554911627215.44
1382.50	488100246853403.88
1383.50	487644412740453.56
1384.50	487187409288364.00
1385.50	486729236497135.62
1386.50	486269894366768.38
1387.50	485785227121783.25
1388.50	485299355718523.44
1389.50	484812280156988.62
1390.50	484324000437179.38
1391.50	483834516559095.12
1392.50	483329141191016.06
1393.50	482810515032244.06
1394.50	482290646360813.75
1395.50	481769535176725.06
1396.50	481247181479978.44
1397.50	480724176567648.19
1398.50	480205255470550.19
1399.50	479685100323006.31
1400.50	479163711125016.31
1401.50	478641087876580.12
1402.50	478117230577697.88
1403.50	477583805732898.75
1404.50	477044838890739.12
1405.50	476504620005246.69
1406.50	475963149076421.31
1407.50	475420426104263.06
1408.50	474881114408357.62
1409.50	474357102616858.56
1410.50	473831868880581.56
1411.50	473305413199526.62
1412.50	472777735573693.31
1413.50	472248836003082.25
1414.50	471727465753179.00
1415.50	471207213862511.38
1416.50	470685755689916.56
1417.50	470163091235394.38
1418.50	469639220498944.94
1419.50	469117367264317.88
1420.50	468599805302163.25
1421.50	468081049334135.06
1422.50	467561099360233.25
1423.50	467039955380457.81
1424.50	466517617394808.69
1425.50	466049632878385.06
1426.50	465583457892327.56
1427.50	465116170936210.44
1428.50	464647772010033.56
1429.50	464178261113797.06
1430.50	463727089302894.38
1431.50	463291413717209.19
1432.50	462854676522139.44
1433.50	462416877717685.50
1434.50	461978017303846.94
1435.50	461544200038840.94
1436.50	461146856451238.94
1437.50	460748512007182.81
1438.50	460349166706672.75
1439.50	459948820549708.88
1440.50	459547473536290.75
1441.50	459174619301062.00
1442.50	458811174947304.50
1443.50	458446785035411.56
1444.50	458081449565382.94
1445.50	457715168537218.88
1446.50	457348176764404.06
1447.50	456980676141778.00
1448.50	456612230888628.88
1449.50	456242841004956.56
1450.50	455872506490761.12
1451.50	455501227346042.62
1452.50	455105553513859.94
1453.50	454707925003521.00
1454.50	454309318228039.06
1455.50	453909733187414.19
1456.50	453509169881646.38
1457.50	453103948409533.62
1458.50	452695184648666.88
1459.50	452285434064001.19
1460.50	451874696655536.19
1461.50	451462972423272.19
1462.50	451039454868246.69
1463.50	450576595562863.62
1464.50	450112682260416.81
1465.50	449647714960906.06
1466.50	449181693664331.56
1467.50	448714618370693.25
1468.50	448179317698762.31
1469.50	447631929224480.00
1470.50	447083380377570.69
1471.50	446533671158034.19
1472.50	445982801565871.00
1473.50	445434715727601.38
1474.50	444889421673344.00
1475.50	444342977953284.38
1476.50	443795384567422.31
1477.50	443246641515757.94
1478.50	442706762730618.75
1479.50	442218356528901.44
1480.50	441728885324319.62
1481.50	441238349116873.94
1482.50	440746747906563.94
1483.50	440254081693389.88
1484.50	439804392476853.00
1485.50	439363371861708.88
1486.50	438921358604435.50
1487.50	438478352705033.00
1488.50	438034354163501.06
1489.50	437636182776938.19
1490.50	437285845140151.81
1491.50	436934643160136.69
1492.50	436582576836893.31
1493.50	436229646170421.25
1494.50	435884685828945.19
1495.50	435582035797344.44
1496.50	435278590969034.56
1497.50	434974351344015.62
1498.50	434669316922287.56
1499.50	434363487703850.38
1500.50	434158517970299.44
1501.50	433970839880128.81
1502.50	433782526397810.69
1503.50	433593577523345.31
1504.50	433403993256732.56
1505.50	433241683946387.00
1506.50	433101627229561.56
1507.50	432961002534853.75
1508.50	432819809862263.56
1509.50	432678049211791.38
1510.50	432517480107474.50
1511.50	432301561218454.88
1512.50	432084977745258.69
1513.50	431867729687885.62
1514.50	431649817046336.00
1515.50	431431239820609.62
1516.50	431219777510599.75
1517.50	431007985235796.75
1518.50	430795539064117.69
1519.50	430582438995562.56
1520.50	430368685030131.44
1521.50	430109803985483.00
1522.50	429829268272694.88
1523.50	429547992692950.38
1524.50	429265977246249.31
1525.50	428983221932591.50
1526.50	428645236043605.38
1527.50	428227974068136.81
1528.50	427809798096439.75
1529.50	427390708128514.56
1530.50	426970704164360.69
1531.50	426539230760847.62
1532.50	426041946659467.38
1533.50	425543650101496.44
1534.50	425044341086934.88
1535.50	424544019615782.69
1536.50	424042685688039.88
1537.50	423455457814021.62
1538.50	422856609274436.12
1539.50	422256624216523.00
1540.50	421655502640282.31
1541.50	421053244545713.94
1542.50	420390244578350.00
1543.50	419692481060529.81
1544.50	418993460267991.25
1545.50	418293182200734.38
1546.50	417591646858759.06
1547.50	416873585458442.44
1548.50	416132260699397.25
1549.50	415389630535183.88
1550.50	414645694965802.06
1551.50	413900453991251.94
1552.50	413143603172589.38
1553.50	412338460993360.75
1554.50	411531939660966.44
1555.50	410724039175406.38
1556.50	409914759536680.44
1557.50	409104100744788.75
1558.50	408317638958921.19
1559.50	407530897198475.56
1560.50	406742810473933.81
1561.50	405953378785295.81
1562.50	405162602132561.69
1563.50	404441751923879.56
1564.50	403743420251047.25
1565.50	403043865172857.81
1566.50	402343086689311.12
1567.50	401641084800407.19
1568.50	401013652357226.06
1569.50	400447145021201.50
1570.50	399879589995705.88
1571.50	399310987280739.38
1572.50	398741336876301.88
1573.50	398209989747663.62
1574.50	397747646677919.06
1575.50	397284394855134.19
1576.50	396820234279309.12
1577.50	396355164950443.69
1578.50	395908256157534.31
1579.50	395547389012313.50
1580.50	395185747343376.88
1581.50	394823331150724.56
1582.50	394460140434356.69
1583.50	394096653415928.38
1584.50	393779766319948.19
1585.50	393462165100840.38
1586.50	393143849758604.75
1587.50	392824820293241.50
1588.50	392505076704750.44
1589.50	392239277267983.94
1590.50	391982484128488.25
1591.50	391725057776657.94
1592.50	391466998212493.00
1593.50	391208305435993.38
1594.50	390960690707048.56
1595.50	390717479714485.50
1596.50	390473656494688.25
1597.50	390229221047656.56
1598.50	389984173373390.69
1599.50	389651978770037.12
1600.50	389248218353028.12
1601.50	388887555087474.88
1602.50	388619496436484.81
1603.50	388350800174608.50
1604.50	388081466301846.00
1605.50	387811494818197.50
1606.50	387540885723662.69
1607.50	387269639018241.62
1608.50	386997754701934.56
1609.50	386725232774741.25
1610.50	386452073236661.81
1611.50	386178276087696.19
1612.50	385903841327844.44
1613.50	385628768957106.50
1614.50	385353058975482.38
1615.50	385076711382972.00
1616.50	384799726179575.62
1617.50	384419281037248.25
1618.50	383980197829785.88
1619.50	383540278359335.19
1620.50	383099522625896.19
1621.50	382657930629468.94
1622.50	382215502370053.50
1623.50	381772237847649.69
1624.50	381328137062257.69
1625.50	380883200013877.50
1626.50	380437426702508.94
1627.50	379990817128152.12
1628.50	379543371290807.12
1629.50	379095089190473.81
1630.50	378645970827152.19
1631.50	378196016200842.44
1632.50	377753892655327.25
1633.50	377410678975145.62
1634.50	377066761763121.00
1635.50	376722141019253.19
1636.50	376376816743542.50
1637.50	376030788935988.69
1638.50	375684057596591.81
1639.50	375336622725352.00
1640.50	374988484322269.00
1641.50	374639642387343.12
1642.50	374290096920574.12
1643.50	373939847921962.00
1644.50	373588895391507.00
1645.50	373237239329208.88
1646.50	372884879735067.69
1647.50	372531816609083.44
1648.50	372147800898886.44
1649.50	371742011678741.44
1650.50	371335456725260.94
1651.50	370928136038444.75
1652.50	370520049618292.94
1653.50	370111197464805.44
1654.50	369701579577982.19
1655.50	369291195957823.50
1656.50	368880046604329.06
1657.50	368468131517498.88
1658.50	368055450697333.19
1659.50	367642004143831.69
1660.50	367227791856994.56
1661.50	366812813836821.81
1662.50	366397070083313.50
1663.50	365966999986062.31
1664.50	365478302075808.00
1665.50	364988752623220.31
1666.50	364498351628299.44
1667.50	364007099091045.31
1668.50	363514995011458.06
1669.50	363022039389537.50
1670.50	362528232225283.75
1671.50	362033573518696.88
1672.50	361538063269776.62
1673.50	361041701478523.31
1674.50	360544488144936.69
1675.50	360046423269016.81
1676.50	359547506850763.88
1677.50	359047738890177.62
1678.50	358547119387258.19
1679.50	358094750519433.56
1680.50	357647661003558.94
1681.50	357199785644649.62
1682.50	356751124442705.44
1683.50	356301677397726.56
1684.50	355851444509712.88
1685.50	355400425778664.50
1686.50	354948621204581.25
1687.50	354496030787463.31
1688.50	354042654527310.56
1689.50	353588492424123.12
1690.50	353133544477900.88
1691.50	352677810688643.81
1692.50	352221291056352.06
1693.50	351763985581025.56
1694.50	351257760511100.69
1695.50	350728028241719.62
1696.50	350197426582618.81
1697.50	349665955533798.31
1698.50	349133615095258.25
1699.50	348600405266998.50
1700.50	348066326049019.06
1701.50	347531377441320.06
1702.50	346995559443901.25
1703.50	346458872056762.94
1704.50	345921315279904.94
1705.50	345382889113327.25
1706.50	344843593557029.94
1707.50	344303428611013.00
1708.50	343762394275276.38
1709.50	343203381176777.94
1710.50	342630564050650.69
1711.50	342056842417583.50
1712.50	341482216277576.62
1713.50	340906685630629.88
1714.50	340330250476743.31
1715.50	339752910815917.00
1716.50	339174666648150.81
1717.50	338595517973444.75
1718.50	338015464791798.94
1719.50	337434507103213.25
1720.50	336852644907687.81
1721.50	336269878205222.62
1722.50	335686206995817.56
1723.50	335101631279472.69
1724.50	334608868070106.38
1725.50	334191211247179.25
1726.50	333772845424866.81
1727.50	333353770603169.25
1728.50	332933986782086.44
1729.50	332513493961618.38
1730.50	332092292141765.12
1731.50	331670381322526.56
1732.50	331247761503902.88
1733.50	330824432685893.81
1734.50	330400394868499.69
1735.50	329975648051720.31
1736.50	329550192235555.62
1737.50	329124027420005.69
1738.50	328697153605070.69
1739.50	328302239668430.44
1740.50	327925041101422.81
1741.50	327547192224448.19
1742.50	327168693037506.25
1743.50	326789543540597.25
1744.50	326409743733721.12
1745.50	326029293616877.81
1746.50	325648193190067.38
1747.50	325266442453289.81
1748.50	324884041406544.94
1749.50	324500990049833.12
1750.50	324117288383154.06
1751.50	323732936406507.94
1752.50	323347934119894.56
1753.50	322962281523314.06
1754.50	322486276088094.31
1755.50	321988464762004.38
1756.50	321489876886149.50
1757.50	320990512460529.88
1758.50	320490371485145.25
1759.50	319989453959995.75
1760.50	319487759885081.50
1761.50	318985289260402.38
1762.50	318482042085958.25
1763.50	317978018361749.31
1764.50	317473218087775.44
1765.50	316967641264036.75
1766.50	316461287890533.19
1767.50	315954157967264.62
1768.50	315446609380270.44
1769.50	314943042108498.75
1770.50	314438704068876.38
1771.50	313933595261403.50
1772.50	313427715686080.06
1773.50	312921065342905.88
1774.50	312413644231881.19
1775.50	311905452353005.94
1776.50	311396489706279.94
1777.50	310886756291703.44
1778.50	310376252109276.44
1779.50	309864977158998.62
1780.50	309352931440870.38
1781.50	308840114954891.50
1782.50	308326527701062.00
1783.50	307824668553393.69
1784.50	307338630218599.69
1785.50	306851853711580.38
1786.50	306364339032335.69
1787.50	305876086180865.75
1788.50	305387095157170.56
1789.50	304897365961250.06
1790.50	304406898593104.31
1791.50	303915693052733.25
1792.50	303423749340136.75
1793.50	302931067455315.06
1794.50	302437647398268.12
1795.50	301943489168995.94
1796.50	301448592767498.38
1797.50	300952958193775.50
1798.50	300497171124930.38
1799.50	300046228504418.31
1800.50	299594598998962.19
1801.50	299142282608562.00
1802.50	298689279333217.69
1803.50	298235589172929.31
1804.50	297781212127696.88
1805.50	297326148197520.19
1806.50	296870397382399.50
1807.50	296413959682334.69
1808.50	295956835097325.81
1809.50	295499023627372.88
1810.50	295040525272475.75
1811.50	294581340032634.62
1812.50	294176831842302.19
1813.50	293848194997410.44
1814.50	293519016722903.38
1815.50	293189297018780.56
1816.50	292859035885042.44
1817.50	292528233321688.88
1818.50	292196889328719.69
1819.50	291865003906135.12
1820.50	291532577053934.94
1821.50	291199608772119.50
1822.50	290866099060688.44
1823.50	290532047919641.88
1824.50	290197455348979.88
1825.50	289862321348702.38
1826.50	289526315162936.31
1827.50	289184582506334.25
1828.50	288842302383874.75
1829.50	288499474795558.00
1830.50	288156099741383.88
1831.50	287812177221352.44
1832.50	287467707235463.56
1833.50	287122689783717.44
1834.50	286777124866113.88
1835.50	286431012482653.06
1836.50	286084352633334.88
1837.50	285737145318159.31
1838.50	285389390537126.38
1839.50	285041088290236.12
1840.50	284692238577488.44
1841.50	284224478784185.81
1842.50	283722640518706.62
1843.50	283220089979396.25
1844.50	282716827166254.69
1845.50	282212852079281.88
1846.50	281708164718477.94
1847.50	281202765083842.75
1848.50	280696653175376.44
1849.50	280189828993078.84
1850.50	279682292536950.06
1851.50	279174043806990.16
1852.50	278665082803198.94
1853.50	278155409525576.59
1854.50	277645023974123.09
1855.50	277155112479055.72
1856.50	276678643378634.53
1857.50	276201500064797.38
1858.50	275723682537544.41
1859.50	275245190796875.66
1860.50	274766024842791.09
1861.50	274286184675290.75
1862.50	273805670294374.53
1863.50	273324481700042.47
1864.50	272842618892294.56
1865.50	272360081871130.91
1866.50	271876870636551.41
1867.50	271392985188556.09
1868.50	270908425527144.88
1869.50	270578161007836.97
1870.50	270402440311063.72
1871.50	270226376974783.22
1872.50	270049970998995.47
1873.50	269873222383700.41
1874.50	269696131128898.19
1875.50	269518697234588.66
1876.50	269340920700771.91
1877.50	269162801527447.78
1878.50	268984339714616.59
1879.50	268805535262278.03
1880.50	268626388170432.28
1881.50	268446898439079.16
1882.50	268267066068218.97
1883.50	268114820064815.06
1884.50	267990204913614.56
1885.50	267865306435902.75
1886.50	267740124631679.56
1887.50	267614659500945.09
1888.50	267488911043699.38
1889.50	267362879259942.25
1890.50	267236564149673.84
1891.50	267109965712894.09
1892.50	266983083949603.16
1893.50	266855918859800.75
1894.50	266728470443487.12
1895.50	266600738700662.19
1896.50	266472723631325.94
1897.50	266202319272413.56
1898.50	265828523255077.53
1899.50	265454185665874.59
1900.50	265079306504804.66
1901.50	264703885771867.91
1902.50	264327923467064.12
1903.50	263951419590393.41
1904.50	263574374141855.75
1905.50	263196787121451.25
1906.50	262818658529179.72
1907.50	262439988365041.25
1908.50	262060776629035.91
1909.50	261681023321163.66
1910.50	261300728441424.44
1911.50	260789852620993.41
1912.50	260234930035724.78
1913.50	259679284465222.47
1914.50	259122915909486.81
1915.50	258565824368517.69
1916.50	258008009842314.97
1917.50	257449472330878.75
1918.50	256890211834209.00
1919.50	256330228352305.81
1920.50	255769521885169.12
1921.50	255208092432798.84
1922.50	254645939995195.16
1923.50	254083064572357.97
1924.50	253523356577787.47
1925.50	253153658956971.50
1926.50	252783440502831.59
1927.50	252412701215367.78
1928.50	252041441094580.06
1929.50	251669660140468.47
1930.50	251297358353032.94
1931.50	250924535732273.50
1932.50	250551192278190.19
1933.50	250177327990783.00
1934.50	249802942870051.88
1935.50	249428036915996.78
1936.50	249052610128617.84
1937.50	248676662507915.03
1938.50	248372074623045.12
1939.50	248189494442332.12
1940.50	248006593863485.84
1941.50	247823372886506.19
1942.50	247639831511393.44
1943.50	247455969738147.34
1944.50	247271787566768.03
1945.50	247087284997255.47
1946.50	246902462029609.62
1947.50	246717318663830.47
1948.50	246531854899918.16
1949.50	246346070737872.56
1950.50	246159966177693.62
1951.50	245973541219381.56
1952.50	245682510108618.06
1953.50	245363316049330.25
1954.50	245043666373180.50
1955.50	244723561080168.66
1956.50	244403000170294.78
1957.50	244081983643559.00
1958.50	243760511499961.06
1959.50	243438583739501.19
1960.50	243116200362179.34
1961.50	242793361367995.38
1962.50	242470066756949.47
1963.50	242146316529041.56
1964.50	241822110684271.56
1965.50	241537393974305.31
1966.50	241341216814281.59
1967.50	241144715153180.84
1968.50	240947888991002.97
1969.50	240750738327748.00
1970.50	240553263163415.94
1971.50	240355463498006.78
1972.50	240157339331520.62
1973.50	239958890663957.25
1974.50	239760117495316.84
1975.50	239561019825599.34
1976.50	239361597654804.69
1977.50	239161850982933.06
1978.50	238961779809984.25
1979.50	238705511452009.59
1980.50	238443333480258.62
1981.50	238180768973024.09
1982.50	237917817930306.00
1983.50	237654480352104.44
1984.50	237390756238419.25
1985.50	237126645589250.56
1986.50	236862148404598.28
1987.50	236597264684462.50
1988.50	236331994428843.09
1989.50	236066337637740.25
1990.50	235800294311153.81
1991.50	235533864449083.81
1992.50	235275950760197.91
1993.50	235024109496610.88
1994.50	234771897104815.28
1995.50	234519313584811.16
1996.50	234266358936598.44
1997.50	234013033160177.12
1998.50	233759336255547.28
1999.50	233505268222708.88
2000.50	233250829061661.91
2001.50	232996018772406.44
2002.50	232740837354942.28
2003.50	232485284809269.59
2004.50	232229361135388.41
2005.50	231990158994868.19
2006.50	231782362114498.16
2007.50	231574242808164.22
2008.50	231365801075866.56
2009.50	231157036917605.00
2010.50	230947950333379.56
2011.50	230738541323190.44
2012.50	230528809887037.41
2013.50	230318756024920.56
2014.50	230108379736839.91
2015.50	229897681022795.44
2016.50	229686659882787.09
2017.50	229475316316815.00
2018.50	229245190437435.25
2019.50	228935987438433.34
2020.50	228626365746633.47
2021.50	228316325362035.66
2022.50	228005866284639.84
2023.50	227694988514446.19
2024.50	227383692051454.53
2025.50	227071976895664.94
2026.50	226759843047077.41
2027.50	226447290505691.97
2028.50	226134319271508.56
2029.50	225820929344527.22
2030.50	225507120724747.91
2031.50	225208541306112.41
2032.50	225024366308137.28
2033.50	224839900994539.84
2034.50	224655145365320.16
2035.50	224470099420478.22
2036.50	224284763160013.91
2037.50	224099136583927.31
2038.50	223913219692218.50
2039.50	223727012484887.41
2040.50	223540514961934.06
2041.50	223353727123358.41
2042.50	223166648969160.41
2043.50	222979280499340.19
2044.50	222770413405925.44
2045.50	222405631587186.06
2046.50	222040386563707.50
2047.50	221674678335489.72
2048.50	221308506902532.69
2049.50	220941872264836.59
2050.50	220574774422401.19
2051.50	220207213375226.62
2052.50	219839189123312.91
2053.50	219470701666659.94
2054.50	219101751005267.78
2055.50	218732337139136.44
2056.50	218362460068265.88
2057.50	218002152257131.56
2058.50	217681540355435.12
2059.50	217360514009458.59
2060.50	217039073219202.12
2061.50	216717217984665.62
2062.50	216394948305849.09
2063.50	216072264182752.59
2064.50	215749165615376.03
2065.50	215425652603719.34
2066.50	215101725147782.78
2067.50	214777383247566.12
2068.50	214452626903069.50
2069.50	214127456114292.84
2070.50	213828714682680.34
2071.50	213575313825185.00
2072.50	213321568603887.56
2073.50	213067479018787.94
2074.50	212813045069886.19
2075.50	212558266757182.31
2076.50	212303144080676.19
2077.50	212047677040368.00
2078.50	211791865636257.66
2079.50	211535709868345.12
2080.50	211279209736630.47
2081.50	211022365241113.66
2082.50	210765176381794.66
2083.50	210432768684991.66
2084.50	210052051209467.56
2085.50	209670871544330.06
2086.50	209289229689579.31
2087.50	208907125645215.06
2088.50	208524559411237.56
2089.50	208141530987646.75
2090.50	207758040374442.50
2091.50	207374087571624.91
2092.50	206989672579194.00
2093.50	206604795397149.66
2094.50	206219456025492.00
2095.50	205833654464221.03
2096.50	205641972927334.31
2097.50	205466943089811.97
2098.50	205291652829818.28
2099.50	205116102147353.03
2100.50	204940291042416.44
2101.50	204764219515008.41
2102.50	204587887565128.91
2103.50	204411295192778.03
2104.50	204234442397955.66
2105.50	204057329180661.81
2106.50	203879955540896.66
2107.50	203702321478659.97
2108.50	203501908697904.31
2109.50	203251068995412.22
2110.50	202999899968703.62
2111.50	202748401617778.62
2112.50	202496573942637.25
2113.50	202244416943279.34
2114.50	201991930619705.06
2115.50	201739114971914.31
2116.50	201485969999907.06
2117.50	201232495703683.50
2118.50	200978692083243.47
2119.50	200724559138586.97
2120.50	200470096869714.00
2121.50	200335815330872.91
2122.50	200237331553353.47
2123.50	200138665994925.62
2124.50	200039818655589.38
2125.50	199940789535344.59
2126.50	199841578634191.44
2127.50	199742185952129.72
2128.50	199642611489159.69
2129.50	199542855245281.22
2130.50	199442917220494.22
2131.50	199342797414798.84
2132.50	199242495828195.06
2133.50	199045194000183.81
2134.50	198621604002965.56
2135.50	198197529690785.28
2136.50	197772971063642.91
2137.50	197347928121538.56
2138.50	196922400864472.16
2139.50	196496389292443.69
2140.50	196069893405453.28
2141.50	195642913203500.84
2142.50	195215448686586.31
2143.50	194787499854709.81
2144.50	194359066707871.22
2145.50	193930149246070.66
2146.50	193617858916297.41
2147.50	193316781236849.62
2148.50	193015339152896.59
2149.50	192713532664438.41
2150.50	192411361771474.94
2151.50	192108826474006.38
2152.50	191805926772032.53
2153.50	191502662665553.53
2154.50	191199034154569.34
2155.50	190895041239079.94
2156.50	190590683919085.31
2157.50	190285962194585.56
2158.50	190104322715378.59
2159.50	190008257916439.31
2160.50	189912022580597.22
2161.50	189815616707852.22
2162.50	189719040298204.41
2163.50	189622293351653.75
2164.50	189525375868200.22
2165.50	189428287847843.84
2166.50	189331029290584.56
2167.50	189233600196422.50
2168.50	189136000565357.53
2169.50	189038230397389.69
2170.50	188908973147132.03
2171.50	188721330409523.22
2172.50	188533434687792.91
2173.50	188345285981941.12
2174.50	188156884291968.00
2175.50	187968229617873.41
2176.50	187779321959657.38
2177.50	187590161317319.91
2178.50	187400747690860.97
2179.50	187211081080280.62
2180.50	187021161485578.88
2181.50	186830988906755.66
2182.50	186634853515993.84
2183.50	186408469577715.88
2184.50	186181799952980.72
2185.50	185954844641788.44
2186.50	185727603644139.00
2187.50	185500076960032.38
2188.50	185272264589468.56
2189.50	185044166532447.59
2190.50	184815782788969.50
2191.50	184587113359034.28
2192.50	184358158242641.91
2193.50	184128917439792.31
2194.50	183908357114645.84
2195.50	183828053189688.59
2196.50	183747599769724.88
2197.50	183666996854754.81
2198.50	183586244444778.34
2199.50	183505342539795.44
2200.50	183424291139806.16
2201.50	183343090244810.47
2202.50	183261739854808.38
2203.50	183180239969799.81
2204.50	183098590589784.94
2205.50	183016791714763.59
2206.50	182929351804974.34
2207.50	182572550023006.44
2208.50	182215349865916.03
2209.50	181857751333703.09
2210.50	181499754426367.72
2211.50	181141359143909.81
2212.50	180782565486329.38
2213.50	180423373453626.44
2214.50	180063783045801.06
2215.50	179703794262853.25
2216.50	179343407104782.84
2217.50	178982621571589.91
2218.50	178627465690716.94
2219.50	178386501016560.69
2220.50	178145246653825.94
2221.50	177903702602512.62
2222.50	177661868862620.66
2223.50	177419745434150.16
2224.50	177177332317101.12
2225.50	176934629511473.47
2226.50	176691637017267.28
2227.50	176448354834482.53
2228.50	176204782963119.16
2229.50	175960921403177.22
2230.50	175728489899747.22
2231.50	175567804212700.41
2232.50	175406903898689.00
2233.50	175245788957712.91
2234.50	175084459389772.12
2235.50	174922915194866.81
2236.50	174761156372996.75
2237.50	174599182924162.09
2238.50	174436994848362.81
2239.50	174274592145598.81
2240.50	174111974815870.22
2241.50	173949142859176.97
2242.50	173776142723668.16
2243.50	173579683772959.47
2244.50	173382980604645.12
2245.50	173186033218725.12
2246.50	172988841615199.62
2247.50	172791405794068.53
2248.50	172593725755331.75
2249.50	172395801498989.44
2250.50	172197633025041.53
2251.50	171999220333487.97
2252.50	171800563424328.88
2253.50	171601662297564.09
2254.50	171327859785556.34
2255.50	170987512047768.53
2256.50	170646795131114.91
2257.50	170305709035595.62
2258.50	169964253761210.75
2259.50	169622429307960.03
2260.50	169280235675843.72
2261.50	168937672864861.69
2262.50	168594740875013.88
2263.50	168251439706300.47
2264.50	167907769358721.31
2265.50	167563729832276.44
2266.50	167400340860891.16
2267.50	167276496016728.94
2268.50	167152476792530.03
2269.50	167028283188294.59
2270.50	166903915204022.56
2271.50	166779372839713.91
2272.50	166654656095368.66
2273.50	166529764970986.84
2274.50	166404699466568.38
2275.50	166279459582113.41
2276.50	166154045317621.72
2277.50	166021522476890.44
2278.50	165854949108522.12
2279.50	165688165540675.34
2280.50	165521171773350.16
2281.50	165353967806546.50
2282.50	165186553640264.34
2283.50	165018929274503.72
2284.50	164851094709264.66
2285.50	164683049944547.06
2286.50	164514794980351.09
2287.50	164346329816676.59
2288.50	164177654453523.66
2289.50	163942160108781.84
2290.50	163660089702215.38
2291.50	163377710475300.47
2292.50	163095022428037.19
2293.50	162812025560425.50
2294.50	162528719872465.38
2295.50	162245105364156.84
2296.50	161961182035499.88
2297.50	161676949886494.56
2298.50	161392408917140.81
2299.50	161107559127438.66
2300.50	160827017423146.75
2301.50	160607536466414.62
2302.50	160387804029735.25
2303.50	160167820113108.81
2304.50	159947584716535.22
2305.50	159727097840014.41
2306.50	159506359483546.53
2307.50	159285369647131.50
2308.50	159064128330769.22
2309.50	158842635534459.94
2310.50	158620891258203.44
2311.50	158398895501999.78
2312.50	158293742972779.72
2313.50	158263336437279.16
2314.50	158232844440024.75
2315.50	158202266981016.47
2316.50	158171604060254.31
2317.50	158140855677738.25
2318.50	158110021833468.28
2319.50	158079102527444.44
2320.50	158048097759666.69
2321.50	158017007530135.09
2322.50	157985831838849.53
2323.50	157906895101041.44
2324.50	157658727496315.84
2325.50	157410287894692.38
2326.50	157161576296171.12
2327.50	156912592700752.03
2328.50	156663337108435.00
2329.50	156413809519220.19
2330.50	156164009933107.50
2331.50	155913938350096.97
2332.50	155663594770188.62
2333.50	155412979193382.38
2334.50	155162091619678.28
2335.50	154911253537135.38
2336.50	154660191792014.53
2337.50	154408858366439.03
2338.50	154157253260408.81
2339.50	153905376473924.00
2340.50	153653228006984.41
2341.50	153400807859590.19
2342.50	153148116031741.19
2343.50	152895152523437.62
2344.50	152641917334679.34
2345.50	152388410465466.31
2346.50	152175449935614.25
2347.50	151989476125925.88
2348.50	151803288620042.84
2349.50	151616887417965.09
2350.50	151430272519692.66
2351.50	151243443925225.47
2352.50	151056401634563.59
2353.50	150869145647707.03
2354.50	150681675964655.75
2355.50	150493992585409.78
2356.50	150306095509969.09
2357.50	150106182465460.00
2358.50	149887577916645.50
2359.50	149668733998475.59
2360.50	149449650710950.31
2361.50	149230328054069.66
2362.50	149010766027833.69
2363.50	148790964632242.31
2364.50	148570923867295.56
2365.50	148350643732993.44
2366.50	148130124229335.97
2367.50	147909365356323.12
2368.50	147728706563340.66
2369.50	147690924533397.91
2370.50	147653057967229.25
2371.50	147615106864834.72
2372.50	147577071226214.25
2373.50	147538951051367.91
2374.50	147500746340295.62
2375.50	147462457092997.44
2376.50	147424083309473.38
2377.50	147385624989723.41
2378.50	147347082133747.56
2379.50	147282177810328.59
2380.50	147041239652203.31
2381.50	146800047064815.69
2382.50	146558600048165.69
2383.50	146316898602253.34
2384.50	146074942727078.62
2385.50	145832732422641.53
2386.50	145590267688942.06
2387.50	145347548525980.22
2388.50	145104574933756.03
2389.50	144861346912269.47
2390.50	143728288898540.72
2391.50	143543243331402.84
2392.50	143358432585394.41
2393.50	143173856422920.88
2394.50	142989514606485.12
2395.50	142805406898686.84
2396.50	142621533062224.22
2397.50	142437892859892.94
2398.50	142254486054587.94
2399.50	142071312409302.78
