# AU: 0.72333199
# Source data: solarmean_2004-02-07_SORCE_and_TIMED.dat
# File creation date: July 30, 2024

# wavelength (nm)	photon flux (phot/s/cm^2/nm)
0.50	813178.26
1.50	68552195.27
2.50	94188352.03
3.50	109931449.24
4.50	165661246.57
5.50	273167508.62
6.50	409085285.46
7.50	373360085.41
8.50	385791895.60
9.50	346466980.79
10.50	278123778.45
11.50	200168420.52
12.50	119092124.91
13.50	132558635.67
14.50	304668572.73
15.50	314637865.27
16.50	474806499.58
17.50	2926010386.75
18.50	2690954540.72
19.50	2248932042.62
20.50	1709305500.35
21.50	1325953584.70
22.50	1634488574.71
23.50	968257628.02
24.50	1265959099.92
25.50	2250123564.81
26.50	729839583.24
27.50	1016706710.12
28.50	1521259078.39
29.50	544838625.56
30.50	14670525708.74
31.50	1034405015.23
32.50	379371853.18
33.50	1366070900.59
34.50	1374565858.40
35.50	1054921907.67
36.50	2305321673.39
37.50	103559200.87
38.50	146684294.82
39.50	95561168.08
40.50	346026122.08
41.50	333936050.02
42.50	249949059.58
43.50	523541447.38
44.50	324436272.92
45.50	330502308.60
46.50	878161497.31
47.50	423334526.21
48.50	666310651.04
49.50	1034987144.24
50.50	1078836710.84
51.50	437073802.67
52.50	523641703.97
53.50	444170169.17
54.50	296375653.02
55.50	1557370495.55
56.50	398239277.30
57.50	355156023.48
58.50	2956211972.43
59.50	489914548.79
60.50	1241587315.92
61.50	1026139599.25
62.50	2366754400.22
63.50	2044304459.06
64.50	286154684.57
65.50	265081647.04
66.50	297309456.04
67.50	244975167.44
68.50	514042332.70
69.50	392519357.36
70.50	860621292.11
71.50	346125529.11
72.50	353945744.51
73.50	236738735.00
74.50	340207944.18
75.50	462674457.74
76.50	1199429112.62
77.50	1075554885.75
78.50	1541107179.02
79.50	1116127572.47
80.50	894865234.43
81.50	964150409.38
82.50	1181731092.25
83.50	2710931866.77
84.50	1685919313.70
85.50	2058320125.54
86.50	2363081902.65
87.50	2858296701.43
88.50	3418471904.82
89.50	3983660424.96
90.50	4803604061.15
91.50	4218450789.35
92.50	1510036619.58
93.50	1594774679.00
94.50	1176479781.47
95.50	974743057.82
96.50	716538995.67
97.50	12016800620.94
98.50	1491250551.53
99.50	2222142822.45
100.50	1087250925.56
101.50	1352361761.14
102.50	10848205471.59
103.50	9857903394.86
104.50	1785602064.02
105.50	1591378583.27
106.50	1719163250.58
107.50	1959874839.95
108.50	3007518556.52
109.50	2223752521.14
110.50	2572625481.77
111.50	2430397251.30
112.50	2555742710.99
113.50	1733794818.29
114.50	2121503836.39
115.50	2254729159.00
116.50	2779205031.13
117.50	9717489546.22
118.50	3833576611.26
119.50	6472366397.51
120.50	19664413349.82
121.50	841280414585.70
122.50	8187895091.17
123.50	5269990651.34
124.50	3941967603.00
125.50	3518996282.50
126.50	4940273339.48
127.50	2552931950.47
128.50	2051546768.33
129.50	2428539673.14
130.50	20686348392.68
131.50	3356005440.79
132.50	2706254071.21
133.50	25978670408.73
134.50	2550263925.35
135.50	5798698308.20
136.50	3681671572.39
137.50	3992317582.33
138.50	3965224729.66
139.50	11104802160.89
140.50	9551139774.87
141.50	5654284770.69
142.50	6150352267.35
143.50	7062432310.31
144.50	7004175459.05
145.50	7447872049.56
146.50	9277391684.93
147.50	11473928995.28
148.50	11870294326.45
149.50	10778481859.11
150.50	12128303655.57
151.50	13195258954.22
152.50	16610969774.19
153.50	18433353747.12
154.50	31370238009.58
155.50	28194560348.03
156.50	28375243850.81
157.50	25139556969.40
158.50	25177498089.68
159.50	24928209167.46
160.50	28218942407.79
161.50	33440425233.83
162.50	38895965381.98
163.50	41707360415.46
164.50	48855764591.34
165.50	77883240607.61
166.50	53225959966.82
167.50	64035676673.08
168.50	69945337515.83
169.50	93149257084.09
170.50	108159999840.83
171.50	109901331411.57
172.50	121288094124.96
173.50	123135891084.31
174.50	152429855152.47
175.50	188227675923.01
176.50	204873420482.28
177.50	250735868454.26
178.50	281029131119.55
179.50	281704155879.31
180.50	352996941127.68
181.50	418648571065.03
182.50	406313554710.34
183.50	438369669276.02
184.50	380976950320.61
185.50	437410611817.52
186.50	511602045157.17
187.50	576891481097.70
188.50	622447629816.53
189.50	693342649194.58
190.50	732869187955.52
191.50	785184385416.54
192.50	847501629119.21
193.50	657809090733.93
194.50	1081530408454.89
195.50	1060173228574.06
196.50	1200916924843.77
197.50	1228543079661.60
198.50	1242068103834.71
199.50	1354211212386.72
200.50	1484445804088.02
201.50	1663955313892.82
202.50	1651696122376.79
203.50	1921469853021.60
204.50	2133983623681.25
205.50	2203446629485.73
206.50	2293047343445.55
207.50	2659666969384.75
208.50	3064375201000.05
209.50	4428623773818.35
210.50	5793152630423.76
211.50	7019964059533.26
212.50	6734234317245.20
213.50	6102943539480.96
214.50	8695907063550.21
215.50	7167343472659.84
216.50	6930065865252.71
217.50	6707563008009.13
218.50	9567948884098.32
219.50	10085120291802.98
220.50	9997335324107.95
221.50	7128913099699.74
222.50	10560742148416.89
223.50	13479465099013.51
224.50	12498478675648.81
225.50	11049124034891.71
226.50	7818454517395.54
227.50	7939273598300.88
228.50	11436763137232.56
229.50	9735791061691.14
230.50	11932375202184.11
231.50	10341792430584.39
232.50	11201627534283.53
233.50	9471162538231.66
234.50	7691351072169.99
235.50	12439943641492.29
236.50	9607455638913.18
237.50	11726565424436.91
238.50	8079622782917.11
239.50	10027507341836.55
240.50	9245871583002.99
241.50	10843226990865.99
242.50	16321465289406.41
243.50	14926021632508.77
244.50	14244257379592.60
245.50	11293300149303.86
246.50	11325640045615.23
247.50	13137348177790.63
248.50	10212328305606.32
249.50	13055583847760.87
250.50	13795153606629.22
251.50	10740011872102.99
252.50	9508709349736.89
253.50	12235304699135.20
254.50	13700820519113.87
255.50	19540841237046.06
256.50	23541284121416.62
257.50	29373417822516.30
258.50	31253953962747.67
259.50	26343573736966.91
260.50	21429530457224.30
261.50	20979369883474.50
262.50	26688431252974.25
263.50	39145071810371.58
264.50	61331329604669.48
265.50	64063799615902.27
266.50	62421387631361.98
267.50	62747332758337.80
268.50	62817993685154.52
269.50	56104192691063.88
270.50	70876535147608.34
271.50	59267254240960.33
272.50	47241255172459.92
273.50	54046663019372.57
274.50	31845172134647.74
275.50	45893330148370.14
276.50	64027576995175.96
277.50	63786446883485.42
278.50	42134312413785.80
279.50	20119105361610.46
280.50	23361385789188.93
281.50	54943070626192.09
282.50	76853154830874.53
283.50	85427354329154.12
284.50	65532740978647.13
285.50	33460099424007.62
286.50	89314730846303.08
287.50	97755345536893.78
288.50	80886921299431.69
289.50	120806267300374.28
290.50	161872687908728.19
291.50	150725066287784.94
292.50	131778379378115.17
293.50	149564064122703.06
294.50	135174806446612.64
295.50	151800744079813.38
296.50	135174709142212.22
297.50	145118165106390.84
298.50	107781747396898.55
299.50	150212311038371.94
300.50	99484874141547.28
301.50	135647131717636.12
302.50	133632707510744.47
303.50	175383360692356.34
304.50	165284328068329.16
305.50	173349816747678.59
306.50	157907760697846.44
307.50	182924290194701.88
308.50	184080438966283.94
309.50	139722887102227.84
310.50	185000645142986.34
311.50	211712326836395.28
312.50	197495982884831.12
313.50	204858619985395.19
314.50	201399245430573.78
315.50	187178454951316.38
316.50	196259697080731.12
317.50	222091094010254.56
318.50	205525982263517.31
319.50	218106071569439.72
320.50	232767091342376.94
321.50	219329957757275.34
322.50	208659132847965.03
323.50	210121257755059.81
324.50	236554176391457.31
325.50	273504913059058.34
326.50	301594517258278.75
327.50	298042403698483.44
328.50	298773371737362.56
329.50	323236376190325.81
330.50	322913062340380.88
331.50	308406523515916.50
332.50	302798027336260.25
333.50	299178637587934.38
334.50	306634825751368.94
335.50	298880260906614.44
336.50	275280467707048.53
337.50	279205731214941.94
338.50	300193783104279.69
339.50	319437554104085.50
340.50	325144318610784.44
341.50	321168148505014.44
342.50	325478196509163.69
343.50	310449091117521.38
344.50	292324264288570.69
345.50	304221297382095.62
346.50	313969753550388.44
347.50	310602919468303.38
348.50	309350650682101.88
349.50	320863022703759.19
350.50	340625683584517.25
351.50	338833683702536.81
352.50	334623231124226.88
353.50	356493727741459.81
354.50	374943697450618.81
355.50	362106904776027.25
356.50	327177048611590.62
357.50	290743464840095.75
358.50	290621776583382.06
359.50	324843016893824.25
360.50	339227103047384.12
361.50	338401076162363.62
362.50	346311539503357.44
363.50	358975073115556.31
364.50	379820555928818.94
365.50	407750768963970.44
366.50	427467468426020.31
367.50	428184592447521.25
368.50	424697135235171.25
369.50	430973637504501.75
370.50	429123909434539.62
371.50	416413346460072.62
372.50	386177668161525.94
373.50	360492004120086.94
374.50	355852623687459.94
375.50	376797025671648.19
376.50	416858434959475.50
377.50	449243026745954.75
378.50	457151755984956.62
379.50	445252374171399.06
380.50	422730898148331.06
381.50	381188553933239.88
382.50	336857589878598.12
383.50	318687313078827.12
384.50	337071939755001.19
385.50	362337342085320.69
386.50	374802117121841.81
387.50	381874106267496.75
388.50	399656041235095.12
389.50	432150185010140.00
390.50	452415984637146.88
391.50	433049407831863.31
392.50	389410076063370.44
393.50	364177068218847.75
394.50	370706766932807.38
395.50	389635248153957.06
396.50	410851452446560.44
397.50	453739301371070.88
398.50	524923566813154.56
399.50	598286855875200.75
400.50	649491927151028.25
401.50	670988235665647.50
402.50	676273924533853.75
403.50	671972851015929.38
404.50	663271987078911.62
405.50	655148683364365.25
406.50	656353715906590.62
407.50	660609777699905.25
408.50	668324187032502.88
409.50	676771929501025.25
410.50	683439730319738.38
411.50	696766364370358.62
412.50	705409297925874.38
413.50	713310584554641.25
414.50	716367878832511.12
415.50	714020185241153.62
416.50	712276250275583.25
417.50	706238625372115.75
418.50	705951702237021.88
419.50	706443043731628.12
420.50	707771662857439.75
421.50	710460623443796.25
422.50	706902580432694.75
423.50	704155627937925.88
424.50	700286557526741.12
425.50	694832233840011.12
426.50	686506196191775.00
427.50	665737722044901.88
428.50	644792675379524.25
429.50	629934103084235.25
430.50	627698769559417.25
431.50	644607017153402.50
432.50	672887433301520.75
433.50	701894523118919.38
434.50	726853239681554.25
435.50	741503800530194.12
436.50	749083280587221.50
437.50	750454539669775.75
438.50	753767600352514.50
439.50	762794116062506.38
440.50	776573161218899.25
441.50	794908925475844.50
442.50	811321019718379.25
443.50	822373080821471.50
444.50	830921621627980.88
445.50	837189546731603.25
446.50	846505331475793.62
447.50	861479010232073.88
448.50	875808726059907.00
449.50	886546892040541.00
450.50	894488459084891.62
451.50	895393421596383.12
452.50	892181755628355.50
453.50	891103383930274.38
454.50	893008061893684.50
455.50	896015694151314.12
456.50	901376318567794.62
457.50	907502517531385.38
458.50	912316019643193.88
459.50	916780451753979.38
460.50	920886286549191.00
461.50	923973452769129.88
462.50	924988867466707.50
463.50	923544654941336.12
464.50	920504726917783.25
465.50	916925358983619.62
466.50	912916523411591.50
467.50	911259939134070.25
468.50	912507949421069.38
469.50	915355385756908.50
470.50	919944412272841.12
471.50	926227281179588.50
472.50	932802930837785.88
473.50	939048317439195.25
474.50	945484778053140.75
475.50	951590226186302.50
476.50	956797757573583.88
477.50	962035773908797.25
478.50	966751789281475.00
479.50	969130398904229.50
480.50	968374117099865.25
481.50	961033409265231.50
482.50	949612093642588.75
483.50	935933126583268.88
484.50	922086525442579.00
485.50	910555413227130.62
486.50	903842835712240.50
487.50	903796062521941.38
488.50	909009489888144.75
489.50	916818957159732.25
490.50	925734860434557.62
491.50	934239778982229.00
492.50	941672440737065.25
493.50	946431603500070.62
494.50	949546846871777.50
495.50	950126830325912.38
496.50	948710685059121.12
497.50	946612507319793.75
498.50	943483886349640.88
499.50	940357992493152.88
500.50	938332436703506.25
501.50	937821872167402.38
502.50	939416058761043.12
503.50	942760875116702.38
504.50	947133382374910.25
505.50	951658964323917.00
506.50	955420549795520.00
507.50	957402462807239.75
508.50	957769737390954.50
509.50	956842018435224.50
510.50	954118017150002.12
511.50	947499000787472.88
512.50	938355483560387.12
513.50	929477314975442.38
514.50	921431368619776.12
515.50	914307768600385.12
516.50	908605953436204.50
517.50	905672801412905.12
518.50	909399076927619.88
519.50	915653762354281.38
520.50	922306599612055.25
521.50	928970012380219.25
522.50	936161025698805.75
523.50	943896626354959.50
524.50	950856580776529.62
525.50	955873889759938.38
526.50	959421860490708.12
527.50	963070816491999.50
528.50	968905979337062.25
529.50	974212867258276.75
530.50	978542792033266.00
531.50	981654863119964.38
532.50	983798931144618.50
533.50	985473533167285.00
534.50	986382667572543.12
535.50	986323357056620.25
536.50	984911216460345.75
537.50	983517163487452.50
538.50	982445190325019.25
539.50	981961052352136.88
540.50	982307780104915.50
541.50	983204708636627.25
542.50	984570154889873.38
543.50	986357035475987.00
544.50	988553268448192.38
545.50	990710273292649.38
546.50	992654089418986.38
547.50	994972801681879.38
548.50	996869415641361.38
549.50	998305333313620.00
550.50	998835317041857.00
551.50	998691026666674.75
552.50	998166416742434.12
553.50	997653485462215.75
554.50	996966901481480.38
555.50	996135476826942.25
556.50	995049980088247.25
557.50	994006260470344.62
558.50	993210656675734.38
559.50	993355303199281.25
560.50	994093246800619.50
561.50	995091140382839.00
562.50	995970592985706.25
563.50	997249479539137.50
564.50	998822138041570.00
565.50	1001034481447854.25
566.50	1003291143344772.88
567.50	1005597817457196.88
568.50	1007622199271625.50
569.50	1009573576999628.75
570.50	1011430651637900.50
571.50	1013491156807887.62
572.50	1015640453707953.00
573.50	1017742645986491.38
574.50	1019600148871911.00
575.50	1021144516363025.75
576.50	1022237824422682.62
577.50	1023197870116544.62
578.50	1024081336791113.38
579.50	1024334076805933.88
580.50	1023843495005101.38
581.50	1022810748321497.50
582.50	1021611261488461.88
583.50	1020330898219157.50
584.50	1018984022821001.62
585.50	1017530849694819.12
586.50	1016219049509359.00
587.50	1014982659956360.12
588.50	1014210908139466.00
589.50	1013641119054126.50
590.50	1013991191318323.50
591.50	1014431835259971.25
592.50	1015017332690189.38
593.50	1015707473496906.12
594.50	1016466592954143.75
595.50	1017207216257581.38
596.50	1017940991444261.25
597.50	1018431332947422.50
598.50	1018811862159988.50
599.50	1018670837729403.50
600.50	1018361703087637.38
601.50	1017716502567046.75
602.50	1017007239947830.12
603.50	1016226438652899.12
604.50	1015090673786274.75
605.50	1013714009577939.00
606.50	1011867475495895.88
607.50	1009830234856655.62
608.50	1007886246260502.38
609.50	1005955180920765.50
610.50	1004241267506259.12
611.50	1002541810011566.25
612.50	1000865011772871.38
613.50	999181381871729.25
614.50	997744241594892.62
615.50	996337591823994.50
616.50	995893921965635.62
617.50	995484378877917.50
618.50	995708786901477.75
619.50	995914742228613.75
620.50	995897021493384.50
621.50	995866222754799.75
622.50	995641715912680.50
623.50	995413749444524.25
624.50	995418876367700.88
625.50	995418906840403.50
626.50	995581182606557.38
627.50	995745879835779.25
628.50	995364400217283.12
629.50	994909606636463.62
630.50	994320622319712.00
631.50	993692777113588.88
632.50	993223683617508.38
633.50	992822709433189.62
634.50	992439354331136.62
635.50	992067865744018.12
636.50	991530118342769.38
637.50	990773127832975.00
638.50	989994088362726.50
639.50	989167698469657.00
640.50	988344136659301.75
641.50	987617092186487.50
642.50	986882970155907.38
643.50	985008490180985.88
644.50	982983124380496.00
645.50	980788109331995.62
646.50	978506810135747.75
647.50	976321395735967.12
648.50	974261767285919.38
649.50	972248623776086.00
650.50	970470109146465.62
651.50	968681524007332.50
652.50	967051742572624.38
653.50	965429135692548.00
654.50	964362643629320.00
655.50	963635576117587.62
656.50	963379679193660.25
657.50	964235286613213.12
658.50	965089032920422.75
659.50	966451503697826.00
660.50	967829477015994.25
661.50	969120909098828.00
662.50	970356571792409.12
663.50	971549278763694.38
664.50	972599462546737.00
665.50	973648399992799.75
666.50	974584301624914.38
667.50	975497296286209.62
668.50	976099197501404.62
669.50	976270555370747.38
670.50	976438063275758.50
671.50	975818883536035.75
672.50	975177522151985.50
673.50	974476049851935.50
674.50	973716342775562.50
675.50	972949099716656.38
676.50	972143153388098.12
677.50	971330566156408.38
678.50	970467120415720.38
679.50	969556027024439.50
680.50	968638042077535.88
681.50	967697385228505.62
682.50	966749790513224.88
683.50	965787278163981.38
684.50	964807633671853.62
685.50	963820998245923.88
686.50	962740583390404.12
687.50	961639937471165.25
688.50	960519029627225.75
689.50	959355656480993.00
690.50	958184862123697.38
691.50	957038925810624.00
692.50	955903067919462.75
693.50	954760350846903.25
694.50	953651838604061.50
695.50	952536169444021.12
696.50	951429293343253.25
697.50	950346312297975.38
698.50	949256309042449.88
699.50	948201231743193.38
700.50	947161871936426.62
701.50	946115674438756.62
702.50	945090370320833.12
703.50	944060080049683.12
704.50	943011658097607.12
705.50	941910873624922.50
706.50	940803173946027.25
707.50	939676770140038.00
708.50	938527768540194.75
709.50	937371774232811.50
710.50	936220983286934.25
711.50	935069810321513.88
712.50	933911697465395.62
713.50	932700165197045.12
714.50	931472029507481.25
715.50	930236796956165.88
716.50	929093865007980.50
717.50	927945119066914.75
718.50	926811693235921.50
719.50	925819864323211.25
720.50	924821692798350.88
721.50	923837360293015.38
722.50	922910738196642.75
723.50	921978006586199.00
724.50	921024572917572.38
725.50	920033937494794.12
726.50	919037066673333.38
727.50	918083029877323.62
728.50	917203063269756.25
729.50	916317216260244.75
730.50	915482232440259.62
731.50	914723290766099.50
732.50	913958847605816.88
733.50	913156910792423.38
734.50	912305145370893.88
735.50	911447670769100.62
736.50	910605575085077.62
737.50	909789502582837.50
738.50	908967864064610.12
739.50	908214660526150.62
740.50	907593707372663.88
741.50	906967760025817.75
742.50	906387010183859.62
743.50	905930639536019.75
744.50	905469757539440.50
745.50	904995367824628.38
746.50	904472460256778.00
747.50	903944899368838.62
748.50	903409289116119.50
749.50	902787402505250.88
750.50	902160635717600.50
751.50	901528988753168.12
752.50	900908713866536.50
753.50	900285613373482.75
754.50	899657681237761.00
755.50	898957633423901.50
756.50	898223701666155.75
757.50	897484683811603.12
758.50	896694925371589.62
759.50	895852379869366.25
760.50	895004502594856.00
761.50	894147824853290.38
762.50	893274807604747.00
763.50	892396420624902.38
764.50	891512663913756.38
765.50	890725388244418.62
766.50	889936163085286.62
767.50	889141842527438.62
768.50	888447554459677.62
769.50	887800291370780.88
770.50	887148341230069.50
771.50	886480615180152.88
772.50	885787553046972.12
773.50	885089721729896.75
774.50	884387121228927.00
775.50	883646740188924.25
776.50	882901170951349.88
777.50	882150746534257.12
778.50	881402249243496.88
779.50	880653441542499.50
780.50	879899807702043.25
781.50	879130562940121.38
782.50	878310428377950.50
783.50	877485322412058.25
784.50	876655245042444.00
785.50	875712074227596.62
786.50	874725619526205.25
787.50	873733821401062.12
788.50	872720090993398.38
789.50	871656066844209.88
790.50	870586543430514.62
791.50	869511520752312.25
792.50	868540951709523.12
793.50	867598045402253.12
794.50	866650000198865.00
795.50	865710575879198.00
796.50	864812170514769.12
797.50	863908776663096.00
798.50	863000394324178.88
799.50	862012682413092.88
800.50	860983134489252.25
801.50	859948320512580.75
802.50	858916242043863.12
803.50	857971050077030.50
804.50	857020841327173.62
805.50	856065615794292.50
806.50	855159693396983.38
807.50	854315362253499.12
808.50	853466313672137.00
809.50	852612547652896.88
810.50	851716070827203.62
811.50	850805272749460.12
812.50	849889640042695.75
813.50	848960157760932.12
814.50	847952789917562.75
815.50	846940385960097.12
816.50	845922945888535.12
817.50	844951258187872.88
818.50	844050934543662.88
819.50	843145885418292.38
820.50	842236110811761.38
821.50	841418458738551.00
822.50	840648529378548.12
823.50	839874237281013.00
824.50	839095582445945.75
825.50	838220488456944.75
826.50	837328237565069.00
827.50	836431370435258.25
828.50	835506766878818.75
829.50	834269952298840.38
830.50	833027724164306.62
831.50	831780082475217.38
832.50	830496478729084.88
833.50	829110534913544.12
834.50	827718871752632.50
835.50	826321489246350.25
836.50	824964645595205.25
837.50	823681051320073.00
838.50	822392036616876.62
839.50	821097601485615.88
840.50	819668581190576.50
841.50	818088005970133.62
842.50	816501356380908.62
843.50	814908632422901.38
844.50	813230871221984.00
845.50	811479504326409.38
846.50	809721716756440.75
847.50	807957508512077.75
848.50	806413352528285.38
849.50	805027500611672.25
850.50	803636148399162.38
851.50	802239295890755.62
852.50	801124489478693.62
853.50	800204912134046.25
854.50	799280977875945.50
855.50	798352686704391.50
856.50	797595747494715.88
857.50	796967568736576.00
858.50	796335752880942.38
859.50	795700299927815.62
860.50	795110968994788.25
861.50	794565979953694.62
862.50	794017580583026.75
863.50	793465770882784.62
864.50	793061756840408.50
865.50	792855349975454.00
866.50	792646346295862.00
867.50	792434745801631.88
868.50	792326189005948.00
869.50	792440023232966.38
870.50	792552020867808.12
871.50	792662181910472.75
872.50	792742386892522.75
873.50	792683244304245.25
874.50	792621885963589.38
875.50	792558311870555.38
876.50	792492522025143.25
877.50	792201178589809.38
878.50	791907110369988.88
879.50	791610317365681.88
880.50	791310799576888.25
881.50	791033225141881.50
882.50	790759546683007.12
883.50	790483214285912.00
884.50	790204227950595.50
885.50	789867650992010.38
886.50	789485082730404.62
887.50	789099638958080.00
888.50	788711319675036.75
889.50	788259992128878.75
890.50	787658266789579.25
891.50	787053199712874.75
892.50	786444790898765.50
893.50	785833040347251.75
894.50	785120422907410.12
895.50	784404245675047.25
896.50	783684508650162.75
897.50	782961211832757.12
898.50	782166149128572.38
899.50	781333743374272.38
900.50	780497551227249.50
901.50	779657572687503.00
902.50	778831426978220.88
903.50	778040794355947.00
904.50	777246501293756.25
905.50	776448547791648.50
906.50	775646933849623.75
907.50	774902032579203.50
908.50	774158153142647.50
909.50	773410756334657.50
910.50	772659842155234.00
911.50	771892976158150.62
912.50	771110605578498.88
913.50	770324664130392.75
914.50	769535151813832.25
915.50	768737873323869.25
916.50	767881216295346.88
917.50	767020857468980.75
918.50	766156796844771.38
919.50	765289034422718.50
920.50	764486928514839.50
921.50	763729522016020.00
922.50	762968669138066.75
923.50	762204369880979.12
924.50	761439528786091.12
925.50	760700647502212.12
926.50	759958389655708.38
927.50	759212755246580.25
928.50	758463744274827.50
929.50	757673828869147.00
930.50	756850938245103.50
931.50	756024526864662.75
932.50	755194594727824.75
933.50	754361141834589.38
934.50	753475175085272.50
935.50	752585582725412.25
936.50	751692364755008.88
937.50	750795521174062.25
938.50	749967426066556.25
939.50	749240118627017.12
940.50	748509561756276.50
941.50	747775755454334.00
942.50	747038699721190.25
943.50	746437221000861.62
944.50	745867530524987.50
945.50	745294958467525.12
946.50	744719504828474.00
947.50	744104295079580.25
948.50	743276949719895.38
949.50	742446203875849.62
950.50	741612057547443.25
951.50	740774510734676.25
952.50	739933563437548.62
953.50	739270794613105.25
954.50	738662407032966.50
955.50	738051120110953.25
956.50	737436933847065.62
957.50	736839681770228.75
958.50	736440320234164.50
959.50	736038519664410.75
960.50	735634280060967.62
961.50	735227601423835.25
962.50	734844709472236.50
963.50	734500495314516.00
964.50	734153981853878.12
965.50	733805169090323.00
966.50	733454057023849.62
967.50	733071131464777.00
968.50	732671293726690.38
969.50	732269065624126.50
970.50	731864447157085.88
971.50	731457438325568.25
972.50	730933781651436.62
973.50	730397553986744.75
974.50	729858680547990.25
975.50	729317161335172.75
976.50	728751183563035.50
977.50	728058782977843.62
978.50	727363438782300.00
979.50	726665150976403.88
980.50	725963919560155.25
981.50	725246944288660.38
982.50	724503203220459.50
983.50	723756444018975.38
984.50	723006666684208.50
985.50	722253871216158.75
986.50	721485440912924.00
987.50	720702308905758.25
988.50	719916109575470.25
989.50	719126842922059.50
990.50	718334508945526.62
991.50	717515276209748.50
992.50	716681701974961.88
993.50	715844989723700.50
994.50	715005139455964.00
995.50	714162151171752.50
996.50	713378242213114.12
997.50	712606890054214.75
998.50	711832555968509.50
999.50	711055239955998.12
1000.50	710274942016680.50
1001.50	709597122370377.62
1002.50	708926971947942.38
1003.50	708254071032253.25
1004.50	707578419623310.75
1005.50	706900017721114.88
1006.50	706331295235386.00
1007.50	705761182448048.75
1008.50	705188544831770.62
1009.50	704613382386551.75
1010.50	704034057745123.25
1011.50	703421064269224.25
1012.50	702805481150242.62
1013.50	702187308388177.75
1014.50	701566545983029.50
1015.50	700943504400845.12
1016.50	700321447662431.25
1017.50	699696808924115.75
1018.50	699069588185899.62
1019.50	698439785447781.88
1020.50	697813208417589.25
1021.50	697242840691463.25
1022.50	696670017433024.25
1023.50	696094738642272.25
1024.50	695517004319207.50
1025.50	694933945913994.38
1026.50	694319393872902.75
1027.50	693702324139037.88
1028.50	693082736712400.25
1029.50	692460631592989.50
1030.50	691831619904490.62
1031.50	691131256219015.75
1032.50	690428232874851.00
1033.50	689722549871996.62
1034.50	689014207210452.25
1035.50	688302772908311.62
1036.50	687545870604299.88
1037.50	686786225207140.25
1038.50	686023836716832.75
1039.50	685258705133377.50
1040.50	684490830456774.25
1041.50	683721121046557.88
1042.50	682948738724317.50
1043.50	682173615184552.25
1044.50	681395750427262.38
1045.50	680615144452447.50
1046.50	679781747189524.75
1047.50	678935970600246.62
1048.50	678087338921647.62
1049.50	677235852153727.75
1050.50	676381510296486.75
1051.50	675429373429916.75
1052.50	674439052734193.75
1053.50	673445629579325.75
1054.50	672449103965312.62
1055.50	671449475892154.88
1056.50	670424385219493.00
1057.50	669381228889168.75
1058.50	668334899551852.12
1059.50	667285397207542.25
1060.50	666232721856239.88
1061.50	665171788125608.38
1062.50	664101696397669.50
1063.50	663028410833426.25
1064.50	661951931432878.25
1065.50	660872258196025.50
1066.50	659798358919649.62
1067.50	658743258851240.38
1068.50	657685022937032.12
1069.50	656623651177025.12
1070.50	655559143571219.12
1071.50	654504195326368.38
1072.50	653548946557250.12
1073.50	652590777361783.38
1074.50	651629687739967.88
1075.50	650665677691804.12
1076.50	649698747217291.50
1077.50	648867491108876.12
1078.50	648047291725180.38
1079.50	647224454610207.12
1080.50	646398979763956.75
1081.50	645570867186429.38
1082.50	644862084959388.75
1083.50	644205738221402.88
1084.50	643547080339365.38
1085.50	642886111313276.25
1086.50	642222831143135.88
1087.50	641619131002503.25
1088.50	641085955205648.38
1089.50	640550715705715.75
1090.50	640013412502704.88
1091.50	639474045596616.62
1092.50	638949903127212.12
1093.50	638488824468617.88
1094.50	638025832815367.12
1095.50	637560928167459.62
1096.50	637094110524895.62
1097.50	636625379887675.00
1098.50	636208155297918.62
1099.50	635791929059619.50
1100.50	635373892203669.88
1101.50	634954044730070.00
1102.50	634532386638819.38
1103.50	634083893592813.75
1104.50	633621207985516.38
1105.50	633156644067307.50
1106.50	632690201838186.88
1107.50	632221881298154.75
1108.50	631731585129198.62
1109.50	631205123760922.75
1110.50	630676686080696.25
1111.50	630146272088519.75
1112.50	629613881784392.62
1113.50	629077718390882.00
1114.50	628515682548315.50
1115.50	627951624290073.12
1116.50	627385543616155.12
1117.50	626817440526561.62
1118.50	626247315021292.50
1119.50	625659978564892.88
1120.50	625065525190751.38
1121.50	624469013221603.25
1122.50	623870442657448.12
1123.50	623269813498286.50
1124.50	622651875977955.12
1125.50	622009888439264.00
1126.50	621365776152517.38
1127.50	620719539117715.12
1128.50	620071177334857.75
1129.50	619420581567441.88
1130.50	618766408288688.00
1131.50	618110107498671.50
1132.50	617451679197391.50
1133.50	616791123384848.88
1134.50	616128440061043.12
1135.50	615492884122400.00
1136.50	614867211906598.50
1137.50	614239484753870.50
1138.50	613609702664215.75
1139.50	612977865637634.50
1140.50	612345792759914.50
1141.50	611715202397933.50
1142.50	611082566481318.25
1143.50	610447885010069.12
1144.50	609811157984185.75
1145.50	609172385403668.38
1146.50	608481073205625.12
1147.50	607786064334935.25
1148.50	607088919101526.38
1149.50	606389637505397.75
1150.50	605688219546549.62
1151.50	604977400417756.00
1152.50	604259167017197.12
1153.50	603538775498765.25
1154.50	602816225862460.38
1155.50	602091518108282.25
1156.50	601369188970477.00
1157.50	600665394775921.50
1158.50	599959486050313.25
1159.50	599251462793653.25
1160.50	598541325005940.75
1161.50	597829072687176.00
1162.50	597110163659369.50
1163.50	596387774364445.75
1164.50	595663260389768.88
1165.50	594936621735338.62
1166.50	594207858401155.12
1167.50	593469068986026.50
1168.50	592713454756005.88
1169.50	591955677173114.62
1170.50	591195736237353.50
1171.50	590433631948722.62
1172.50	589669364307221.25
1173.50	588941608523607.62
1174.50	588214668819430.12
1175.50	587485636637964.88
1176.50	586754511979212.38
1177.50	586021294843172.38
1178.50	585331904473799.12
1179.50	584688333608753.75
1180.50	584042829303744.12
1181.50	583395391558770.62
1182.50	582746020373832.75
1183.50	582099436165531.50
1184.50	581540690191659.62
1185.50	580980170318731.12
1186.50	580417876546745.88
1187.50	579853808875704.25
1188.50	579287967305605.75
1189.50	578740006882520.62
1190.50	578203419987860.88
1191.50	577665114273438.50
1192.50	577125089739253.50
1193.50	576583346385305.88
1194.50	576051035856985.00
1195.50	575580270740781.75
1196.50	575107911282509.50
1197.50	574633957482168.38
1198.50	574158409339758.50
1199.50	573681266855279.62
1200.50	573281957341665.62
1201.50	572918594503723.38
1202.50	572553831917418.12
1203.50	572187669582749.88
1204.50	571820107499718.75
1205.50	571450129288151.00
1206.50	571075143123034.75
1207.50	570698749544836.12
1208.50	570320948553554.38
1209.50	569941740149189.75
1210.50	569561124331742.38
1211.50	569185149471607.00
1212.50	568809904040537.62
1213.50	568433264689532.25
1214.50	568055231418590.25
1215.50	567675804227712.25
1216.50	567290162376647.62
1217.50	566890074112563.25
1218.50	566488562574504.75
1219.50	566085627762472.12
1220.50	565681269676465.38
1221.50	565275488316484.50
1222.50	564843137182597.62
1223.50	564402223231003.88
1224.50	563959833262527.88
1225.50	563515967277169.75
1226.50	563070625274929.75
1227.50	562610042561978.38
1228.50	562115817620943.56
1229.50	561620041905694.31
1230.50	561122715416230.62
1231.50	560623838152552.44
1232.50	560123410114659.69
1233.50	559598246617513.94
1234.50	559066051962632.94
1235.50	558532260124023.06
1236.50	557996871101684.50
1237.50	557459884895617.12
1238.50	556918571122326.38
1239.50	556369573543942.44
1240.50	555818964558674.88
1241.50	555266744166523.56
1242.50	554712912367488.62
1243.50	554157469161569.88
1244.50	553543911215241.25
1245.50	552916237919990.94
1246.50	552286842480204.38
1247.50	551655724895881.81
1248.50	551022885167022.69
1249.50	550370394012071.25
1250.50	549678021798971.25
1251.50	548983837759054.19
1252.50	548287841892320.12
1253.50	547590034198769.12
1254.50	546890414678401.19
1255.50	546221019120081.75
1256.50	545556900615151.75
1257.50	544891032518426.81
1258.50	544223414829907.31
1259.50	543554047549593.12
1260.50	542899298236904.56
1261.50	542279285223762.31
1262.50	541657606392849.44
1263.50	541034261744166.19
1264.50	540409251277712.50
1265.50	539782574993488.19
1266.50	539182439025898.38
1267.50	538587303260195.69
1268.50	537990556666675.88
1269.50	537392199245339.38
1270.50	536792230996186.06
1271.50	536211085705291.44
1272.50	535676078060085.69
1273.50	535139566724491.75
1274.50	534601551698509.38
1275.50	534062032982138.94
1276.50	533521010575380.25
1277.50	533058295557775.69
1278.50	532614170187127.50
1279.50	532168697312156.69
1280.50	531721876932863.31
1281.50	531273709049247.31
1282.50	530856722368540.38
1283.50	530518140256159.00
1284.50	530178385560243.94
1285.50	529837458280795.31
1286.50	529495358417813.19
1287.50	529152085971297.69
1288.50	528796625053468.75
1289.50	528436864996691.00
1290.50	528075910434869.44
1291.50	527713761368003.94
1292.50	527350417796094.38
1293.50	526983112245136.88
1294.50	526607486046730.19
1295.50	526230650060966.88
1296.50	525852604287846.88
1297.50	525473348727370.62
1298.50	525092883379537.62
1299.50	524709462151317.81
1300.50	524324306486800.94
1301.50	523937937544887.62
1302.50	523550355325578.00
1303.50	523161559828872.25
1304.50	522768751855181.06
1305.50	522366753252527.06
1306.50	521963524866302.56
1307.50	521559066696507.31
1308.50	521153378743141.38
1309.50	520746461006204.62
1310.50	520327222265463.69
1311.50	519903231651215.12
1312.50	519477988981421.94
1313.50	519051494256084.25
1314.50	518623747475202.12
1315.50	518200680147200.81
1316.50	517793264600182.06
1317.50	517384631681760.44
1318.50	516974781391935.31
1319.50	516563713730707.12
1320.50	516151428698075.94
1321.50	515734432292314.88
1322.50	515315109023314.69
1323.50	514894561425104.88
1324.50	514472789497685.00
1325.50	514049793241055.44
1326.50	513628068802588.75
1327.50	513212233573628.50
1328.50	512795188490493.31
1329.50	512376933553183.19
1330.50	511957468761698.06
1331.50	511536794116038.00
1332.50	511115567371024.69
1333.50	510693339627016.25
1334.50	510269903327845.00
1335.50	509845258473510.81
1336.50	509419405064013.94
1337.50	508982634746361.06
1338.50	508518373221382.81
1339.50	508052849373970.06
1340.50	507586063204123.06
1341.50	507118014711841.31
1342.50	506648703897125.19
1343.50	506169266162327.00
1344.50	505686050776674.88
1345.50	505201556150287.25
1346.50	504715782283163.94
1347.50	504228729175304.94
1348.50	503740338347559.38
1349.50	503250524913079.94
1350.50	502759431938788.38
1351.50	502267059424684.94
1352.50	501773407370769.50
1353.50	501278475777042.25
1354.50	500784824921236.94
1355.50	500290499308377.50
1356.50	499794898822869.94
1357.50	499298023464714.31
1358.50	498799873233910.44
1359.50	498313465615808.06
1360.50	497852251155970.38
1361.50	497389819855003.56
1362.50	496926171712908.12
1363.50	496461306729684.12
1364.50	495995224905331.06
1365.50	495553481515147.94
1366.50	495114721921468.50
1367.50	494674789009818.62
1368.50	494233682780198.44
1369.50	493791403232607.88
1370.50	493354406561607.31
1371.50	492926787471518.06
1372.50	492498019857308.19
1373.50	492068103718978.06
1374.50	491637039056527.50
1375.50	491204825869956.50
1376.50	490765621310298.50
1377.50	490324751294163.06
1378.50	489882723526267.94
1379.50	489439538006613.00
1380.50	488995194735198.38
1381.50	488545385185445.94
1382.50	488089350149805.62
1383.50	487632143802706.62
1384.50	487173766144148.56
1385.50	486714217174131.75
1386.50	486253496892656.19
1387.50	485768230332201.69
1388.50	485281758766641.56
1389.50	484794082195975.56
1390.50	484305200620203.94
1391.50	483815114039326.75
1392.50	483309297263280.19
1393.50	482790361839212.12
1394.50	482270183479070.25
1395.50	481748762182854.69
1396.50	481226097950565.38
1397.50	480702117582755.50
1398.50	480176234907681.06
1399.50	479649108248955.88
1400.50	479120737606580.00
1401.50	478591122980553.25
1402.50	478060264370875.88
1403.50	477529635283623.00
1404.50	476998523932213.12
1405.50	476466171778606.06
1406.50	475932578822801.56
1407.50	475397745064799.81
1408.50	474860910429733.94
1409.50	474320137189061.81
1410.50	473778118240426.50
1411.50	473234853583827.75
1412.50	472690343219265.44
1413.50	472144587146740.00
1414.50	471627781103805.69
1415.50	471117804437123.50
1416.50	470606636106242.69
1417.50	470094276111163.06
1418.50	469580724451884.94
1419.50	469069791901684.19
1420.50	468564166241474.12
1421.50	468057363428354.31
1422.50	467549383462324.69
1423.50	467040226343385.00
1424.50	466529892071535.62
1425.50	466066030742164.94
1426.50	465603568772823.38
1427.50	465140000023066.06
1428.50	464675324492892.88
1429.50	464209542182304.00
1430.50	463764336062050.44
1431.50	463336537067446.50
1432.50	462907687431748.00
1433.50	462477787154955.12
1434.50	462046836237067.50
1435.50	461617658039300.69
1436.50	461204788720530.88
1437.50	460790896858006.44
1438.50	460375982451727.62
1439.50	459960045501694.38
1440.50	459543086007906.62
1441.50	459169209230323.06
1442.50	458809878295455.88
1443.50	458449607510837.06
1444.50	458088396876466.88
1445.50	457726246392345.19
1446.50	457363255402638.62
1447.50	456999509324394.50
1448.50	456634823788850.62
1449.50	456269198796006.44
1450.50	455902634345862.31
1451.50	455535130438417.81
1452.50	455133238712839.62
1453.50	454728966832491.62
1454.50	454323707519569.75
1455.50	453917460774074.12
1456.50	453510226596004.75
1457.50	453100542263126.38
1458.50	452688851325109.19
1459.50	452276169552541.88
1460.50	451862496945424.44
1461.50	451447833503756.88
1462.50	451025873471368.06
1463.50	450580541922611.31
1464.50	450134180342684.88
1465.50	449686788731588.75
1466.50	449238367089323.12
1467.50	448788915415887.62
1468.50	448248358361614.69
1469.50	447691975185169.00
1470.50	447134419330255.50
1471.50	446575690796874.12
1472.50	446015789585025.00
1473.50	445462410307823.38
1474.50	444915568631261.25
1475.50	444367575164220.81
1476.50	443818429906702.00
1477.50	443268132858704.75
1478.50	442726067556136.44
1479.50	442232160039882.62
1480.50	441737180066392.81
1481.50	441241127635667.06
1482.50	440744002747705.12
1483.50	440245805402507.50
1484.50	439803678799074.00
1485.50	439373108803645.19
1486.50	438941560236905.81
1487.50	438509033098855.62
1488.50	438075527389494.75
1489.50	437673942887401.50
1490.50	437305689605624.94
1491.50	436936547906824.62
1492.50	436566517791000.75
1493.50	436195599258153.06
1494.50	435836823903095.12
1495.50	435540844988346.56
1496.50	435244080241305.19
1497.50	434946529661970.81
1498.50	434648193250343.56
1499.50	434349071006423.38
1500.50	434159816435987.12
1501.50	433989463625079.06
1502.50	433818498498166.06
1503.50	433646921055248.06
1504.50	433474731296325.12
1505.50	433320210649826.00
1506.50	433180069441120.19
1507.50	433039360073115.69
1508.50	432898082545812.88
1509.50	432756236859211.56
1510.50	432597387620468.12
1511.50	432388609640079.12
1512.50	432179176454286.06
1513.50	431969088063088.69
1514.50	431758344466486.94
1515.50	431546945664481.06
1516.50	431322296865750.50
1517.50	431096451122253.81
1518.50	430869932870913.94
1519.50	430642742111731.00
1520.50	430414878844704.94
1521.50	430152290341264.50
1522.50	429872949222240.44
1523.50	429592869768830.75
1524.50	429312051981035.75
1525.50	429030495858855.31
1526.50	428699796936072.19
1527.50	428298595421868.88
1528.50	427896500893065.62
1529.50	427493513349662.62
1530.50	427089632791659.62
1531.50	426672439265882.44
1532.50	426177992691584.25
1533.50	425682537250317.56
1534.50	425186072942082.31
1535.50	424688599766878.81
1536.50	424190117724706.62
1537.50	423620731783168.44
1538.50	423041601723750.62
1539.50	422461360639648.25
1540.50	421880008530861.25
1541.50	421297545397389.69
1542.50	420644486440536.81
1543.50	419951115827125.12
1544.50	419256493417556.75
1545.50	418560619211831.44
1546.50	417863493209949.44
1547.50	417143781106909.25
1548.50	416392069211032.12
1549.50	415639038268736.19
1550.50	414884688280021.19
1551.50	414129019244887.44
1552.50	413363689369215.69
1553.50	412559003716688.12
1554.50	411752939316227.38
1555.50	410945496167833.19
1556.50	410136674271505.44
1557.50	409326473627244.38
1558.50	408543839596814.25
1559.50	407761070794202.94
1560.50	406976961936527.69
1561.50	406191513023788.44
1562.50	405404724055985.25
1563.50	404689281333687.00
1564.50	403996835798632.25
1565.50	403303174180457.88
1566.50	402608296479163.75
1567.50	401912202694749.81
1568.50	401275029378626.31
1569.50	400685950661915.31
1570.50	400095795280872.44
1571.50	399504563235497.69
1572.50	398912254525791.25
1573.50	398374354651559.12
1574.50	397934152215323.38
1575.50	397493069017378.31
1576.50	397051105057724.00
1577.50	396608260336360.56
1578.50	396178079285842.94
1579.50	395808776139005.06
1580.50	395438687570144.31
1581.50	395067813579260.69
1582.50	394696154166354.38
1583.50	394324208925732.75
1584.50	394000969965032.62
1585.50	393677008682316.94
1586.50	393352325077585.81
1587.50	393026919150839.00
1588.50	392700790902076.81
1589.50	392441250598036.69
1590.50	392192958420949.69
1591.50	391944043561418.19
1592.50	391694506019442.31
1593.50	391444345795022.00
1594.50	391196667830725.81
1595.50	390949702602772.88
1596.50	390702120256041.00
1597.50	390453920790530.00
1598.50	390205104206240.00
1599.50	389871477063309.00
1600.50	389468198918273.56
1601.50	389093951788262.56
1602.50	388782382016430.94
1603.50	388470120168816.94
1604.50	388157166245420.75
1605.50	387843520246242.31
1606.50	387529182171281.81
1607.50	387214152020538.88
1608.50	386898429794014.00
1609.50	386582015491706.75
1610.50	386264909113617.31
1611.50	385947110659745.56
1612.50	385628620130091.69
1613.50	385309437524655.62
1614.50	384989562843437.31
1615.50	384668996086436.81
1616.50	384347737253654.12
1617.50	384006193604479.88
1618.50	383652905923426.62
1619.50	383298888313537.38
1620.50	382944140774812.19
1621.50	382588663307251.06
1622.50	382232455910854.06
1623.50	381875518585621.00
1624.50	381517851331552.12
1625.50	381159454148647.31
1626.50	380800327036906.44
1627.50	380440469996329.69
1628.50	380079883026917.12
1629.50	379718566128668.38
1630.50	379356519301583.88
1631.50	378993742545663.38
1632.50	378624232284755.50
1633.50	378184901322545.81
1634.50	377744748493121.06
1635.50	377303773796481.38
1636.50	376861977232626.69
1637.50	376419358801557.00
1638.50	375975918503272.31
1639.50	375531656337772.69
1640.50	375086572305058.06
1641.50	374640666405128.50
1642.50	374193938637983.88
1643.50	373746389003624.38
1644.50	373298017502049.81
1645.50	372848824133260.31
1646.50	372398808897255.81
1647.50	371947971794036.31
1648.50	371506486515295.19
1649.50	371071265854515.44
1650.50	370635244246806.19
1651.50	370198421692167.38
1652.50	369760798190598.94
1653.50	369322373742101.00
1654.50	368883148346673.38
1655.50	368443122004316.25
1656.50	368002294715029.50
1657.50	367560666478813.19
1658.50	367118237295667.31
1659.50	366675007165591.81
1660.50	366230976088586.81
1661.50	365786144064652.19
1662.50	365340511093788.00
1663.50	364899278195052.25
1664.50	364479436696933.06
1665.50	364058827162956.88
1666.50	363637449593123.38
1667.50	363215303987432.88
1668.50	362792390345885.25
1669.50	362368708668480.50
1670.50	361944258955218.56
1671.50	361519041206099.50
1672.50	361093055421123.44
1673.50	360666301600290.19
1674.50	360238779743599.75
1675.50	359810489851052.31
1676.50	359381431922647.69
1677.50	358951605958385.94
1678.50	358521011958267.06
1679.50	358122264110143.06
1680.50	357726820431272.25
1681.50	357330652354716.31
1682.50	356933759880475.19
1683.50	356536143008548.88
1684.50	356137801738937.38
1685.50	355738736071640.69
1686.50	355338946006658.88
1687.50	354938431543991.81
1688.50	354537192683639.62
1689.50	354135229425602.25
1690.50	353732541769879.75
1691.50	353329129716472.00
1692.50	352924993265379.06
1693.50	352520132416600.94
1694.50	351998457664902.88
1695.50	351421258901120.88
1696.50	350843134240850.88
1697.50	350264083684092.75
1698.50	349684107230846.94
1699.50	349103204881113.12
1700.50	348521376634891.25
1701.50	347938622492181.56
1702.50	347354942452983.88
1703.50	346770336517298.19
1704.50	346184804685124.62
1705.50	345598346956463.25
1706.50	345010963331313.75
1707.50	344422653809676.38
1708.50	343833418391551.06
1709.50	343203233769564.44
1710.50	342541865743258.69
1711.50	341879489672084.00
1712.50	341216105556040.25
1713.50	340551713395127.50
1714.50	339886313189345.69
1715.50	339219904938694.88
1716.50	338552488643175.06
1717.50	337884064302786.25
1718.50	337214631917528.44
1719.50	336544191487401.56
1720.50	335872743012405.75
1721.50	335200286492540.88
1722.50	334526821927806.88
1723.50	333852349318204.00
1724.50	333291621906275.81
1725.50	332823962996115.00
1726.50	332355538015291.12
1727.50	331886346963804.38
1728.50	331416389841654.69
1729.50	330945666648841.94
1730.50	330474177385366.31
1731.50	330001922051227.75
1732.50	329528900646426.12
1733.50	329055113170961.62
1734.50	328580559624834.12
1735.50	328105240008043.69
1736.50	327629154320590.19
1737.50	327152302562473.88
1738.50	326674684733694.56
1739.50	326290598620307.38
1740.50	325958927853288.62
1741.50	325626660420942.62
1742.50	325293796323269.19
1743.50	324960335560268.56
1744.50	324626278131940.69
1745.50	324291624038285.44
1746.50	323956373279303.00
1747.50	323620525854993.25
1748.50	323284081765356.38
1749.50	322947041010392.06
1750.50	322609403590100.44
1751.50	322271169504481.62
1752.50	321932338753535.50
1753.50	321592911337262.00
1754.50	321170045722242.19
1755.50	320727045968556.00
1756.50	320283332965332.69
1757.50	319838906712572.31
1758.50	319393767210274.94
1759.50	318947914458440.31
1760.50	318501348457068.69
1761.50	318054069206160.06
1762.50	317606076705714.31
1763.50	317157370955731.44
1764.50	316707951956211.50
1765.50	316257819707154.50
1766.50	315806974208560.38
1767.50	315355415460429.19
1768.50	314900300327670.19
1769.50	314406674290751.62
1770.50	313912289071340.81
1771.50	313417144669437.88
1772.50	312921241085042.62
1773.50	312424578318155.12
1774.50	311927156368775.50
1775.50	311428975236903.62
1776.50	310930034922539.56
1777.50	310430335425683.25
1778.50	309929876746334.69
1779.50	309428658884493.88
1780.50	308926681840160.94
1781.50	308423945613335.75
1782.50	307920450204018.31
1783.50	307410746020100.31
1784.50	306893048614263.88
1785.50	306374577814026.06
1786.50	305855333619386.81
1787.50	305335316030346.12
1788.50	304814525046904.12
1789.50	304292960669060.69
1790.50	303770622896815.75
1791.50	303247511730169.50
1792.50	302723627169121.81
1793.50	302198969213672.69
1794.50	301673537863822.25
1795.50	301147333119570.31
1796.50	300620354980917.00
1797.50	300092603447862.25
1798.50	299656099930646.56
1799.50	299231480701573.88
1800.50	298806204363653.69
1801.50	298380270916885.94
1802.50	297953680361270.75
1803.50	297526432696808.06
1804.50	297098527923497.94
1805.50	296669966041340.25
1806.50	296240747050335.12
1807.50	295810870950482.56
1808.50	295380337741782.50
1809.50	294949147424234.88
1810.50	294517299997839.81
1811.50	294084795462597.25
1812.50	293703845103338.75
1813.50	293394436325812.31
1814.50	293084507611943.69
1815.50	292774058961732.88
1816.50	292463090375179.94
1817.50	292151601852284.81
1818.50	291839593393047.44
1819.50	291527064997467.88
1820.50	291214016665546.19
1821.50	290900448397282.25
1822.50	290586360192676.25
1823.50	290271752051727.94
1824.50	289956623974437.50
1825.50	289640975960804.88
1826.50	289322529168452.69
1827.50	288967838533935.25
1828.50	288612586374566.12
1829.50	288256772690345.38
1830.50	287900397481272.88
1831.50	287543460747348.81
1832.50	287185962488573.00
1833.50	286827902704945.62
1834.50	286469281396466.38
1835.50	286110098563135.56
1836.50	285750354204953.19
1837.50	285390048321919.06
1838.50	285029180914033.25
1839.50	284667751981295.75
1840.50	284305761523706.62
1841.50	283852611558149.56
1842.50	283373234518258.69
1843.50	282893169804984.62
1844.50	282412417418327.31
1845.50	281930977358286.81
1846.50	281448849624863.09
1847.50	280966034218056.25
1848.50	280482531137866.16
1849.50	279998340384292.84
1850.50	279513461957336.41
1851.50	279027895856996.69
1852.50	278541642083273.78
1853.50	278054700636167.69
1854.50	277567071515678.44
1855.50	277082337432884.97
1856.50	276599309299721.56
1857.50	276115599929375.53
1858.50	275631209321846.91
1859.50	275146137477135.78
1860.50	274660384395242.00
1861.50	274173950076165.69
1862.50	273686834519906.84
1863.50	273199037726465.38
1864.50	272710559695841.34
1865.50	272221400428034.78
1866.50	271731559923045.62
1867.50	271241038180873.88
1868.50	270749835201519.56
1869.50	270437292014913.25
1870.50	270303696410886.25
1871.50	270169803289451.94
1872.50	270035612650610.19
1873.50	269901124494361.12
1874.50	269766338820704.62
1875.50	269631255629640.81
1876.50	269495874921169.50
1877.50	269360196695290.88
1878.50	269224220952004.91
1879.50	269087947691311.56
1880.50	268951376913210.78
1881.50	268814508617702.62
1882.50	268677342804787.16
1883.50	268522824809645.34
1884.50	268350927467958.50
1885.50	268178696389772.59
1886.50	268006131575087.47
1887.50	267833233023903.25
1888.50	267660000736220.03
1889.50	267486434712037.59
1890.50	267312534951356.12
1891.50	267138301454175.44
1892.50	266963734220495.78
1893.50	266788833250316.91
1894.50	266613598543638.94
1895.50	266438030100461.91
1896.50	266262127920785.75
1897.50	265964011745965.38
1898.50	265577128739433.59
1899.50	265189690506677.34
1900.50	264801697047696.50
1901.50	264413148362491.22
1902.50	264024044451061.44
1903.50	263634385313407.06
1904.50	263244170949528.19
1905.50	262853401359424.84
1906.50	262462076543096.94
1907.50	262070196500544.56
1908.50	261677761231767.75
1909.50	261284770736766.34
1910.50	260891225015540.44
1911.50	260351241180002.44
1912.50	259761896412285.47
1913.50	259171792902238.84
1914.50	258580930649862.66
1915.50	257989309655156.88
1916.50	257396929918121.44
1917.50	256803791438756.44
1918.50	256209894217061.72
1919.50	255615238253037.44
1920.50	255019823546683.59
1921.50	254423650098000.06
1922.50	253826717906987.00
1923.50	253229026973644.38
1924.50	252635118170614.62
1925.50	252263073719641.00
1926.50	251890506477111.56
1927.50	251517416443026.31
1928.50	251143803617385.38
1929.50	250769668000188.69
1930.50	250395009591436.09
1931.50	250019828391127.84
1932.50	249644124399263.84
1933.50	249267897615844.00
1934.50	248891148040868.47
1935.50	248513875674337.09
1936.50	248136080516250.03
1937.50	247757762566607.16
1938.50	247494335178360.28
1939.50	247427120076045.38
1940.50	247359704006245.97
1941.50	247292086968961.78
1942.50	247224268964193.03
1943.50	247156249991939.75
1944.50	247088030052201.69
1945.50	247019609144979.09
1946.50	246950987270271.84
1947.50	246882164428079.94
1948.50	246813140618403.44
1949.50	246743915841242.38
1950.50	246674490096596.53
1951.50	246604863384466.16
1952.50	246404158758468.06
1953.50	246168311211517.75
1954.50	245932092999750.47
1955.50	245695504123166.22
1956.50	245458544581764.91
1957.50	245221214375546.59
1958.50	244983513504511.28
1959.50	244745441968658.91
1960.50	244506999767989.62
1961.50	244268186902503.22
1962.50	244029003372199.91
1963.50	243789449177079.50
1964.50	243549524317142.09
1965.50	243280836027211.53
1966.50	242948519228378.34
1967.50	242615738567511.06
1968.50	242282494044609.72
1969.50	241948785659674.25
1970.50	241614613412704.72
1971.50	241279977303701.09
1972.50	240944877332663.44
1973.50	240609313499591.62
1974.50	240273285804485.75
1975.50	239936794247345.69
1976.50	239599838828171.66
1977.50	239262419546963.50
1978.50	238924536403721.28
1979.50	238711901288928.75
1980.50	238511368650898.97
1981.50	238310511726419.34
1982.50	238109330515490.12
1983.50	237907825018111.06
1984.50	237705995234282.28
1985.50	237503841164003.78
1986.50	237301362807275.44
1987.50	237098560164097.38
1988.50	236895433234469.59
1989.50	236691982018392.06
1990.50	236488206515864.72
1991.50	236284106726887.72
1992.50	236068086944823.84
1993.50	235843330131694.09
1994.50	235618228964262.53
1995.50	235392783442529.09
1996.50	235166993566493.84
1997.50	234940859336156.66
1998.50	234714380751517.72
1999.50	234487557812576.91
2000.50	234260390519334.25
2001.50	234032878871789.75
2002.50	233805022869943.34
2003.50	233576822513795.09
2004.50	233348277803345.06
2005.50	233076184818825.09
2006.50	232723428535666.72
2007.50	232370204796964.16
2008.50	232016513602717.38
2009.50	231662354952926.41
2010.50	231307728847591.19
2011.50	230952635286711.88
2012.50	230597074270288.31
2013.50	230241045798320.56
2014.50	229884549870808.59
2015.50	229527586487752.47
2016.50	229170155649152.09
2017.50	228812257355007.53
2018.50	228480153468463.78
2019.50	228259622082912.38
2020.50	228038760195329.19
2021.50	227817567805714.09
2022.50	227596044914067.16
2023.50	227374191520388.44
2024.50	227152007624677.81
2025.50	226929493226935.34
2026.50	226706648327161.06
2027.50	226483472925354.94
2028.50	226259967021516.97
2029.50	226036130615647.12
2030.50	225811963707745.44
2031.50	225572413920694.31
2032.50	225222080377517.44
2033.50	224871292840823.59
2034.50	224520051310612.84
2035.50	224168355786885.19
2036.50	223816206269640.47
2037.50	223463602758878.94
2038.50	223110545254600.44
2039.50	222757033756804.97
2040.50	222403068265492.62
2041.50	222048648780663.28
2042.50	221693775302317.00
2043.50	221338447830453.84
2044.50	220984348186305.44
2045.50	220642135582010.34
2046.50	220299482694324.88
2047.50	219956389523249.12
2048.50	219612856068783.00
2049.50	219268882330926.66
2050.50	218924468309679.91
2051.50	218579614005042.88
2052.50	218234319417015.53
2053.50	217888584545597.81
2054.50	217542409390789.81
2055.50	217195793952591.50
2056.50	216848738231002.84
2057.50	216525471958030.00
2058.50	216298754987476.12
2059.50	216071715496506.38
2060.50	215844353485120.91
2061.50	215616668953319.62
2062.50	215388661901102.47
2063.50	215160332328469.59
2064.50	214931680235420.91
2065.50	214702705621956.28
2066.50	214473408488075.97
2067.50	214243788833779.78
2068.50	214013846659067.88
2069.50	213783581963940.12
2070.50	213551133624968.50
2071.50	213315190497418.28
2072.50	213078919990661.41
2073.50	212842322104697.69
2074.50	212605396839527.28
2075.50	212368144195150.16
2076.50	212130564171566.19
2077.50	211892656768775.53
2078.50	211654421986778.19
2079.50	211415859825574.03
2080.50	211176970285163.16
2081.50	210937753365545.53
2082.50	210698209066721.09
2083.50	210354450325262.59
2084.50	209943813004208.62
2085.50	209532684822631.50
2086.50	209121065780531.28
2087.50	208708955877907.84
2088.50	208296355114761.34
2089.50	207883263491091.69
2090.50	207469681006898.88
2091.50	207055607662182.91
2092.50	206641043456943.84
2093.50	206225988391181.50
2094.50	205810442464896.16
2095.50	205394405678087.66
2096.50	205175373266688.78
2097.50	204973220089761.28
2098.50	204770780840037.62
2099.50	204568055517517.56
2100.50	204365044122201.38
2101.50	204161746654088.91
2102.50	203958163113180.12
2103.50	203754293499475.19
2104.50	203550137812973.88
2105.50	203345696053676.41
2106.50	203140968221582.59
2107.50	202935954316692.62
2108.50	202732571164344.78
2109.50	202533172263062.22
2110.50	202333493154107.81
2111.50	202133533837481.78
2112.50	201933294313184.09
2113.50	201732774581214.59
2114.50	201531974641573.44
2115.50	201330894494260.53
2116.50	201129534139275.88
2117.50	200927893576619.53
2118.50	200725972806291.47
2119.50	200523771828291.69
2120.50	200321290642620.22
2121.50	200146045635455.53
2122.50	199978769415637.62
2123.50	199811246677110.06
2124.50	199643477419872.78
2125.50	199475461643925.78
2126.50	199307199349269.12
2127.50	199138690535902.69
2128.50	198969935203826.62
2129.50	198800933353040.91
2130.50	198631684983545.41
2131.50	198462190095340.28
2132.50	198292448688425.47
2133.50	198055960740382.16
2134.50	197663924487034.06
2135.50	197271433918640.34
2136.50	196878489035200.91
2137.50	196485089836715.81
2138.50	196091236323185.06
2139.50	195696928494608.59
2140.50	195302166350986.53
2141.50	194906949892318.81
2142.50	194511279118605.38
2143.50	194115154029846.31
2144.50	193718574626041.56
2145.50	193321540907191.12
2146.50	192983035779040.84
2147.50	192649967484992.09
2148.50	192316505268518.16
2149.50	191982649129619.09
2150.50	191648399068294.69
2151.50	191313755084545.31
2152.50	190978717178370.66
2153.50	190643285349770.88
2154.50	190307459598745.91
2155.50	189971239925295.72
2156.50	189634626329420.34
2157.50	189297618811119.88
2158.50	189084682630958.19
2159.50	188958000733052.34
2160.50	188831120380007.75
2161.50	188704041571824.19
2162.50	188576764308501.78
2163.50	188449288590040.59
2164.50	188321614416440.47
2165.50	188193741787701.47
2166.50	188065670703823.59
2167.50	187937401164806.94
2168.50	187808933170651.34
2169.50	187680266721356.94
2170.50	187578409824993.62
2171.50	187526560198039.81
2172.50	187474583220058.91
2173.50	187422478891051.00
2174.50	187370247211016.00
2175.50	187317888179954.00
2176.50	187265401797864.94
2177.50	187212788064748.78
2178.50	187160046980605.56
2179.50	187107178545435.34
2180.50	187054182759238.06
2181.50	187001059622013.72
2182.50	186923255237460.12
2183.50	186716333981230.81
2184.50	186509144744556.94
2185.50	186301687527438.47
2186.50	186093962329875.38
2187.50	185885969151867.72
2188.50	185677707993415.47
2189.50	185469178854518.59
2190.50	185260381735177.12
2191.50	185051316635391.12
2192.50	184841983555160.53
2193.50	184632382494485.28
2194.50	184422675477267.00
2195.50	184215240158422.59
2196.50	184007539320193.88
2197.50	183799572962580.84
2198.50	183591341085583.47
2199.50	183382843689201.72
2200.50	183174080773435.62
2201.50	182965052338285.19
2202.50	182755758383750.41
2203.50	182546198909831.34
2204.50	182336373916527.91
2205.50	182126283403840.09
2206.50	181915710163319.28
2207.50	181694223168975.81
2208.50	181472460811221.31
2209.50	181250423090055.81
2210.50	181028110005479.28
2211.50	180805521557491.66
2212.50	180582657746093.09
2213.50	180359518571283.50
2214.50	180136104033062.88
2215.50	179912414131431.25
2216.50	179688448866388.59
2217.50	179464208237934.84
2218.50	179240868392161.53
2219.50	179039611091941.38
2220.50	178838099634460.25
2221.50	178636334019717.94
2222.50	178434314247714.59
2223.50	178232040318450.12
2224.50	178029512231924.66
2225.50	177826729988138.06
2226.50	177623693587090.41
2227.50	177420403028781.72
2228.50	177216858313211.88
2229.50	177013059440381.00
2230.50	176798834150440.78
2231.50	176521830828435.50
2232.50	176244508198755.47
2233.50	175966866261400.62
2234.50	175688905016370.94
2235.50	175410624463666.47
2236.50	175132024603287.16
2237.50	174853105435233.09
2238.50	174573866959504.19
2239.50	174294309176100.47
2240.50	174014432085021.94
2241.50	173734235686268.62
2242.50	173459886617317.03
2243.50	173199618977676.97
2244.50	172939050362989.34
2245.50	172678180773253.97
2246.50	172417010208471.12
2247.50	172155538668640.66
2248.50	171893766153762.56
2249.50	171631692663836.91
2250.50	171369318198863.59
2251.50	171106642758842.69
2252.50	170843666343774.19
2253.50	170580388953658.12
2254.50	170323687171072.81
2255.50	170072791320146.59
2256.50	169821606004205.16
2257.50	169570131223248.62
2258.50	169318366977277.03
2259.50	169066313266290.25
2260.50	168813970090288.38
2261.50	168561337449271.34
2262.50	168308415343239.16
2263.50	168055203772191.97
2264.50	167801702736129.56
2265.50	167547912235052.06
2266.50	167419479492714.50
2267.50	167318461425635.28
2268.50	167217289104943.25
2269.50	167115962530638.44
2270.50	167014481702720.78
2271.50	166912846621190.28
2272.50	166811057286046.91
2273.50	166709113697290.78
2274.50	166607015854921.75
2275.50	166504763758939.97
2276.50	166402357409345.31
2277.50	166284645726941.59
2278.50	166092761089964.56
2279.50	165900643934614.81
2280.50	165708294260892.47
2281.50	165515712068797.44
2282.50	165322897358329.69
2283.50	165129850129489.31
2284.50	164936570382276.28
2285.50	164743058116690.50
2286.50	164549313332732.12
2287.50	164355336030401.03
2288.50	164161126209697.28
2289.50	163949820257354.62
2290.50	163726543154786.34
2291.50	163503008565603.06
2292.50	163279216489804.84
2293.50	163055166927391.69
2294.50	162830859878363.53
2295.50	162606295342720.44
2296.50	162381473320462.34
2297.50	162156393811589.31
2298.50	161931056816101.31
2299.50	161705462333998.34
2300.50	161484861770314.00
2301.50	161333807279946.28
2302.50	161182560523630.25
2303.50	161031121501366.06
2304.50	160879490213153.62
2305.50	160727666658992.94
2306.50	160575650838884.00
2307.50	160423442752826.88
2308.50	160271042400821.47
2309.50	160118449782867.84
2310.50	159965664898966.00
2311.50	159812687749115.91
2312.50	159608817678312.47
2313.50	159372282302101.44
2314.50	159135482775982.97
2315.50	158898419099957.00
2316.50	158661091274023.56
2317.50	158423499298182.66
2318.50	158185643172434.25
2319.50	157947522896778.34
2320.50	157709138471214.97
2321.50	157470489895744.16
2322.50	157231577170365.81
2323.50	156989079166365.81
2324.50	156734534175085.75
2325.50	156479712039674.34
2326.50	156224612760131.59
2327.50	155969236336457.47
2328.50	155713582768651.91
2329.50	155457652056715.03
2330.50	155201444200646.75
2331.50	154944959200447.06
2332.50	154688197056116.03
2333.50	154431157767653.66
2334.50	154173841335059.91
2335.50	154005724852350.97
2336.50	153850783714241.81
2337.50	153695653504991.69
2338.50	153540334224600.59
2339.50	153384825873068.47
2340.50	153229128450395.31
2341.50	153073241956581.16
2342.50	152917166391626.00
2343.50	152760901755529.81
2344.50	152604448048292.66
2345.50	152447805269914.47
2346.50	152282774003945.28
2347.50	152112078071021.22
2348.50	151941181419230.53
2349.50	151770084048573.31
2350.50	151598785959049.38
2351.50	151427287150658.81
2352.50	151255587623401.66
2353.50	151083687377277.84
2354.50	150911586412287.41
2355.50	150739284728430.38
2356.50	150566782325706.72
2357.50	150378519985639.94
2358.50	150165697190540.88
2359.50	149952639831033.69
2360.50	149739347907118.50
2361.50	149525821418795.16
2362.50	149312060366063.75
2363.50	149098064748924.31
2364.50	148883834567376.75
2365.50	148669369821421.09
2366.50	148454670511057.34
2367.50	148239736636285.56
2368.50	148021370204761.19
2369.50	147791423384759.81
2370.50	147561229725637.34
2371.50	147330789227393.81
2372.50	147100101890029.31
2373.50	146869167713543.66
2374.50	146637986697937.00
2375.50	146406558843209.28
2376.50	146174884149360.47
2377.50	145942962616390.62
2378.50	145710794244299.75
2379.50	145500490019565.12
2380.50	145437993251975.88
2381.50	145375392603459.56
2382.50	145312688074016.25
2383.50	145249879663645.97
2384.50	145186967372348.62
2385.50	145123951200124.31
2386.50	145060831146973.00
2387.50	144997607212894.62
2388.50	144934279397889.22
2389.50	144870847701956.88
2390.50	143379042978412.41
2391.50	143193594016919.44
2392.50	143008379776572.03
2393.50	142823400020334.88
2394.50	142638654511267.84
2395.50	142454143012527.56
2396.50	142269865287367.28
2397.50	142085821099137.00
2398.50	141902010211284.53
2399.50	141718432387355.31
