1.000000000000000008e-50
1.000000000000000008e-50
1.000000000000000008e-50
1.000000000000000008e-50
1.000000000000000008e-50
1.000000000000000008e-50
1.000000000000000008e-50
1.000000000000000008e-50
1.000000000000000008e-50
1.000000000000000008e-50
1.000000000000000008e-50
1.000000000000000008e-50
1.000000000000000008e-50
1.000000000000000008e-50
1.000000000000000008e-50
1.000000000000000008e-50
1.000000000000000008e-50
1.000000000000000008e-50
1.000000000000000008e-50
1.000000000000000008e-50
1.000000000000000008e-50
1.000000000000000008e-50
1.000000000000000008e-50
1.000000000000000008e-50
1.000000000000000008e-50
1.000000000000000008e-50
1.000000000000000008e-50
1.000000000000000008e-50
1.000000000000000008e-50
1.000000000000000008e-50
1.000000000000000008e-50
1.000000000000000008e-50
1.000000000000000008e-50
1.000000000000000008e-50
1.000000000000000008e-50
1.000000000000000008e-50
1.000000000000000008e-50
1.000000000000000008e-50
1.000000000000000008e-50
1.000000000000000008e-50
2.872658599999999697e-48
2.186169400000000087e-41
1.240500700000000033e-35
7.995131900000000235e-31
8.311137600000000056e-27
1.867505599999999889e-23
1.159367000000000029e-20
2.444524099999999841e-18
2.083409899999999935e-16
8.313170100000000129e-15
1.758210699999999988e-13
2.189163399999999876e-12
1.754011600000000071e-11
9.755580099999999652e-11
4.019841800000000002e-10
1.297970800000000065e-09
3.444589000000000087e-09
7.813093800000000336e-09
1.562019700000000017e-08
2.818281900000000018e-08
4.673744500000000310e-08
7.229219100000000108e-08
1.055781899999999952e-07
1.472127300000000093e-07
1.984556200000000116e-07
2.633470799999999814e-07
3.529858300000000005e-07
4.926072300000000255e-07
7.339439700000000210e-07
1.177323399999999903e-06
1.998729000000000189e-06
3.454445399999999850e-06
5.826300600000000078e-06
9.309529100000000503e-06
1.391474699999999934e-05
1.946148600000000166e-05
2.566657000000000048e-05
3.225934800000000263e-05
3.906036199999999897e-05
4.600864899999999928e-05
5.311042699999999944e-05
6.038847600000000061e-05
6.786767500000000577e-05
7.557278799999999632e-05
8.352511100000000106e-05
9.174704400000000134e-05
1.002612199999999962e-04
1.090900500000000043e-04
1.182580899999999979e-04
1.277916199999999994e-04
1.377183300000000079e-04
1.480675299999999867e-04
1.588687199999999937e-04
1.701521899999999929e-04
1.819500299999999931e-04
1.942953600000000072e-04
2.072222400000000057e-04
2.207653900000000049e-04
2.349603600000000118e-04
2.498437299999999831e-04
2.654527300000000161e-04
2.818260600000000262e-04
2.990031499999999936e-04
3.170240900000000257e-04
3.359277900000000121e-04
3.557528200000000082e-04
3.765371800000000160e-04
3.983177800000000019e-04
4.211253500000000150e-04
4.449923699999999965e-04
4.699449699999999988e-04
4.960047500000000151e-04
5.231990899999999821e-04
5.515510999999999851e-04
5.810673099999999524e-04
6.116523499999999749e-04
6.427140600000000445e-04
6.717526799999999545e-04
6.933377799999999522e-04
7.038692300000000358e-04
7.038692300000000358e-04
7.038692300000000358e-04
7.038692300000000358e-04
7.038692300000000358e-04
