3.703176700000000210e+01
3.703176700000000210e+01
3.703176700000000210e+01
3.703176700000000210e+01
3.703176700000000210e+01
3.703176700000000210e+01
3.703176700000000210e+01
3.703176700000000210e+01
3.703176700000000210e+01
3.703176700000000210e+01
3.703176700000000210e+01
3.703176700000000210e+01
3.703176700000000210e+01
3.703176700000000210e+01
3.703176700000000210e+01
3.703176700000000210e+01
3.703176700000000210e+01
3.703176700000000210e+01
3.703176700000000210e+01
3.703176700000000210e+01
3.703176700000000210e+01
3.703176700000000210e+01
3.703176700000000210e+01
3.703176700000000210e+01
3.703176700000000210e+01
3.703176700000000210e+01
3.703176700000000210e+01
3.703176700000000210e+01
3.703176700000000210e+01
3.703176700000000210e+01
3.703176700000000210e+01
3.703176700000000210e+01
3.703176700000000210e+01
3.703176700000000210e+01
3.703176700000000210e+01
3.703176700000000210e+01
3.703176700000000210e+01
3.703176700000000210e+01
3.703176700000000210e+01
3.703176700000000210e+01
3.703176700000000210e+01
3.703176700000000210e+01
3.703176700000000210e+01
3.703176700000000210e+01
3.703176700000000210e+01
3.703176700000000210e+01
3.703176700000000210e+01
3.703176700000000210e+01
3.703176700000000210e+01
3.703176700000000210e+01
3.703176700000000210e+01
3.703176700000000210e+01
3.703176700000000210e+01
3.703176700000000210e+01
3.703176700000000210e+01
3.703176700000000210e+01
3.703176700000000210e+01
3.703176700000000210e+01
3.703176700000000210e+01
3.703176700000000210e+01
3.703176700000000210e+01
3.703176700000000210e+01
3.703176700000000210e+01
3.703176700000000210e+01
3.703176700000000210e+01
3.703176700000000210e+01
3.703176700000000210e+01
3.703176700000000210e+01
3.703176700000000210e+01
3.703176700000000210e+01
3.703176700000000210e+01
3.703176700000000210e+01
3.703176700000000210e+01
3.703176700000000210e+01
3.703176700000000210e+01
3.703176700000000210e+01
3.703176700000000210e+01
3.703176700000000210e+01
3.703176700000000210e+01
3.703176700000000210e+01
3.703176700000000210e+01
3.703176700000000210e+01
3.703176700000000210e+01
3.703176700000000210e+01
3.703176700000000210e+01
3.703176700000000210e+01
3.703176700000000210e+01
3.703176700000000210e+01
3.703176700000000210e+01
3.703176700000000210e+01
3.703176700000000210e+01
3.703176700000000210e+01
3.678534499999999952e+01
3.623919500000000227e+01
3.543657799999999725e+01
3.442158299999999826e+01
3.323734699999999975e+01
3.192463100000000153e+01
3.052040900000000079e+01
2.905722499999999897e+01
2.756305300000000003e+01
2.606139399999999995e+01
2.457159199999999899e+01
2.310915400000000020e+01
2.168615600000000043e+01
2.031170900000000046e+01
1.899240199999999845e+01
1.773273999999999972e+01
1.653544399999999825e+01
1.540177899999999944e+01
1.433185699999999940e+01
1.332495199999999969e+01
1.237966499999999925e+01
1.149409299999999945e+01
1.066598699999999944e+01
9.892870800000000742e+00
9.172143000000000157e+00
8.501120300000000185e+00
7.877049699999999710e+00
7.297148800000000435e+00
7.297148800000000435e+00
7.297148800000000435e+00
7.297148800000000435e+00
7.297148800000000435e+00
