1.000000000000000008e-50
1.000000000000000008e-50
1.000000000000000008e-50
1.000000000000000008e-50
1.000000000000000008e-50
1.000000000000000008e-50
1.000000000000000008e-50
1.000000000000000008e-50
1.000000000000000008e-50
1.000000000000000008e-50
1.000000000000000008e-50
1.000000000000000008e-50
1.000000000000000008e-50
1.000000000000000008e-50
1.000000000000000008e-50
1.000000000000000008e-50
1.000000000000000008e-50
1.000000000000000008e-50
1.000000000000000008e-50
1.000000000000000008e-50
1.000000000000000008e-50
1.000000000000000008e-50
1.000000000000000008e-50
1.000000000000000008e-50
1.000000000000000008e-50
1.000000000000000008e-50
1.000000000000000008e-50
1.000000000000000008e-50
1.000000000000000008e-50
1.000000000000000008e-50
1.000000000000000008e-50
1.000000000000000008e-50
1.000000000000000008e-50
1.000000000000000008e-50
1.000000000000000008e-50
1.000000000000000008e-50
1.000000000000000008e-50
1.000000000000000008e-50
1.000000000000000008e-50
1.000000000000000008e-50
2.775069499999999921e-42
2.112901800000000094e-35
1.199114699999999950e-29
7.729615699999999872e-25
8.036681500000000470e-21
1.806363199999999972e-17
1.122036800000000010e-14
2.368405900000000059e-12
2.022502299999999901e-10
8.095431599999999303e-09
1.719791600000000056e-07
2.153596500000000024e-06
1.737334899999999919e-05
9.740375399999999821e-05
4.052997399999999943e-04
1.325535799999999920e-03
3.578792400000000047e-03
8.301077699999999393e-03
1.705432999999999949e-02
3.174317499999999848e-02
5.444724100000000039e-02
8.722060700000000555e-02
1.319165900000000002e-01
1.901859599999999872e-01
2.642557899999999904e-01
3.598052099999999864e-01
4.922250000000000236e-01
6.963760500000000242e-01
1.039067200000000080e+00
1.631645900000000093e+00
2.629093199999999797e+00
4.191161600000000043e+00
6.406366199999999900e+00
9.228728699999999563e+00
1.248007999999999917e+01
1.591349499999999928e+01
1.929044899999999885e+01
2.243522899999999964e+01
2.526242500000000035e+01
2.776734199999999930e+01
2.998341999999999885e+01
3.195020200000000088e+01
3.370383400000000051e+01
3.527596499999999935e+01
3.669385100000000222e+01
3.798088200000000114e+01
3.915720900000000171e+01
4.024021100000000217e+01
4.124488900000000058e+01
4.218421800000000133e+01
4.306942500000000251e+01
4.391024500000000330e+01
4.471510500000000121e+01
4.549120899999999779e+01
4.624456399999999689e+01
4.698015199999999680e+01
4.770234899999999811e+01
4.841518200000000149e+01
4.912230100000000022e+01
4.982694899999999905e+01
5.053192800000000062e+01
5.123932700000000295e+01
5.195031900000000036e+01
5.266567799999999977e+01
5.338684599999999847e+01
5.411623199999999656e+01
5.485632600000000281e+01
5.560889399999999938e+01
5.637483399999999989e+01
5.715448200000000156e+01
5.794779900000000339e+01
5.875556699999999921e+01
5.958339999999999748e+01
6.045344800000000163e+01
6.143391799999999847e+01
6.269708899999999829e+01
6.461206500000000119e+01
6.786053900000000283e+01
7.355117300000000569e+01
8.317897600000000580e+01
8.317897600000000580e+01
8.317897600000000580e+01
8.317897600000000580e+01
8.317897600000000580e+01
