1.000000000000000008e-50
1.000000000000000008e-50
1.000000000000000008e-50
1.000000000000000008e-50
1.000000000000000008e-50
1.000000000000000008e-50
1.000000000000000008e-50
1.000000000000000008e-50
1.000000000000000008e-50
1.000000000000000008e-50
1.000000000000000008e-50
1.000000000000000008e-50
1.000000000000000008e-50
1.000000000000000008e-50
1.000000000000000008e-50
1.000000000000000008e-50
1.000000000000000008e-50
1.000000000000000008e-50
1.000000000000000008e-50
1.000000000000000008e-50
1.000000000000000008e-50
1.000000000000000008e-50
1.000000000000000008e-50
1.000000000000000008e-50
1.000000000000000008e-50
1.000000000000000008e-50
1.000000000000000008e-50
1.000000000000000008e-50
1.000000000000000008e-50
1.000000000000000008e-50
1.000000000000000008e-50
1.000000000000000008e-50
1.000000000000000008e-50
1.000000000000000008e-50
1.000000000000000008e-50
1.000000000000000008e-50
1.000000000000000008e-50
1.000000000000000008e-50
1.000000000000000008e-50
1.000000000000000008e-50
1.235233599999999989e-42
9.403754700000000038e-36
5.336441900000000218e-30
3.439794400000000017e-25
3.576404299999999998e-21
8.038702600000000183e-18
4.993766999999999642e-15
1.054316000000000008e-12
9.007018599999999641e-11
3.607629700000000194e-09
7.671448499999999371e-08
9.618713599999999271e-07
7.771647300000000323e-06
4.365338200000000197e-05
1.820615400000000011e-04
5.971873099999999539e-04
1.618428099999999915e-03
3.771428099999999881e-03
7.789850299999999741e-03
1.458338799999999921e-02
2.516254199999999955e-02
4.053918699999999736e-02
6.162342400000000303e-02
8.917357900000000281e-02
1.240419100000000052e-01
1.682305799999999907e-01
2.272252800000000017e-01
3.136319100000000137e-01
4.521480800000000078e-01
6.854772300000000484e-01
1.075009300000000056e+00
1.684200700000000106e+00
2.545346499999999956e+00
3.633468699999999885e+00
4.870005199999999590e+00
6.151855799999999874e+00
7.383921800000000424e+00
8.500130000000000408e+00
9.472152499999999975e+00
1.030338399999999943e+01
1.101128100000000032e+01
1.161469100000000054e+01
1.213014100000000006e+01
1.257155400000000078e+01
1.295054000000000016e+01
1.327674999999999983e+01
1.355822500000000019e+01
1.380167900000000003e+01
1.401273199999999974e+01
1.419610100000000052e+01
1.435576099999999933e+01
1.449506799999999984e+01
1.461687300000000000e+01
1.472359600000000057e+01
1.481730800000000059e+01
1.489977499999999999e+01
1.497251900000000013e+01
1.503684900000000013e+01
1.509389999999999965e+01
1.514465299999999992e+01
1.518996300000000055e+01
1.523057299999999969e+01
1.526712700000000034e+01
1.530019199999999913e+01
1.533026699999999920e+01
1.535780300000000054e+01
1.538320000000000043e+01
1.540681000000000012e+01
1.542894899999999936e+01
1.544990400000000008e+01
1.546999199999999952e+01
1.548986299999999972e+01
1.551174100000000067e+01
1.554339900000000085e+01
1.560825600000000080e+01
1.576575300000000013e+01
1.614426200000000122e+01
1.698338999999999999e+01
1.867674600000000140e+01
2.179871599999999887e+01
2.179871599999999887e+01
2.179871599999999887e+01
2.179871599999999887e+01
2.179871599999999887e+01
