3.593874200000000201e+02
3.593874200000000201e+02
3.593874200000000201e+02
3.593874200000000201e+02
3.593874200000000201e+02
3.593874200000000201e+02
3.593874200000000201e+02
3.593874200000000201e+02
3.593874200000000201e+02
3.593874200000000201e+02
3.593874200000000201e+02
3.593874200000000201e+02
3.593874200000000201e+02
3.593874200000000201e+02
3.593874200000000201e+02
3.593874200000000201e+02
3.593874200000000201e+02
3.593874200000000201e+02
3.593874200000000201e+02
3.593874200000000201e+02
3.593874200000000201e+02
3.593874200000000201e+02
3.593874200000000201e+02
3.593874200000000201e+02
3.593874200000000201e+02
3.593874200000000201e+02
3.593874200000000201e+02
3.593874200000000201e+02
3.593874200000000201e+02
3.593874200000000201e+02
3.593874200000000201e+02
3.593874200000000201e+02
3.593874200000000201e+02
3.593874200000000201e+02
3.593874200000000201e+02
3.593874200000000201e+02
3.593874200000000201e+02
3.593874200000000201e+02
3.593874200000000201e+02
3.593874200000000201e+02
3.593874200000000201e+02
3.347467599999999948e+02
3.091273499999999785e+02
2.833499899999999911e+02
2.579934600000000273e+02
2.334744000000000028e+02
2.100928000000000111e+02
1.880513300000000072e+02
1.674766500000000065e+02
1.484326000000000079e+02
1.311103099999999984e+02
1.163411399999999958e+02
1.038966800000000035e+02
9.344727500000000475e+01
8.473628899999999931e+01
7.756732999999999834e+01
7.178848999999999592e+01
6.727785299999999324e+01
6.393079500000000337e+01
6.165082100000000054e+01
6.034252299999999991e+01
5.990632800000000202e+01
6.023675699999999722e+01
6.122261999999999915e+01
6.274812200000000217e+01
6.469548699999999997e+01
6.695398900000000708e+01
6.943202200000000346e+01
7.206168999999999869e+01
7.478984199999999305e+01
7.753311600000000681e+01
8.009039900000000500e+01
8.208383200000000102e+01
8.303887400000000696e+01
8.250695600000000240e+01
8.017984900000000437e+01
7.601088699999999676e+01
7.041563600000000633e+01
6.437212499999999693e+01
5.867765700000000351e+01
5.352175499999999886e+01
4.884549700000000172e+01
4.458838399999999780e+01
4.071043600000000140e+01
3.717863799999999941e+01
3.396441699999999742e+01
3.104176000000000002e+01
2.838539499999999904e+01
2.597110899999999845e+01
2.377622799999999970e+01
2.177980099999999908e+01
1.996269699999999858e+01
1.830765500000000046e+01
1.679916899999999913e+01
1.542320400000000014e+01
1.416703000000000046e+01
1.301927700000000065e+01
1.196985199999999949e+01
1.100966000000000022e+01
1.013048700000000046e+01
9.324931400000000536e+00
8.586325999999999681e+00
7.908681600000000422e+00
7.286598200000000247e+00
6.715196200000000282e+00
6.190068400000000359e+00
5.707231799999999744e+00
5.263091600000000092e+00
4.854379999999999917e+00
4.478121200000000357e+00
4.131604799999999855e+00
3.812377899999999986e+00
3.518207400000000096e+00
3.247057600000000210e+00
2.997074299999999969e+00
2.766570000000000196e+00
2.554008399999999845e+00
2.357984500000000150e+00
2.177198800000000212e+00
2.010445499999999885e+00
2.010445499999999885e+00
2.010445499999999885e+00
2.010445499999999885e+00
2.010445499999999885e+00
