1.000000000000000008e-50
1.000000000000000008e-50
1.000000000000000008e-50
1.000000000000000008e-50
1.000000000000000008e-50
1.000000000000000008e-50
1.000000000000000008e-50
1.000000000000000008e-50
1.000000000000000008e-50
1.000000000000000008e-50
1.000000000000000008e-50
1.000000000000000008e-50
1.000000000000000008e-50
1.000000000000000008e-50
1.000000000000000008e-50
1.000000000000000008e-50
1.000000000000000008e-50
1.000000000000000008e-50
1.000000000000000008e-50
1.000000000000000008e-50
1.000000000000000008e-50
1.000000000000000008e-50
1.000000000000000008e-50
1.000000000000000008e-50
1.000000000000000008e-50
1.000000000000000008e-50
1.000000000000000008e-50
1.000000000000000008e-50
1.000000000000000008e-50
1.000000000000000008e-50
1.000000000000000008e-50
1.000000000000000008e-50
1.000000000000000008e-50
1.000000000000000008e-50
1.000000000000000008e-50
1.000000000000000008e-50
1.000000000000000008e-50
1.000000000000000008e-50
1.000000000000000008e-50
1.000000000000000008e-50
3.728410800000000137e-22
3.052514200000000114e-20
1.139616300000000013e-19
1.188290099999999966e-17
4.365884300000000031e-14
5.110315400000000151e-11
1.880176499999999975e-08
2.468034400000000190e-06
1.339575999999999929e-04
3.437840699999999972e-03
4.403600199999999770e-02
2.313734100000000016e-01
4.431362200000000251e-01
4.736961100000000036e-01
4.383048900000000025e-01
4.024837600000000237e-01
3.732998100000000097e-01
3.506607099999999866e-01
3.336506599999999878e-01
3.213940100000000077e-01
3.132401200000000108e-01
3.087080200000000274e-01
3.073922800000000177e-01
3.089226999999999945e-01
3.130056099999999897e-01
3.195484299999999944e-01
3.287872900000000098e-01
3.410991700000000071e-01
3.560477699999999857e-01
3.713202500000000184e-01
3.835209500000000271e-01
3.900500499999999815e-01
3.895587099999999747e-01
3.815809900000000088e-01
3.663383900000000137e-01
3.447472300000000156e-01
3.182106800000000235e-01
2.888983099999999915e-01
2.601283400000000134e-01
2.340989300000000106e-01
2.109712800000000110e-01
1.903640199999999949e-01
1.721036300000000074e-01
1.560839300000000096e-01
1.421194000000000068e-01
1.299925200000000003e-01
1.194950300000000021e-01
1.104281599999999974e-01
1.026089099999999976e-01
9.587383500000000447e-02
9.007758300000000273e-02
8.509321400000000035e-02
8.080889500000000558e-02
7.711840699999999993e-02
7.391367299999999918e-02
7.109408400000000183e-02
6.858703100000000663e-02
6.634921400000000358e-02
6.435134400000000476e-02
6.256902000000000297e-02
6.097740599999999789e-02
5.953888000000000236e-02
5.819781999999999733e-02
5.690532300000000071e-02
5.565457599999999727e-02
5.447795099999999668e-02
5.340835399999999816e-02
5.245387299999999808e-02
5.160078299999999729e-02
5.082532199999999917e-02
5.009990100000000224e-02
4.939790200000000048e-02
4.869792299999999713e-02
4.798141899999999738e-02
4.721090499999999746e-02
4.628324600000000011e-02
4.500274499999999678e-02
4.315590300000000240e-02
4.065339500000000189e-02
3.756786899999999679e-02
3.756786899999999679e-02
3.756786899999999679e-02
3.756786899999999679e-02
3.756786899999999679e-02
