1.000000000000000008e-50
1.000000000000000008e-50
1.000000000000000008e-50
1.000000000000000008e-50
1.000000000000000008e-50
1.000000000000000008e-50
1.000000000000000008e-50
1.000000000000000008e-50
1.000000000000000008e-50
1.000000000000000008e-50
1.000000000000000008e-50
1.000000000000000008e-50
1.000000000000000008e-50
1.000000000000000008e-50
1.000000000000000008e-50
1.000000000000000008e-50
1.000000000000000008e-50
1.000000000000000008e-50
1.000000000000000008e-50
1.000000000000000008e-50
1.000000000000000008e-50
1.000000000000000008e-50
1.000000000000000008e-50
1.000000000000000008e-50
1.000000000000000008e-50
1.000000000000000008e-50
1.000000000000000008e-50
1.000000000000000008e-50
1.000000000000000008e-50
1.000000000000000008e-50
1.000000000000000008e-50
1.000000000000000008e-50
1.000000000000000008e-50
1.000000000000000008e-50
1.000000000000000008e-50
1.000000000000000008e-50
1.000000000000000008e-50
1.000000000000000008e-50
1.000000000000000008e-50
1.000000000000000008e-50
1.944740800000000113e-50
1.648011499999999905e-43
1.032335600000000069e-37
7.294324500000000162e-33
8.264766199999999605e-29
2.014195599999999896e-25
1.350617299999999938e-22
3.065338800000000090e-20
2.804147000000000137e-18
1.198198799999999895e-16
2.712107799999999811e-15
3.641165199999999878e-14
3.175385700000000207e-13
1.942163300000000164e-12
8.903570000000000602e-12
3.241987200000000001e-11
9.855781199999999719e-11
2.606692300000000238e-10
6.194516600000000186e-10
1.355097299999999971e-09
2.778464500000000130e-09
5.412380300000000383e-09
1.012144999999999962e-08
1.833318000000000058e-08
3.250691499999999724e-08
5.741048300000000100e-08
1.038441000000000054e-07
1.990480999999999889e-07
4.134959900000000024e-07
9.199470799999999714e-07
2.092075599999999845e-06
4.605492199999999863e-06
9.440167399999999323e-06
1.767748400000000098e-05
3.010815799999999926e-05
4.684630199999999782e-05
6.718271300000000534e-05
8.978060300000000049e-05
1.131875399999999961e-04
1.362667600000000119e-04
1.582384499999999893e-04
1.786291999999999871e-04
1.972504300000000135e-04
2.141151499999999891e-04
2.293284400000000008e-04
2.430381400000000095e-04
2.554142100000000057e-04
2.666257499999999739e-04
2.768296000000000168e-04
2.861651100000000029e-04
2.947500300000000244e-04
3.026812700000000166e-04
3.100333099999999856e-04
3.168474400000000145e-04
3.231207999999999845e-04
3.288214599999999795e-04
3.339300000000000232e-04
3.384560400000000027e-04
3.424223299999999779e-04
3.458523900000000221e-04
3.487611300000000264e-04
3.511279800000000019e-04
3.528818900000000062e-04
3.539549699999999929e-04
3.543698699999999879e-04
3.542441100000000265e-04
3.537035099999999931e-04
3.528169700000000184e-04
3.515984399999999804e-04
3.500342299999999922e-04
3.480989800000000144e-04
3.457704500000000091e-04
3.430477900000000117e-04
3.399627799999999957e-04
3.365643499999999822e-04
3.328683500000000095e-04
3.288668899999999998e-04
3.247318099999999940e-04
3.211308299999999735e-04
3.193971999999999783e-04
3.193971999999999783e-04
3.193971999999999783e-04
3.193971999999999783e-04
3.193971999999999783e-04
