1.000000000000000008e-50
1.000000000000000008e-50
1.000000000000000008e-50
1.000000000000000008e-50
1.000000000000000008e-50
1.000000000000000008e-50
1.000000000000000008e-50
1.000000000000000008e-50
1.000000000000000008e-50
1.000000000000000008e-50
1.000000000000000008e-50
1.000000000000000008e-50
1.000000000000000008e-50
1.000000000000000008e-50
1.000000000000000008e-50
1.000000000000000008e-50
1.000000000000000008e-50
1.000000000000000008e-50
1.000000000000000008e-50
1.000000000000000008e-50
1.000000000000000008e-50
1.000000000000000008e-50
1.000000000000000008e-50
1.000000000000000008e-50
1.000000000000000008e-50
1.000000000000000008e-50
1.000000000000000008e-50
1.000000000000000008e-50
1.000000000000000008e-50
1.000000000000000008e-50
1.000000000000000008e-50
1.000000000000000008e-50
1.000000000000000008e-50
1.000000000000000008e-50
1.000000000000000008e-50
1.000000000000000008e-50
1.000000000000000008e-50
1.000000000000000008e-50
1.000000000000000008e-50
1.000000000000000008e-50
4.818543900000000342e-40
3.729949199999999675e-33
2.136269700000000057e-27
1.383408200000000053e-22
1.440948700000000043e-18
3.238830100000000193e-15
2.009441100000000199e-12
4.232334199999999792e-10
3.602840300000000281e-08
1.436069899999999976e-06
3.034523600000000058e-05
3.773800499999999851e-04
3.018446900000000023e-03
1.674842500000000081e-02
6.880955900000000625e-02
2.214657100000000101e-01
5.859188400000000518e-01
1.325369800000000042e+00
2.643063499999999788e+00
4.755474300000000376e+00
7.857008999999999688e+00
1.208852199999999932e+01
1.752255900000000111e+01
2.418721800000000144e+01
3.220037500000000108e+01
4.215810799999999858e+01
5.591785699999999792e+01
7.785358899999999949e+01
1.164613599999999991e+02
1.850662199999999871e+02
2.984041799999999967e+02
4.632404199999999719e+02
6.684075199999999768e+02
8.843394100000000435e+02
1.075084299999999985e+03
1.213632900000000063e+03
1.289737000000000080e+03
1.308940700000000106e+03
1.287692500000000109e+03
1.243642399999999952e+03
1.188481899999999996e+03
1.128862000000000080e+03
1.068863399999999956e+03
1.010965299999999957e+03
9.564555500000000166e+02
9.059164399999999659e+02
8.595540899999999738e+02
8.173422699999999850e+02
7.791240900000000238e+02
7.446764500000000453e+02
7.137419700000000375e+02
6.860544800000000123e+02
6.613468599999999924e+02
6.393344299999999976e+02
6.196997900000000072e+02
6.021279700000000048e+02
5.863768099999999777e+02
5.722878500000000486e+02
5.597427699999999504e+02
5.486358900000000176e+02
5.388573199999999588e+02
5.302530299999999670e+02
5.226060899999999947e+02
5.157170899999999847e+02
5.095228099999999927e+02
5.040915100000000280e+02
4.994976800000000026e+02
4.957346499999999878e+02
4.927226499999999874e+02
4.903472499999999741e+02
4.884824399999999969e+02
4.870079299999999876e+02
4.858325399999999945e+02
4.849150799999999890e+02
4.842471300000000269e+02
4.838003100000000245e+02
4.835881400000000099e+02
4.841027599999999893e+02
4.869300999999999817e+02
4.959352700000000027e+02
4.959352700000000027e+02
4.959352700000000027e+02
4.959352700000000027e+02
4.959352700000000027e+02
