1.000000000000000008e-50
1.000000000000000008e-50
1.000000000000000008e-50
1.000000000000000008e-50
1.000000000000000008e-50
1.000000000000000008e-50
1.000000000000000008e-50
1.000000000000000008e-50
1.000000000000000008e-50
1.000000000000000008e-50
1.000000000000000008e-50
1.000000000000000008e-50
1.000000000000000008e-50
1.000000000000000008e-50
1.000000000000000008e-50
1.000000000000000008e-50
1.000000000000000008e-50
1.000000000000000008e-50
1.000000000000000008e-50
1.000000000000000008e-50
1.000000000000000008e-50
1.000000000000000008e-50
1.000000000000000008e-50
1.000000000000000008e-50
1.000000000000000008e-50
1.000000000000000008e-50
1.000000000000000008e-50
1.000000000000000008e-50
1.000000000000000008e-50
1.000000000000000008e-50
1.000000000000000008e-50
1.000000000000000008e-50
1.000000000000000008e-50
1.000000000000000008e-50
1.000000000000000008e-50
1.000000000000000008e-50
1.000000000000000008e-50
1.000000000000000008e-50
1.000000000000000008e-50
1.000000000000000008e-50
9.106642200000000062e-48
6.902573399999999657e-41
3.898691099999999855e-35
2.499927199999999854e-30
2.584245399999999928e-26
5.771766799999999858e-23
3.560166899999999842e-20
7.456116500000000365e-18
6.310654900000000402e-16
2.500337499999999897e-14
5.250410199999999955e-13
6.489541400000000235e-12
5.159957300000000054e-11
2.846883299999999807e-10
1.163317799999999992e-09
3.725354900000000076e-09
9.812078500000000653e-09
2.211823100000000077e-08
4.402466799999999888e-08
7.923913499999999905e-08
1.313486900000000075e-07
2.034595099999999928e-07
2.981150999999999852e-07
4.178953099999999839e-07
5.680919399999999965e-07
7.644056799999999998e-07
1.048883300000000012e-06
1.516860200000000082e-06
2.358529800000000053e-06
3.907965500000000319e-06
6.648723099999999911e-06
1.110199900000000036e-05
1.761886300000000045e-05
2.622562099999999920e-05
3.665940900000000136e-05
4.857252100000000034e-05
6.175108499999999799e-05
7.612959000000000306e-05
9.151729100000000083e-05
1.076774599999999975e-04
1.246129800000000064e-04
1.425122099999999946e-04
1.616274700000000085e-04
1.822459500000000131e-04
2.046811899999999870e-04
2.292742000000000011e-04
2.563870599999999874e-04
2.863949000000000182e-04
3.196842200000000263e-04
3.566481700000000165e-04
3.976866699999999930e-04
4.432128000000000131e-04
4.936572499999999702e-04
5.494725800000000273e-04
6.111352600000000005e-04
6.791595299999999766e-04
7.541444699999999600e-04
8.368190199999999595e-04
9.280621199999999600e-04
1.028920700000000030e-03
1.140625300000000031e-03
1.264575700000000009e-03
1.402324799999999988e-03
1.555676100000000011e-03
1.726888300000000093e-03
1.918789099999999989e-03
2.134705900000000069e-03
2.378376599999999959e-03
2.653962699999999966e-03
2.966175200000000216e-03
3.320349299999999886e-03
3.722579499999999902e-03
4.179960600000000130e-03
4.700823500000000411e-03
5.295196400000000414e-03
5.975333400000000343e-03
6.755036100000000321e-03
7.641002600000000242e-03
8.622184899999999624e-03
9.712832399999999505e-03
9.712832399999999505e-03
9.712832399999999505e-03
9.712832399999999505e-03
9.712832399999999505e-03
