1.000000000000000008e-50
1.000000000000000008e-50
1.000000000000000008e-50
1.000000000000000008e-50
1.000000000000000008e-50
1.000000000000000008e-50
1.000000000000000008e-50
1.000000000000000008e-50
1.000000000000000008e-50
1.000000000000000008e-50
1.000000000000000008e-50
1.000000000000000008e-50
1.000000000000000008e-50
1.000000000000000008e-50
1.000000000000000008e-50
1.000000000000000008e-50
1.000000000000000008e-50
1.000000000000000008e-50
1.000000000000000008e-50
1.000000000000000008e-50
1.000000000000000008e-50
1.000000000000000008e-50
1.000000000000000008e-50
1.000000000000000008e-50
1.000000000000000008e-50
1.000000000000000008e-50
1.000000000000000008e-50
1.000000000000000008e-50
1.000000000000000008e-50
1.000000000000000008e-50
1.000000000000000008e-50
1.000000000000000008e-50
1.000000000000000008e-50
1.000000000000000008e-50
1.000000000000000008e-50
1.000000000000000008e-50
1.000000000000000008e-50
1.000000000000000008e-50
1.000000000000000008e-50
1.000000000000000008e-50
8.739810599999999895e-48
6.709247800000000054e-41
3.825382699999999971e-35
2.472047999999999851e-30
2.573297000000000030e-26
5.786064500000000147e-23
3.593688799999999864e-20
7.582738700000000239e-18
6.472009299999999756e-16
2.589138700000000019e-14
5.497454100000000111e-13
6.880296699999999787e-12
5.547002299999999724e-11
3.107788999999999968e-10
1.292193499999999938e-09
4.222921299999999724e-09
1.139338600000000047e-08
2.641167500000000082e-08
5.423833699999999726e-08
1.009259699999999970e-07
1.730942899999999945e-07
2.773077000000000076e-07
4.195647400000000216e-07
6.055043799999999691e-07
8.437538599999999945e-07
1.157719600000000104e-06
1.612043199999999989e-06
2.361652000000000136e-06
3.750271299999999982e-06
6.515676899999999782e-06
1.210776699999999923e-05
2.289905300000000046e-05
4.181930099999999726e-05
7.121398299999999969e-05
1.116159300000000052e-04
1.614306500000000093e-04
2.176808100000000054e-04
2.771561899999999733e-04
3.374840699999999741e-04
3.976300400000000023e-04
4.574956499999999877e-04
5.173476899999999859e-04
5.775680599999999604e-04
6.385844699999999484e-04
7.008498100000000409e-04
7.648378499999999467e-04
8.310431100000000536e-04
8.999825100000000393e-04
9.721994800000000134e-04
1.048270800000000074e-03
1.128819099999999907e-03
1.214527900000000058e-03
1.306166199999999949e-03
1.404630100000000062e-03
1.510998900000000032e-03
1.626567900000000077e-03
1.752832300000000060e-03
1.891475699999999906e-03
2.044397800000000154e-03
2.213750300000000108e-03
2.401978700000000164e-03
2.611914900000000209e-03
2.846863900000000131e-03
3.110530199999999874e-03
3.406820100000000108e-03
3.739815999999999974e-03
4.114010799999999815e-03
4.534549799999999971e-03
5.007305499999999826e-03
5.538879299999999693e-03
6.136612799999999895e-03
6.808606200000000101e-03
7.563740099999999821e-03
8.411741699999999294e-03
9.363455700000000367e-03
1.043135000000000069e-02
1.162965300000000021e-02
1.297242399999999976e-02
1.447064799999999915e-02
1.613724500000000145e-02
1.613724500000000145e-02
1.613724500000000145e-02
1.613724500000000145e-02
1.613724500000000145e-02
