8.525927799999999862e-08
8.525927799999999862e-08
8.525927799999999862e-08
8.525927799999999862e-08
8.525927799999999862e-08
8.525927799999999862e-08
8.525927799999999862e-08
8.525927799999999862e-08
8.525927799999999862e-08
8.525927799999999862e-08
8.525927799999999862e-08
8.525927799999999862e-08
8.525927799999999862e-08
8.525927799999999862e-08
8.525927799999999862e-08
8.525927799999999862e-08
8.525927799999999862e-08
8.525927799999999862e-08
8.525927799999999862e-08
8.525927799999999862e-08
8.525927799999999862e-08
8.525927799999999862e-08
8.525927799999999862e-08
8.525927799999999862e-08
8.525927799999999862e-08
8.525927799999999862e-08
8.525927799999999862e-08
8.525927799999999862e-08
8.525927799999999862e-08
8.525927799999999862e-08
8.525927799999999862e-08
8.525927799999999862e-08
8.525927799999999862e-08
8.525927799999999862e-08
8.525927799999999862e-08
8.525927799999999862e-08
8.525927799999999862e-08
8.525927799999999862e-08
8.525927799999999862e-08
8.525927799999999862e-08
8.525927799999999862e-08
5.493973800000000081e-07
3.482984799999999860e-06
1.723445399999999991e-05
6.754848499999999774e-05
2.152353699999999938e-04
5.725317799999999572e-04
1.302630300000000036e-03
2.590434799999999805e-03
4.632824699999999601e-03
8.376374199999999867e-03
2.178795099999999985e-02
7.810595300000000574e-02
2.340796699999999897e-01
5.330362600000000395e-01
1.001912899999999995e+00
1.667671300000000079e+00
2.569350299999999976e+00
3.767014200000000201e+00
5.347638599999999798e+00
7.428783600000000042e+00
1.016229700000000058e+01
1.374067100000000075e+01
1.841402899999999931e+01
2.454833500000000157e+01
3.280251599999999712e+01
4.456304599999999994e+01
6.286823799999999807e+01
9.431969499999999584e+01
1.529217800000000125e+02
2.660117900000000191e+02
4.782757599999999911e+02
8.458150699999999915e+02
1.417482299999999896e+03
2.213178899999999885e+03
3.212498799999999846e+03
4.358570399999999609e+03
5.577357600000000275e+03
6.813722600000000057e+03
8.047752300000000105e+03
9.274139600000000428e+03
1.049031400000000031e+04
1.169708699999999953e+04
1.289721800000000076e+04
1.409265099999999984e+04
1.528492499999999927e+04
1.647534400000000096e+04
1.766459600000000137e+04
1.885307200000000012e+04
2.004081799999999930e+04
2.122749199999999837e+04
2.241245999999999913e+04
2.359457800000000134e+04
2.477208899999999994e+04
2.594253499999999985e+04
2.710287500000000000e+04
2.825015899999999965e+04
2.938159300000000076e+04
3.049392099999999846e+04
3.158300100000000020e+04
3.264355900000000111e+04
3.366884199999999691e+04
3.465060399999999936e+04
3.558019200000000274e+04
3.645012099999999919e+04
3.725450000000000000e+04
3.798831199999999808e+04
3.864687400000000343e+04
3.922596499999999651e+04
3.972285100000000239e+04
4.013543400000000111e+04
4.046339299999999639e+04
4.070934199999999691e+04
4.087512000000000262e+04
4.096255799999999726e+04
4.097019099999999889e+04
4.087596399999999994e+04
4.057760899999999674e+04
3.986017199999999866e+04
3.840611499999999796e+04
3.840611499999999796e+04
3.840611499999999796e+04
3.840611499999999796e+04
3.840611499999999796e+04
