1.000000000000000008e-50
1.000000000000000008e-50
1.000000000000000008e-50
1.000000000000000008e-50
1.000000000000000008e-50
1.000000000000000008e-50
1.000000000000000008e-50
1.000000000000000008e-50
1.000000000000000008e-50
1.000000000000000008e-50
1.000000000000000008e-50
1.000000000000000008e-50
1.000000000000000008e-50
1.000000000000000008e-50
1.000000000000000008e-50
1.000000000000000008e-50
1.000000000000000008e-50
1.000000000000000008e-50
1.000000000000000008e-50
1.000000000000000008e-50
1.000000000000000008e-50
1.000000000000000008e-50
1.000000000000000008e-50
1.000000000000000008e-50
1.000000000000000008e-50
1.000000000000000008e-50
1.000000000000000008e-50
1.000000000000000008e-50
1.000000000000000008e-50
1.000000000000000008e-50
1.000000000000000008e-50
1.000000000000000008e-50
1.000000000000000008e-50
1.000000000000000008e-50
1.000000000000000008e-50
1.000000000000000008e-50
1.000000000000000008e-50
1.000000000000000008e-50
1.000000000000000008e-50
1.000000000000000008e-50
1.000000000000000008e-50
2.478727300000000021e-45
1.615853499999999972e-39
1.180993900000000084e-34
1.377588899999999968e-30
3.443489700000000003e-27
2.361492200000000152e-24
5.469776400000000137e-22
5.099323999999999738e-20
2.218734800000000179e-18
5.113222999999999744e-17
6.999523200000000402e-16
6.232161600000000385e-15
3.894837099999999732e-14
1.824985600000000117e-13
6.790647100000000092e-13
2.107402499999999915e-12
5.675359800000000049e-12
1.366847199999999976e-11
3.009608499999999999e-11
6.158814400000000528e-11
1.186308799999999991e-10
2.172644299999999929e-10
3.815683900000000210e-10
6.485466600000000096e-10
1.081072500000000043e-09
1.802093899999999928e-09
3.074359099999999838e-09
5.471499200000000134e-09
1.022703400000000044e-08
1.986965400000000079e-08
3.919152599999999894e-08
7.638590299999999874e-08
1.436345200000000079e-07
2.559194000000000251e-07
4.275910199999999737e-07
6.679199100000000057e-07
9.777253899999999607e-07
1.349147399999999920e-06
1.768268000000000042e-06
2.217986100000000170e-06
2.680600900000000097e-06
3.139992599999999844e-06
3.582775200000000063e-06
3.998520200000000349e-06
4.379641199999999914e-06
4.721094399999999587e-06
5.019946599999999633e-06
5.274972300000000209e-06
5.486295299999999778e-06
5.655073600000000235e-06
5.783246800000000318e-06
5.873307899999999597e-06
5.928079399999999857e-06
5.950512300000000182e-06
5.943610599999999638e-06
5.910480800000000225e-06
5.854307900000000287e-06
5.778219500000000014e-06
5.685185699999999591e-06
5.577949300000000104e-06
5.458915099999999664e-06
5.330096299999999717e-06
5.193297299999999843e-06
5.050399300000000386e-06
4.903362400000000330e-06
4.753947999999999974e-06
4.603522499999999935e-06
4.453089300000000340e-06
4.303406199999999787e-06
4.155059700000000173e-06
4.008551000000000171e-06
3.864475199999999839e-06
3.723883300000000024e-06
3.588957499999999849e-06
3.464109000000000040e-06
3.357463000000000079e-06
3.282071499999999837e-06
3.256558699999999982e-06
3.310826299999999821e-06
3.310826299999999821e-06
3.310826299999999821e-06
3.310826299999999821e-06
3.310826299999999821e-06
