8.309241900000000896e+03
8.309241900000000896e+03
8.309241900000000896e+03
8.309241900000000896e+03
8.309241900000000896e+03
8.309241900000000896e+03
8.309241900000000896e+03
8.309241900000000896e+03
8.309241900000000896e+03
8.309241900000000896e+03
8.309241900000000896e+03
8.309241900000000896e+03
8.309241900000000896e+03
8.309241900000000896e+03
8.309241900000000896e+03
8.309241900000000896e+03
8.309241900000000896e+03
8.309241900000000896e+03
8.309241900000000896e+03
8.309241900000000896e+03
8.309241900000000896e+03
8.309241900000000896e+03
8.309241900000000896e+03
8.309241900000000896e+03
8.309241900000000896e+03
8.309241900000000896e+03
8.309241900000000896e+03
8.309241900000000896e+03
8.309241900000000896e+03
8.309241900000000896e+03
8.309241900000000896e+03
8.309241900000000896e+03
8.309241900000000896e+03
8.309241900000000896e+03
8.309241900000000896e+03
8.309241900000000896e+03
8.309241900000000896e+03
8.309241900000000896e+03
8.309241900000000896e+03
8.309241900000000896e+03
8.309241900000000896e+03
1.010719199999999910e+04
1.244610900000000038e+04
1.562983799999999974e+04
2.073192499999999927e+04
3.047733199999999852e+04
4.982914499999999680e+04
8.484622000000000116e+04
1.396662399999999907e+05
2.135496000000000058e+05
3.029684400000000023e+05
4.173596099999999860e+05
5.550190699999999488e+05
7.101726400000000140e+05
8.758721099999999860e+05
1.044840500000000000e+06
1.210300800000000047e+06
1.366576800000000047e+06
1.509405899999999907e+06
1.636027800000000047e+06
1.745093399999999907e+06
1.836444399999999907e+06
1.910868100000000093e+06
1.969848899999999907e+06
2.015310300000000047e+06
2.049342500000000000e+06
2.074008399999999907e+06
2.091112500000000000e+06
2.101790500000000000e+06
2.106182100000000093e+06
2.103039200000000186e+06
2.089149100000000093e+06
2.059611899999999907e+06
2.010260699999999953e+06
1.938814500000000000e+06
1.844534500000000000e+06
1.728607000000000000e+06
1.598159899999999907e+06
1.470280600000000093e+06
1.358056600000000093e+06
1.262181800000000047e+06
1.178834100000000093e+06
1.104964199999999953e+06
1.038606900000000023e+06
9.783971300000000047e+05
9.233772099999999627e+05
8.728539899999999907e+05
8.262773499999999767e+05
7.831943299999999581e+05
7.432259699999999721e+05
7.060491500000000233e+05
6.713854399999999441e+05
6.389953599999999860e+05
6.086719399999999441e+05
5.802302900000000373e+05
5.535020400000000373e+05
5.283391800000000512e+05
5.046143099999999977e+05
4.822128400000000256e+05
4.610305900000000256e+05
4.409734199999999837e+05
4.219564199999999837e+05
4.039038900000000140e+05
3.867476799999999930e+05
3.704259799999999814e+05
3.548830200000000186e+05
3.400684199999999837e+05
3.259372600000000093e+05
3.124482399999999907e+05
2.995631300000000047e+05
2.872464299999999930e+05
2.754664699999999721e+05
2.641942000000000116e+05
2.534029500000000116e+05
2.430684500000000116e+05
2.331688800000000047e+05
2.236848500000000058e+05
2.145987500000000000e+05
2.058933999999999942e+05
1.975515599999999977e+05
1.975515599999999977e+05
1.975515599999999977e+05
1.975515599999999977e+05
1.975515599999999977e+05
