1.000000000000000008e-50
1.000000000000000008e-50
1.000000000000000008e-50
1.000000000000000008e-50
1.000000000000000008e-50
1.000000000000000008e-50
1.000000000000000008e-50
1.000000000000000008e-50
1.000000000000000008e-50
1.000000000000000008e-50
1.000000000000000008e-50
1.000000000000000008e-50
1.000000000000000008e-50
1.000000000000000008e-50
1.000000000000000008e-50
1.000000000000000008e-50
1.000000000000000008e-50
1.000000000000000008e-50
1.000000000000000008e-50
1.000000000000000008e-50
1.000000000000000008e-50
1.000000000000000008e-50
1.000000000000000008e-50
1.000000000000000008e-50
1.000000000000000008e-50
1.000000000000000008e-50
1.000000000000000008e-50
1.000000000000000008e-50
1.000000000000000008e-50
1.000000000000000008e-50
1.000000000000000008e-50
1.000000000000000008e-50
1.000000000000000008e-50
1.000000000000000008e-50
1.000000000000000008e-50
1.000000000000000008e-50
1.000000000000000008e-50
1.000000000000000008e-50
1.000000000000000008e-50
1.000000000000000008e-50
2.221490699999999918e-47
1.683874100000000035e-40
9.511013900000000005e-35
6.098776300000000006e-30
6.304559099999999518e-26
1.408099099999999937e-22
8.685494900000000368e-20
1.818987600000000149e-17
1.539475499999999943e-15
6.099040400000000363e-14
1.280554200000000033e-12
1.582423999999999842e-11
1.257780699999999885e-10
6.935975800000000387e-10
2.832219699999999870e-09
9.061020699999999194e-09
2.383510699999999905e-08
5.364045000000000040e-08
1.065455199999999992e-07
1.912739800000000029e-07
3.160552699999999803e-07
4.876825999999999918e-07
7.112360199999999702e-07
9.914146800000000442e-07
1.338711999999999898e-06
1.787041199999999952e-06
2.429273999999999893e-06
3.474656099999999948e-06
5.332462600000000047e-06
8.702606199999999952e-06
1.456496199999999968e-05
2.392829200000000072e-05
3.742028299999999830e-05
5.503757399999999856e-05
7.628331599999999902e-05
1.005761899999999936e-04
1.276035000000000125e-04
1.572130900000000069e-04
1.887610700000000091e-04
2.214395599999999904e-04
2.550421899999999746e-04
2.898072999999999925e-04
3.260802600000000133e-04
3.642297299999999955e-04
4.046434000000000229e-04
4.477465800000000190e-04
4.940058800000000049e-04
5.439417799999999616e-04
5.981537600000000300e-04
6.573298400000000125e-04
7.222614299999999916e-04
7.938619999999999965e-04
8.731772000000000058e-04
9.614091300000000059e-04
1.059951900000000039e-03
1.170420599999999912e-03
1.294682199999999976e-03
1.434891700000000010e-03
1.593540600000000048e-03
1.773512400000000011e-03
1.978142999999999915e-03
2.211294099999999967e-03
2.477430000000000083e-03
2.781708700000000162e-03
3.130081399999999972e-03
3.529408800000000210e-03
3.987601099999999940e-03
4.513760700000000146e-03
5.118313799999999608e-03
5.813265800000000025e-03
6.612348300000000199e-03
7.531288700000000370e-03
8.588259600000000202e-03
9.804199600000000625e-03
1.120367300000000080e-02
1.281570200000000000e-02
1.466968400000000054e-02
1.676536199999999893e-02
1.903128600000000142e-02
2.141258700000000029e-02
2.141258700000000029e-02
2.141258700000000029e-02
2.141258700000000029e-02
2.141258700000000029e-02
