1.574183900000000058e+01
1.574183900000000058e+01
1.574183900000000058e+01
1.574183900000000058e+01
1.574183900000000058e+01
1.574183900000000058e+01
1.574183900000000058e+01
1.574183900000000058e+01
1.574183900000000058e+01
1.574183900000000058e+01
1.574183900000000058e+01
1.574183900000000058e+01
1.574183900000000058e+01
1.574183900000000058e+01
1.574183900000000058e+01
1.574183900000000058e+01
1.574183900000000058e+01
1.574183900000000058e+01
1.574183900000000058e+01
1.574183900000000058e+01
1.574183900000000058e+01
1.574183900000000058e+01
1.574183900000000058e+01
1.574183900000000058e+01
1.574183900000000058e+01
1.574183900000000058e+01
1.574183900000000058e+01
1.574183900000000058e+01
1.574183900000000058e+01
1.574183900000000058e+01
1.574183900000000058e+01
1.574183900000000058e+01
1.574183900000000058e+01
1.574183900000000058e+01
1.574183900000000058e+01
1.574183900000000058e+01
1.574183900000000058e+01
1.574183900000000058e+01
1.574183900000000058e+01
1.574183900000000058e+01
1.574183900000000058e+01
1.243979200000000063e+01
9.739658500000000885e+00
7.562678899999999871e+00
5.825787700000000235e+00
4.451093000000000188e+00
3.369475800000000021e+00
2.522658100000000125e+00
1.863988999999999896e+00
1.357028600000000029e+00
9.736105099999999846e-01
6.913831099999999674e-01
4.857759799999999961e-01
3.376139799999999802e-01
2.323431499999999983e-01
1.587418200000000057e-01
1.081215299999999935e-01
7.382821700000000154e-02
5.087406399999999662e-02
3.562266499999999780e-02
2.550001500000000088e-02
1.873592599999999997e-02
1.414612900000000034e-02
1.095735400000000075e-02
8.674522299999999284e-03
6.985087299999999735e-03
5.693922100000000167e-03
4.679975700000000086e-03
3.868220300000000007e-03
3.213572999999999950e-03
2.691558699999999950e-03
2.291218099999999848e-03
2.009065600000000187e-03
1.844313100000000019e-03
1.793125000000000014e-03
1.848831499999999952e-03
2.007699800000000215e-03
2.269547600000000002e-03
2.640309100000000006e-03
3.139733300000000123e-03
3.788050800000000110e-03
4.583311199999999704e-03
5.490990900000000154e-03
6.448495400000000405e-03
7.379549600000000209e-03
8.211121899999999918e-03
8.886062599999999465e-03
9.368957100000000274e-03
9.646478300000000533e-03
9.724048600000000098e-03
9.620723499999999165e-03
9.363882900000000328e-03
8.984648899999999466e-03
8.514357800000000448e-03
7.982091199999999387e-03
7.413266699999999758e-03
6.829124599999999989e-03
6.246683599999999607e-03
5.678929899999999968e-03
5.135275499999999646e-03
4.622120999999999869e-03
4.143414800000000051e-03
3.701178700000000085e-03
3.295955199999999786e-03
2.927190699999999892e-03
2.593557600000000012e-03
2.293208299999999807e-03
2.023977699999999959e-03
1.783525300000000100e-03
1.569450200000000080e-03
1.379374899999999925e-03
1.211008699999999985e-03
1.062179799999999957e-03
9.308580200000000394e-04
8.151672700000000020e-04
7.133900499999999614e-04
6.239653799999999792e-04
5.454815199999999862e-04
4.766652699999999825e-04
4.163734199999999950e-04
4.163734199999999950e-04
4.163734199999999950e-04
4.163734199999999950e-04
4.163734199999999950e-04
