1.000000000000000008e-50
1.000000000000000008e-50
1.000000000000000008e-50
1.000000000000000008e-50
1.000000000000000008e-50
1.000000000000000008e-50
1.000000000000000008e-50
1.000000000000000008e-50
1.000000000000000008e-50
1.000000000000000008e-50
1.000000000000000008e-50
1.000000000000000008e-50
1.000000000000000008e-50
1.000000000000000008e-50
1.000000000000000008e-50
1.000000000000000008e-50
1.000000000000000008e-50
1.000000000000000008e-50
1.000000000000000008e-50
1.000000000000000008e-50
1.000000000000000008e-50
1.000000000000000008e-50
1.000000000000000008e-50
1.000000000000000008e-50
1.000000000000000008e-50
1.000000000000000008e-50
1.000000000000000008e-50
1.000000000000000008e-50
1.000000000000000008e-50
1.000000000000000008e-50
1.000000000000000008e-50
1.000000000000000008e-50
1.000000000000000008e-50
1.000000000000000008e-50
1.000000000000000008e-50
1.000000000000000008e-50
1.000000000000000008e-50
1.000000000000000008e-50
1.000000000000000008e-50
1.000000000000000008e-50
4.763038000000000227e-14
3.029386000000000194e-13
1.525253099999999960e-12
6.085837400000000363e-12
1.949922700000000019e-11
5.122998699999999938e-11
1.129338700000000025e-10
2.135430600000000023e-10
3.572393200000000199e-10
6.593238299999999533e-10
3.023602899999999872e-09
2.176006200000000087e-08
9.987010299999999670e-08
2.698892600000000057e-07
5.033960199999999832e-07
7.459347999999999516e-07
9.557713600000001041e-07
1.114104500000000075e-06
1.222349300000000038e-06
1.294472500000000039e-06
1.349213299999999897e-06
1.404723199999999956e-06
1.476316500000000089e-06
1.577358899999999912e-06
1.723980200000000100e-06
1.945880000000000163e-06
2.307948000000000014e-06
2.954053899999999866e-06
4.204109500000000274e-06
6.769634399999999798e-06
1.213522500000000035e-05
2.294487400000000003e-05
4.306160099999999720e-05
7.738214400000000611e-05
1.323626600000000098e-04
2.185151600000000019e-04
3.539380200000000133e-04
5.597986599999999879e-04
8.419710799999999577e-04
1.188135799999999942e-03
1.584767099999999981e-03
2.025684900000000125e-03
2.512305299999999936e-03
3.051413299999999884e-03
3.651521000000000020e-03
4.320175699999999688e-03
5.062137100000000008e-03
5.877761100000000044e-03
6.762381500000000205e-03
7.706557999999999638e-03
8.696791800000000863e-03
9.716719099999999998e-03
1.074823299999999940e-02
1.177178400000000041e-02
1.276600999999999951e-02
1.370890599999999987e-02
1.458150000000000071e-02
1.537012100000000048e-02
1.606560500000000016e-02
1.666226000000000165e-02
1.715679900000000035e-02
1.754545700000000041e-02
1.782206799999999994e-02
1.798260200000000031e-02
1.803315200000000021e-02
1.799012900000000054e-02
1.787157500000000065e-02
1.769055300000000122e-02
1.745499000000000009e-02
1.717004399999999889e-02
1.683954400000000143e-02
1.646727499999999997e-02
1.605828800000000042e-02
1.561940399999999993e-02
1.515692499999999991e-02
1.467132999999999979e-02
1.415779399999999959e-02
1.362494600000000063e-02
1.311627100000000053e-02
1.269498299999999996e-02
1.269498299999999996e-02
1.269498299999999996e-02
1.269498299999999996e-02
1.269498299999999996e-02
