6.824934700000000186e+06
6.824934700000000186e+06
6.824934700000000186e+06
6.824934700000000186e+06
6.824934700000000186e+06
6.824934700000000186e+06
6.824934700000000186e+06
6.824934700000000186e+06
6.824934700000000186e+06
6.824934700000000186e+06
6.824934700000000186e+06
6.824934700000000186e+06
6.824934700000000186e+06
6.824934700000000186e+06
6.824934700000000186e+06
6.824934700000000186e+06
6.824934700000000186e+06
6.824934700000000186e+06
6.824934700000000186e+06
6.824934700000000186e+06
6.824934700000000186e+06
6.824934700000000186e+06
6.824934700000000186e+06
6.824934700000000186e+06
6.824934700000000186e+06
6.824934700000000186e+06
6.824934700000000186e+06
6.824934700000000186e+06
6.824934700000000186e+06
6.824934700000000186e+06
6.824934700000000186e+06
6.824934700000000186e+06
6.824934700000000186e+06
6.824934700000000186e+06
6.824934700000000186e+06
6.824934700000000186e+06
6.824934700000000186e+06
6.824934700000000186e+06
6.824934700000000186e+06
6.824934700000000186e+06
6.824934700000000186e+06
6.427202000000000000e+06
5.993555599999999627e+06
5.542684400000000373e+06
5.087277500000000000e+06
4.635000900000000373e+06
4.189195799999999814e+06
3.750575799999999814e+06
3.320381200000000186e+06
2.902815600000000093e+06
2.507370799999999814e+06
2.149894000000000000e+06
1.829731600000000093e+06
1.545745000000000000e+06
1.297911699999999953e+06
1.086279600000000093e+06
9.101889399999999441e+05
7.679499100000000326e+05
6.568976400000000140e+05
5.736877199999999721e+05
5.146665000000000000e+05
4.762063400000000256e+05
4.549630900000000256e+05
4.480265200000000186e+05
4.529678200000000070e+05
4.678034500000000116e+05
4.909177500000000000e+05
5.209369199999999837e+05
5.565227099999999627e+05
5.961211700000000419e+05
6.375931800000000512e+05
6.776928900000000140e+05
7.118619100000000326e+05
7.351346199999999953e+05
7.432289399999999441e+05
7.333261300000000047e+05
7.048744200000000419e+05
6.613947099999999627e+05
6.117480699999999488e+05
5.634844100000000326e+05
5.186601199999999953e+05
4.770079199999999837e+05
4.382192399999999907e+05
4.021492600000000093e+05
3.686870200000000186e+05
3.377332899999999790e+05
3.091846400000000140e+05
2.829178800000000047e+05
2.587960100000000093e+05
2.366760400000000081e+05
2.164139100000000035e+05
1.978685400000000081e+05
1.809050499999999884e+05
1.653961099999999860e+05
1.512212500000000000e+05
1.382670299999999988e+05
1.264289400000000023e+05
1.156117400000000052e+05
1.057275500000000029e+05
9.669539599999999336e+04
8.844101600000000326e+04
8.089653800000000047e+04
7.400016099999999278e+04
6.769553200000000652e+04
6.193121699999999691e+04
5.666034900000000198e+04
5.184023099999999977e+04
4.743203899999999703e+04
4.340028199999999924e+04
3.971249799999999959e+04
3.633901600000000326e+04
3.325287299999999959e+04
3.042946299999999974e+04
2.784632300000000032e+04
2.548296800000000076e+04
2.332073500000000058e+04
2.134263000000000102e+04
1.953312800000000061e+04
1.787793000000000029e+04
1.636385699999999997e+04
1.636385699999999997e+04
1.636385699999999997e+04
1.636385699999999997e+04
1.636385699999999997e+04
