# Jane Fox 2015 "Water..."
1.000000000000000008e-50
1.000000000000000008e-50
1.000000000000000008e-50
1.000000000000000008e-50
1.000000000000000008e-50
1.000000000000000008e-50
1.000000000000000008e-50
1.000000000000000008e-50
1.000000000000000008e-50
1.000000000000000008e-50
1.000000000000000008e-50
1.000000000000000008e-50
1.000000000000000008e-50
1.000000000000000008e-50
1.000000000000000008e-50
1.000000000000000008e-50
1.000000000000000008e-50
1.000000000000000008e-50
1.000000000000000008e-50
1.000000000000000008e-50
1.000000000000000008e-50
1.000000000000000008e-50
1.000000000000000008e-50
1.000000000000000008e-50
1.000000000000000008e-50
1.000000000000000008e-50
1.000000000000000008e-50
1.000000000000000008e-50
1.000000000000000008e-50
1.000000000000000008e-50
1.000000000000000008e-50
1.000000000000000008e-50
1.000000000000000008e-50
1.000000000000000008e-50
1.000000000000000008e-50
1.000000000000000008e-50
1.000000000000000008e-50
1.000000000000000008e-50
1.000000000000000008e-50
1.000000000000000008e-50
1.000000000000000008e-50
1.000000000000000008e-50
1.000000000000000008e-50
1.000000000000000008e-50
1.000000000000000008e-50
1.000000000000000008e-50
1.000000000000000008e-50
1.000000000000000008e-50
1.000000000000000008e-50
1.000000000000000008e-50
2.184856578967031004e-01
3.484204788938142228e-01
5.741753034210224094e-01
8.538974672483571338e-01
1.175351199884491438e+00
1.542108998777960149e+00
2.085317382864197100e+00
2.778934418878792112e+00
3.832315973803605669e+00
5.173574036386074937e+00
7.184275167391852790e+00
9.864740393102412241e+00
1.350032660664389894e+01
1.915727841177961466e+01
2.568517172858777897e+01
3.389737703753043263e+01
4.210958234647308984e+01
5.425205881346920478e+01
6.615857126212343076e+01
7.610136561051845661e+01
8.604415995891349667e+01
9.598695430730853673e+01
1.059813071465052587e+02
1.160846735455770187e+02
1.261880399446487786e+02
1.362914063437205243e+02
1.446548644284064835e+02
1.512795257572458070e+02
1.579041870860851304e+02
1.645288484149244539e+02
1.711535097437637774e+02
1.783315525205734104e+02
1.868746422059278132e+02
1.954177318912822159e+02
2.039608215766366186e+02
2.125039112619910213e+02
2.221227635948508805e+02
2.323059504313201558e+02
2.424891372677894310e+02
2.526723241042587063e+02
2.628555109407279815e+02
2.764101111602892047e+02
2.954682712787249557e+02
3.145264313971607635e+02
3.335845915155965713e+02
3.560744057494395065e+02
3.886985409693624547e+02
4.213226761892854029e+02
4.539468114092082942e+02
4.918884710467847867e+02
5.307626666528487931e+02
5.696368622589128563e+02
6.053489857361273607e+02
6.373639689544577323e+02
6.693789521727879901e+02
7.013939353911182479e+02
7.301967440225813561e+02
7.445635707321451946e+02
7.589303974417090330e+02
7.732972241512728715e+02
7.876640508608367099e+02
8.012741032938081389e+02
8.030485654597160874e+02
8.048230276256239222e+02
8.065974897915318707e+02
8.083719519574397054e+02
8.100092667968576734e+02
8.019495919020915835e+02
7.938899170073254936e+02
7.858302421125592900e+02
7.777705672177932001e+02
7.697108923230271103e+02
7.616512174282610204e+02
7.529097455264497967e+02
7.431370334236967210e+02
